[
  {
    "cwd": "/Users/jiangheng/Desktop/work-code/xxd-h5",
    "base": "/Users/jiangheng/Desktop/work-code/xxd-h5/src/mods/",
    "contents": {
      "type": "Buffer",
      "data": [
        137,
        80,
        78,
        71,
        13,
        10,
        26,
        10,
        0,
        0,
        0,
        13,
        73,
        72,
        68,
        82,
        0,
        0,
        0,
        90,
        0,
        0,
        0,
        40,
        8,
        3,
        0,
        0,
        0,
        73,
        156,
        29,
        250,
        0,
        0,
        0,
        114,
        80,
        76,
        84,
        69,
        56,
        127,
        238,
        56,
        127,
        238,
        56,
        127,
        238,
        56,
        127,
        238,
        56,
        127,
        238,
        56,
        127,
        238,
        56,
        127,
        238,
        56,
        127,
        238,
        56,
        127,
        238,
        56,
        127,
        238,
        56,
        127,
        238,
        56,
        127,
        238,
        56,
        127,
        238,
        56,
        127,
        238,
        56,
        127,
        238,
        56,
        127,
        238,
        56,
        127,
        238,
        56,
        127,
        238,
        56,
        127,
        238,
        56,
        127,
        238,
        56,
        127,
        238,
        56,
        127,
        238,
        56,
        127,
        238,
        56,
        127,
        238,
        56,
        127,
        238,
        56,
        127,
        238,
        56,
        127,
        238,
        56,
        127,
        238,
        56,
        127,
        238,
        56,
        127,
        238,
        56,
        127,
        238,
        56,
        127,
        238,
        56,
        127,
        238,
        56,
        127,
        238,
        56,
        127,
        238,
        56,
        127,
        238,
        56,
        127,
        238,
        56,
        127,
        238,
        111,
        159,
        244,
        67,
        0,
        0,
        0,
        37,
        116,
        82,
        78,
        83,
        0,
        1,
        8,
        9,
        10,
        12,
        22,
        40,
        44,
        50,
        66,
        91,
        96,
        125,
        127,
        128,
        129,
        141,
        158,
        159,
        163,
        168,
        195,
        196,
        198,
        211,
        214,
        217,
        218,
        219,
        220,
        222,
        244,
        245,
        249,
        251,
        252,
        208,
        222,
        35,
        175,
        0,
        0,
        0,
        142,
        73,
        68,
        65,
        84,
        72,
        199,
        237,
        214,
        57,
        22,
        130,
        64,
        20,
        68,
        209,
        103,
        211,
        206,
        3,
        56,
        33,
        14,
        128,
        10,
        181,
        255,
        45,
        26,
        120,
        220,
        65,
        151,
        81,
        191,
        240,
        7,
        55,
        248,
        81,
        65,
        40,
        219,
        81,
        137,
        27,
        219,
        50,
        64,
        168,
        101,
        169,
        14,
        236,
        100,
        106,
        203,
        221,
        69,
        63,
        24,
        92,
        244,
        128,
        108,
        101,
        58,
        211,
        153,
        206,
        116,
        166,
        51,
        157,
        233,
        255,
        209,
        198,
        177,
        96,
        156,
        56,
        198,
        97,
        86,
        52,
        30,
        185,
        41,
        32,
        86,
        93,
        250,
        17,
        220,
        85,
        17,
        0,
        246,
        191,
        211,
        105,
        74,
        226,
        206,
        95,
        248,
        181,
        33,
        121,
        23,
        73,
        210,
        109,
        145,
        94,
        166,
        151,
        164,
        99,
        52,
        200,
        147,
        183,
        244,
        52,
        60,
        3,
        152,
        73,
        215,
        185,
        69,
        102,
        169,
        67,
        244,
        200,
        172,
        214,
        22,
        246,
        3,
        113,
        173,
        162,
        254,
        122,
        126,
        124,
        137,
        0,
        0,
        0,
        0,
        73,
        69,
        78,
        68,
        174,
        66,
        96,
        130
      ]
    },
    "stat": {
      "dev": 16777220,
      "mode": 33188,
      "nlink": 1,
      "uid": 501,
      "gid": 20,
      "rdev": 0,
      "blksize": 4194304,
      "ino": 2088818,
      "size": 1247,
      "blocks": 8,
      "atime": "2018-04-17T07:59:11.797Z",
      "mtime": "2018-03-22T08:50:41.050Z",
      "ctime": "2018-03-22T08:50:41.050Z",
      "birthtime": "2018-03-22T08:50:41.049Z"
    },
    "history": [
      "/Users/jiangheng/Desktop/work-code/xxd-h5/src/mods/product/imgs/toast@2x.png"
    ],
    "path": "/Users/jiangheng/Desktop/work-code/xxd-h5/src/mods/product/imgs/toast@2x.png",
    "gulpCache$filePathChangedInsideTask": false,
    "gulpCache$fileBaseChangedInsideTask": false,
    "gulpCache$originalPath": "/Users/jiangheng/Desktop/work-code/xxd-h5/src/mods/product/imgs/toast@2x.png",
    "gulpCache$originalBase": "/Users/jiangheng/Desktop/work-code/xxd-h5/src/mods/"
  }
]