[
  {
    "cwd": "/Users/jiangheng/Desktop/work-code/xxd-h5",
    "base": "/Users/jiangheng/Desktop/work-code/xxd-h5/src/mods/",
    "contents": {
      "type": "Buffer",
      "data": [
        137,
        80,
        78,
        71,
        13,
        10,
        26,
        10,
        0,
        0,
        0,
        13,
        73,
        72,
        68,
        82,
        0,
        0,
        0,
        38,
        0,
        0,
        0,
        40,
        8,
        6,
        0,
        0,
        0,
        146,
        55,
        136,
        222,
        0,
        0,
        3,
        11,
        73,
        68,
        65,
        84,
        120,
        218,
        204,
        152,
        75,
        104,
        83,
        65,
        20,
        134,
        211,
        91,
        209,
        162,
        224,
        99,
        81,
        55,
        93,
        232,
        162,
        86,
        145,
        32,
        181,
        130,
        15,
        138,
        96,
        170,
        46,
        10,
        34,
        136,
        20,
        165,
        162,
        168,
        20,
        161,
        46,
        108,
        176,
        16,
        124,
        108,
        213,
        165,
        162,
        21,
        209,
        165,
        138,
        138,
        88,
        220,
        40,
        21,
        55,
        193,
        7,
        136,
        40,
        130,
        208,
        8,
        85,
        233,
        195,
        7,
        138,
        130,
        136,
        86,
        45,
        17,
        218,
        244,
        63,
        122,
        70,
        147,
        235,
        36,
        247,
        204,
        157,
        201,
        141,
        7,
        126,
        206,
        37,
        204,
        100,
        190,
        156,
        153,
        123,
        114,
        230,
        84,
        229,
        114,
        185,
        216,
        255,
        104,
        83,
        194,
        78,
        156,
        127,
        203,
        91,
        8,
        151,
        128,
        154,
        32,
        122,
        158,
        13,
        205,
        130,
        190,
        67,
        163,
        208,
        75,
        40,
        3,
        221,
        133,
        30,
        67,
        227,
        186,
        239,
        25,
        105,
        157,
        176,
        7,
        3,
        12,
        45,
        222,
        1,
        237,
        130,
        22,
        7,
        12,
        95,
        145,
        247,
        252,
        1,
        186,
        12,
        245,
        64,
        195,
        146,
        181,
        170,
        36,
        91,
        9,
        160,
        105,
        112,
        221,
        80,
        138,
        163,
        18,
        214,
        40,
        106,
        231,
        161,
        131,
        208,
        199,
        82,
        17,
        243,
        4,
        80,
        141,
        112,
        79,
        161,
        163,
        150,
        80,
        100,
        213,
        208,
        110,
        232,
        57,
        180,
        181,
        212,
        64,
        47,
        0,
        106,
        59,
        220,
        67,
        104,
        145,
        227,
        179,
        77,
        71,
        226,
        10,
        116,
        18,
        107,
        84,
        27,
        109,
        37,
        38,
        236,
        163,
        137,
        17,
        188,
        128,
        87,
        161,
        109,
        216,
        210,
        241,
        192,
        136,
        1,
        106,
        71,
        68,
        80,
        100,
        91,
        160,
        115,
        129,
        17,
        3,
        212,
        50,
        184,
        7,
        208,
        212,
        136,
        83,
        87,
        39,
        162,
        118,
        86,
        11,
        6,
        168,
        26,
        184,
        126,
        168,
        190,
        2,
        57,
        53,
        11,
        53,
        2,
        110,
        64,
        183,
        149,
        169,
        10,
        65,
        145,
        81,
        74,
        58,
        253,
        207,
        25,
        227,
        228,
        153,
        10,
        152,
        252,
        5,
        58,
        14,
        189,
        54,
        92,
        116,
        140,
        207,
        236,
        64,
        192,
        184,
        181,
        224,
        72,
        248,
        35,
        182,
        23,
        154,
        17,
        48,
        177,
        7,
        161,
        166,
        68,
        219,
        12,
        13,
        26,
        64,
        109,
        128,
        146,
        80,
        151,
        96,
        252,
        1,
        63,
        216,
        78,
        193,
        164,
        54,
        252,
        162,
        90,
        192,
        189,
        197,
        243,
        26,
        1,
        156,
        130,
        74,
        115,
        114,
        221,
        35,
        88,
        99,
        61,
        214,
        168,
        243,
        120,
        27,
        151,
        192,
        45,
        16,
        76,
        162,
        63,
        235,
        180,
        16,
        206,
        15,
        117,
        1,
        218,
        44,
        249,
        155,
        132,
        54,
        169,
        136,
        181,
        24,
        156,
        151,
        184,
        0,
        78,
        7,
        213,
        110,
        176,
        70,
        66,
        129,
        45,
        53,
        60,
        204,
        127,
        224,
        224,
        253,
        112,
        182,
        80,
        100,
        77,
        10,
        172,
        33,
        196,
        235,
        29,
        231,
        197,
        243,
        225,
        250,
        29,
        64,
        145,
        205,
        83,
        245,
        216,
        220,
        144,
        185,
        71,
        193,
        181,
        48,
        28,
        85,
        34,
        19,
        150,
        80,
        191,
        206,
        153,
        138,
        216,
        116,
        139,
        196,
        72,
        112,
        55,
        249,
        89,
        21,
        87,
        199,
        44,
        160,
        10,
        18,
        108,
        214,
        226,
        59,
        198,
        184,
        240,
        43,
        200,
        119,
        6,
        121,
        174,
        36,
        216,
        103,
        11,
        168,
        252,
        51,
        117,
        196,
        119,
        230,
        6,
        109,
        193,
        134,
        29,
        64,
        209,
        153,
        58,
        172,
        121,
        33,
        194,
        192,
        125,
        82,
        96,
        153,
        48,
        80,
        200,
        99,
        186,
        183,
        47,
        238,
        0,
        46,
        163,
        192,
        238,
        133,
        129,
        226,
        178,
        88,
        247,
        246,
        217,
        194,
        221,
        81,
        96,
        247,
        161,
        175,
        142,
        160,
        92,
        192,
        245,
        121,
        124,
        133,
        202,
        114,
        237,
        29,
        100,
        167,
        132,
        80,
        197,
        224,
        146,
        130,
        53,
        94,
        96,
        141,
        71,
        249,
        213,
        133,
        164,
        198,
        95,
        7,
        168,
        102,
        190,
        225,
        180,
        27,
        228,
        185,
        52,
        71,
        172,
        77,
        48,
        254,
        132,
        174,
        180,
        238,
        21,
        86,
        0,
        229,
        178,
        55,
        84,
        229,
        208,
        14,
        250,
        75,
        235,
        110,
        62,
        71,
        149,
        178,
        36,
        31,
        171,
        194,
        154,
        31,
        31,
        190,
        130,
        219,
        95,
        33,
        168,
        75,
        88,
        255,
        122,
        209,
        123,
        37,
        95,
        161,
        46,
        70,
        12,
        69,
        121,
        180,
        83,
        210,
        34,
        160,
        142,
        206,
        237,
        136,
        160,
        70,
        160,
        86,
        4,
        100,
        52,
        16,
        12,
        131,
        126,
        194,
        109,
        132,
        122,
        203,
        12,
        245,
        12,
        90,
        205,
        149,
        176,
        172,
        169,
        194,
        112,
        116,
        125,
        63,
        84,
        172,
        233,
        230,
        160,
        103,
        177,
        74,
        7,
        101,
        210,
        31,
        163,
        182,
        193,
        25,
        104,
        185,
        3,
        160,
        119,
        156,
        104,
        175,
        89,
        245,
        199,
        120,
        242,
        19,
        184,
        149,
        116,
        123,
        225,
        190,
        70,
        24,
        27,
        226,
        123,
        101,
        189,
        130,
        42,
        89,
        194,
        134,
        105,
        14,
        35,
        130,
        13,
        12,
        169,
        122,
        176,
        181,
        154,
        97,
        223,
        98,
        127,
        123,
        176,
        55,
        248,
        7,
        229,
        52,
        63,
        218,
        29,
        152,
        15,
        146,
        220,
        28,
        214,
        76,
        232,
        71,
        236,
        119,
        115,
        248,
        189,
        112,
        55,
        202,
        3,
        86,
        46,
        155,
        20,
        96,
        0,
        92,
        153,
        30,
        201,
        203,
        98,
        43,
        254,
        0,
        0,
        0,
        0,
        73,
        69,
        78,
        68,
        174,
        66,
        96,
        130
      ]
    },
    "stat": {
      "dev": 16777220,
      "mode": 33188,
      "nlink": 1,
      "uid": 501,
      "gid": 20,
      "rdev": 0,
      "blksize": 4194304,
      "ino": 2088671,
      "size": 1693,
      "blocks": 8,
      "atime": "2018-04-17T07:59:11.790Z",
      "mtime": "2018-03-22T08:50:41.015Z",
      "ctime": "2018-03-22T08:50:41.015Z",
      "birthtime": "2018-03-22T08:50:41.015Z"
    },
    "history": [
      "/Users/jiangheng/Desktop/work-code/xxd-h5/src/mods/login/imgs/clear_icon@3x.png"
    ],
    "path": "/Users/jiangheng/Desktop/work-code/xxd-h5/src/mods/login/imgs/clear_icon@3x.png",
    "gulpCache$filePathChangedInsideTask": false,
    "gulpCache$fileBaseChangedInsideTask": false,
    "gulpCache$originalPath": "/Users/jiangheng/Desktop/work-code/xxd-h5/src/mods/login/imgs/clear_icon@3x.png",
    "gulpCache$originalBase": "/Users/jiangheng/Desktop/work-code/xxd-h5/src/mods/"
  },
  {
    "cwd": "/Users/jiangheng/Desktop/work-code/xxd-h5",
    "base": "/Users/jiangheng/Desktop/work-code/xxd-h5/src/mods/",
    "contents": {
      "type": "Buffer",
      "data": [
        137,
        80,
        78,
        71,
        13,
        10,
        26,
        10,
        0,
        0,
        0,
        13,
        73,
        72,
        68,
        82,
        0,
        0,
        0,
        38,
        0,
        0,
        0,
        40,
        8,
        6,
        0,
        0,
        0,
        146,
        55,
        136,
        222,
        0,
        0,
        3,
        11,
        73,
        68,
        65,
        84,
        120,
        218,
        204,
        152,
        75,
        104,
        83,
        65,
        20,
        134,
        211,
        91,
        209,
        162,
        224,
        99,
        81,
        55,
        93,
        232,
        162,
        86,
        145,
        32,
        181,
        130,
        15,
        138,
        96,
        170,
        46,
        10,
        34,
        136,
        20,
        165,
        162,
        168,
        20,
        161,
        46,
        108,
        176,
        16,
        124,
        108,
        213,
        165,
        162,
        21,
        209,
        165,
        138,
        138,
        88,
        220,
        40,
        21,
        55,
        193,
        7,
        136,
        40,
        130,
        208,
        8,
        85,
        233,
        195,
        7,
        138,
        130,
        136,
        86,
        45,
        17,
        218,
        244,
        63,
        122,
        70,
        147,
        235,
        36,
        247,
        204,
        157,
        201,
        141,
        7,
        126,
        206,
        37,
        204,
        100,
        190,
        156,
        153,
        123,
        114,
        230,
        84,
        229,
        114,
        185,
        216,
        255,
        104,
        83,
        194,
        78,
        156,
        127,
        203,
        91,
        8,
        151,
        128,
        154,
        32,
        122,
        158,
        13,
        205,
        130,
        190,
        67,
        163,
        208,
        75,
        40,
        3,
        221,
        133,
        30,
        67,
        227,
        186,
        239,
        25,
        105,
        157,
        176,
        7,
        3,
        12,
        45,
        222,
        1,
        237,
        130,
        22,
        7,
        12,
        95,
        145,
        247,
        252,
        1,
        186,
        12,
        245,
        64,
        195,
        146,
        181,
        170,
        36,
        91,
        9,
        160,
        105,
        112,
        221,
        80,
        138,
        163,
        18,
        214,
        40,
        106,
        231,
        161,
        131,
        208,
        199,
        82,
        17,
        243,
        4,
        80,
        141,
        112,
        79,
        161,
        163,
        150,
        80,
        100,
        213,
        208,
        110,
        232,
        57,
        180,
        181,
        212,
        64,
        47,
        0,
        106,
        59,
        220,
        67,
        104,
        145,
        227,
        179,
        77,
        71,
        226,
        10,
        116,
        18,
        107,
        84,
        27,
        109,
        37,
        38,
        236,
        163,
        137,
        17,
        188,
        128,
        87,
        161,
        109,
        216,
        210,
        241,
        192,
        136,
        1,
        106,
        71,
        68,
        80,
        100,
        91,
        160,
        115,
        129,
        17,
        3,
        212,
        50,
        184,
        7,
        208,
        212,
        136,
        83,
        87,
        39,
        162,
        118,
        86,
        11,
        6,
        168,
        26,
        184,
        126,
        168,
        190,
        2,
        57,
        53,
        11,
        53,
        2,
        110,
        64,
        183,
        149,
        169,
        10,
        65,
        145,
        81,
        74,
        58,
        253,
        207,
        25,
        227,
        228,
        153,
        10,
        152,
        252,
        5,
        58,
        14,
        189,
        54,
        92,
        116,
        140,
        207,
        236,
        64,
        192,
        184,
        181,
        224,
        72,
        248,
        35,
        182,
        23,
        154,
        17,
        48,
        177,
        7,
        161,
        166,
        68,
        219,
        12,
        13,
        26,
        64,
        109,
        128,
        146,
        80,
        151,
        96,
        252,
        1,
        63,
        216,
        78,
        193,
        164,
        54,
        252,
        162,
        90,
        192,
        189,
        197,
        243,
        26,
        1,
        156,
        130,
        74,
        115,
        114,
        221,
        35,
        88,
        99,
        61,
        214,
        168,
        243,
        120,
        27,
        151,
        192,
        45,
        16,
        76,
        162,
        63,
        235,
        180,
        16,
        206,
        15,
        117,
        1,
        218,
        44,
        249,
        155,
        132,
        54,
        169,
        136,
        181,
        24,
        156,
        151,
        184,
        0,
        78,
        7,
        213,
        110,
        176,
        70,
        66,
        129,
        45,
        53,
        60,
        204,
        127,
        224,
        224,
        253,
        112,
        182,
        80,
        100,
        77,
        10,
        172,
        33,
        196,
        235,
        29,
        231,
        197,
        243,
        225,
        250,
        29,
        64,
        145,
        205,
        83,
        245,
        216,
        220,
        144,
        185,
        71,
        193,
        181,
        48,
        28,
        85,
        34,
        19,
        150,
        80,
        191,
        206,
        153,
        138,
        216,
        116,
        139,
        196,
        72,
        112,
        55,
        249,
        89,
        21,
        87,
        199,
        44,
        160,
        10,
        18,
        108,
        214,
        226,
        59,
        198,
        184,
        240,
        43,
        200,
        119,
        6,
        121,
        174,
        36,
        216,
        103,
        11,
        168,
        252,
        51,
        117,
        196,
        119,
        230,
        6,
        109,
        193,
        134,
        29,
        64,
        209,
        153,
        58,
        172,
        121,
        33,
        194,
        192,
        125,
        82,
        96,
        153,
        48,
        80,
        200,
        99,
        186,
        183,
        47,
        238,
        0,
        46,
        163,
        192,
        238,
        133,
        129,
        226,
        178,
        88,
        247,
        246,
        217,
        194,
        221,
        81,
        96,
        247,
        161,
        175,
        142,
        160,
        92,
        192,
        245,
        121,
        124,
        133,
        202,
        114,
        237,
        29,
        100,
        167,
        132,
        80,
        197,
        224,
        146,
        130,
        53,
        94,
        96,
        141,
        71,
        249,
        213,
        133,
        164,
        198,
        95,
        7,
        168,
        102,
        190,
        225,
        180,
        27,
        228,
        185,
        52,
        71,
        172,
        77,
        48,
        254,
        132,
        174,
        180,
        238,
        21,
        86,
        0,
        229,
        178,
        55,
        84,
        229,
        208,
        14,
        250,
        75,
        235,
        110,
        62,
        71,
        149,
        178,
        36,
        31,
        171,
        194,
        154,
        31,
        31,
        190,
        130,
        219,
        95,
        33,
        168,
        75,
        88,
        255,
        122,
        209,
        123,
        37,
        95,
        161,
        46,
        70,
        12,
        69,
        121,
        180,
        83,
        210,
        34,
        160,
        142,
        206,
        237,
        136,
        160,
        70,
        160,
        86,
        4,
        100,
        52,
        16,
        12,
        131,
        126,
        194,
        109,
        132,
        122,
        203,
        12,
        245,
        12,
        90,
        205,
        149,
        176,
        172,
        169,
        194,
        112,
        116,
        125,
        63,
        84,
        172,
        233,
        230,
        160,
        103,
        177,
        74,
        7,
        101,
        210,
        31,
        163,
        182,
        193,
        25,
        104,
        185,
        3,
        160,
        119,
        156,
        104,
        175,
        89,
        245,
        199,
        120,
        242,
        19,
        184,
        149,
        116,
        123,
        225,
        190,
        70,
        24,
        27,
        226,
        123,
        101,
        189,
        130,
        42,
        89,
        194,
        134,
        105,
        14,
        35,
        130,
        13,
        12,
        169,
        122,
        176,
        181,
        154,
        97,
        223,
        98,
        127,
        123,
        176,
        55,
        248,
        7,
        229,
        52,
        63,
        218,
        29,
        152,
        15,
        146,
        220,
        28,
        214,
        76,
        232,
        71,
        236,
        119,
        115,
        248,
        189,
        112,
        55,
        202,
        3,
        86,
        46,
        155,
        20,
        96,
        0,
        92,
        153,
        30,
        201,
        203,
        98,
        43,
        254,
        0,
        0,
        0,
        0,
        73,
        69,
        78,
        68,
        174,
        66,
        96,
        130
      ]
    },
    "stat": {
      "dev": 16777220,
      "mode": 33188,
      "nlink": 1,
      "uid": 501,
      "gid": 20,
      "rdev": 0,
      "blksize": 4194304,
      "ino": 2088859,
      "size": 1693,
      "blocks": 8,
      "atime": "2018-04-17T07:59:11.799Z",
      "mtime": "2018-03-22T08:50:41.058Z",
      "ctime": "2018-03-22T08:50:41.058Z",
      "birthtime": "2018-03-22T08:50:41.058Z"
    },
    "history": [
      "/Users/jiangheng/Desktop/work-code/xxd-h5/src/mods/register/imgs/clear_icon@3x.png"
    ],
    "path": "/Users/jiangheng/Desktop/work-code/xxd-h5/src/mods/register/imgs/clear_icon@3x.png",
    "gulpCache$filePathChangedInsideTask": true,
    "gulpCache$fileBaseChangedInsideTask": false,
    "gulpCache$originalPath": "/Users/jiangheng/Desktop/work-code/xxd-h5/src/mods/login/imgs/clear_icon@3x.png",
    "gulpCache$originalBase": "/Users/jiangheng/Desktop/work-code/xxd-h5/src/mods/"
  }
]