[
  {
    "cwd": "/Users/jiangheng/Desktop/work-code/xxd-h5",
    "base": "/Users/jiangheng/Desktop/work-code/xxd-h5/src/mods/",
    "contents": {
      "type": "Buffer",
      "data": [
        137,
        80,
        78,
        71,
        13,
        10,
        26,
        10,
        0,
        0,
        0,
        13,
        73,
        72,
        68,
        82,
        0,
        0,
        0,
        60,
        0,
        0,
        0,
        60,
        8,
        6,
        0,
        0,
        0,
        58,
        252,
        217,
        114,
        0,
        0,
        6,
        123,
        73,
        68,
        65,
        84,
        104,
        129,
        237,
        155,
        75,
        136,
        28,
        85,
        20,
        134,
        255,
        115,
        111,
        85,
        191,
        166,
        123,
        30,
        201,
        152,
        140,
        97,
        204,
        196,
        49,
        160,
        33,
        168,
        137,
        73,
        16,
        95,
        160,
        11,
        17,
        220,
        42,
        136,
        226,
        34,
        46,
        52,
        32,
        168,
        137,
        4,
        124,
        160,
        27,
        193,
        69,
        136,
        46,
        212,
        77,
        64,
        112,
        33,
        174,
        13,
        65,
        68,
        5,
        55,
        62,
        32,
        11,
        3,
        1,
        65,
        99,
        94,
        134,
        25,
        181,
        141,
        10,
        211,
        201,
        76,
        247,
        116,
        215,
        235,
        30,
        23,
        85,
        213,
        93,
        85,
        221,
        93,
        93,
        147,
        84,
        79,
        247,
        12,
        249,
        225,
        210,
        143,
        186,
        117,
        251,
        124,
        115,
        170,
        238,
        57,
        247,
        212,
        29,
        218,
        121,
        232,
        2,
        86,
        32,
        90,
        225,
        247,
        105,
        139,
        87,
        248,
        125,
        155,
        180,
        4,
        125,
        40,
        240,
        74,
        145,
        239,
        6,
        45,
        246,
        26,
        161,
        5,
        29,
        11,
        223,
        11,
        152,
        34,
        77,
        32,
        12,
        14,
        172,
        62,
        60,
        71,
        222,
        51,
        0,
        21,
        120,
        31,
        237,
        19,
        82,
        28,
        112,
        16,
        82,
        20,
        43,
        219,
        238,
        37,
        37,
        223,
        7,
        176,
        11,
        128,
        126,
        61,
        22,
        167,
        40,
        3,
        224,
        147,
        74,
        218,
        7,
        107,
        227,
        243,
        103,
        224,
        130,
        43,
        239,
        88,
        71,
        104,
        209,
        101,
        160,
        16,
        108,
        225,
        234,
        244,
        109,
        164,
        228,
        151,
        0,
        246,
        97,
        120,
        96,
        1,
        32,
        11,
        208,
        195,
        194,
        209,
        191,
        201,
        47,
        77,
        77,
        194,
        179,
        23,
        237,
        87,
        97,
        83,
        221,
        128,
        129,
        22,
        176,
        20,
        78,
        230,
        48,
        128,
        82,
        218,
        214,
        166,
        168,
        205,
        210,
        202,
        191,
        0,
        64,
        34,
        6,
        22,
        72,
        230,
        97,
        73,
        140,
        7,
        82,
        55,
        49,
        101,
        17,
        232,
        65,
        184,
        192,
        43,
        246,
        112,
        116,
        86,
        150,
        0,
        141,
        244,
        195,
        200,
        148,
        85,
        64,
        24,
        184,
        163,
        162,
        192,
        161,
        123,
        215,
        27,
        32,
        73,
        232,
        26,
        6,
        121,
        206,
        9,
        1,
        183,
        129,
        107,
        145,
        3,
        157,
        96,
        53,
        22,
        206,
        215,
        0,
        54,
        49,
        88,
        7,
        177,
        70,
        44,
        182,
        144,
        146,
        59,
        251,
        105,
        253,
        74,
        197,
        225,
        176,
        9,
        132,
        99,
        115,
        83,
        26,
        58,
        192,
        22,
        43,
        51,
        143,
        0,
        52,
        11,
        176,
        100,
        98,
        93,
        9,
        251,
        34,
        72,
        253,
        201,
        196,
        57,
        38,
        5,
        43,
        119,
        229,
        51,
        189,
        49,
        126,
        191,
        110,
        20,
        15,
        172,
        6,
        76,
        50,
        113,
        183,
        60,
        33,
        164,
        160,
        135,
        5,
        0,
        81,
        90,
        152,
        61,
        10,
        166,
        151,
        17,
        56,
        16,
        149,
        110,
        140,
        44,
        214,
        75,
        151,
        15,
        107,
        86,
        254,
        2,
        41,
        185,
        61,
        69,
        171,
        211,
        84,
        236,
        164,
        213,
        186,
        119,
        153,
        158,
        75,
        48,
        214,
        168,
        110,
        140,
        237,
        102,
        97,
        159,
        75,
        205,
        188,
        244,
        212,
        51,
        44,
        69,
        82,
        71,
        78,
        180,
        154,
        96,
        97,
        149,
        193,
        98,
        52,
        21,
        19,
        211,
        83,
        207,
        52,
        55,
        56,
        3,
        19,
        0,
        114,
        244,
        198,
        1,
        97,
        103,
        223,
        33,
        208,
        12,
        0,
        98,
        112,
        244,
        190,
        48,
        149,
        102,
        252,
        96,
        235,
        245,
        223,
        245,
        198,
        216,
        222,
        244,
        109,
        238,
        175,
        218,
        66,
        206,
        242,
        104,
        249,
        60,
        128,
        253,
        0,
        178,
        0,
        114,
        0,
        114,
        153,
        250,
        196,
        237,
        196,
        148,
        103,
        98,
        9,
        55,
        243,
        154,
        206,
        85,
        55,
        29,
        241,
        142,
        175,
        41,
        249,
        192,
        193,
        85,
        135,
        2,
        224,
        120,
        205,
        6,
        96,
        101,
        235,
        19,
        31,
        128,
        233,
        230,
        193,
        152,
        152,
        174,
        52,
        132,
        215,
        147,
        62,
        180,
        3,
        192,
        130,
        31,
        147,
        57,
        249,
        2,
        123,
        216,
        21,
        245,
        112,
        208,
        203,
        205,
        166,
        164,
        253,
        57,
        152,
        54,
        192,
        187,
        164,
        137,
        105,
        11,
        41,
        237,
        62,
        12,
        79,
        33,
        32,
        177,
        162,
        247,
        48,
        147,
        146,
        52,
        114,
        117,
        250,
        113,
        128,
        102,
        25,
        172,
        129,
        88,
        3,
        184,
        202,
        66,
        53,
        224,
        126,
        86,
        70,
        110,
        241,
        184,
        102,
        22,
        190,
        211,
        141,
        210,
        27,
        3,
        177,
        186,
        187,
        122,
        94,
        137,
        81,
        96,
        42,
        86,
        102,
        62,
        2,
        220,
        88,
        220,
        205,
        125,
        121,
        43,
        191,
        220,
        40,
        254,
        243,
        146,
        102,
        21,
        206,
        144,
        146,
        59,
        174,
        215,
        202,
        148,
        21,
        11,
        29,
        77,
        60,
        8,
        160,
        39,
        19,
        12,
        90,
        208,
        140,
        209,
        123,
        88,
        56,
        23,
        175,
        215,
        186,
        62,
        40,
        182,
        252,
        212,
        41,
        241,
        248,
        53,
        201,
        168,
        74,
        51,
        230,
        161,
        196,
        198,
        84,
        76,
        188,
        38,
        241,
        18,
        147,
        186,
        196,
        164,
        46,
        50,
        169,
        115,
        32,
        158,
        67,
        107,
        225,
        19,
        172,
        124,
        132,
        150,
        139,
        109,
        137,
        135,
        157,
        169,
        61,
        47,
        173,
        194,
        155,
        0,
        221,
        10,
        55,
        233,
        8,
        255,
        81,
        136,
        77,
        71,
        107,
        124,
        175,
        164,
        241,
        175,
        80,
        227,
        123,
        86,
        137,
        46,
        36,
        71,
        51,
        190,
        170,
        143,
        150,
        63,
        209,
        140,
        226,
        36,
        177,
        52,
        137,
        69,
        157,
        88,
        212,
        243,
        75,
        83,
        119,
        19,
        203,
        6,
        49,
        217,
        76,
        234,
        175,
        229,
        209,
        114,
        25,
        110,
        196,
        241,
        197,
        180,
        243,
        208,
        133,
        224,
        114,
        80,
        2,
        200,
        192,
        77,
        58,
        154,
        137,
        71,
        182,
        54,
        185,
        135,
        64,
        5,
        128,
        37,
        3,
        82,
        40,
        125,
        90,
        179,
        242,
        207,
        130,
        105,
        211,
        106,
        195,
        50,
        169,
        191,
        107,
        19,
        115,
        7,
        71,
        174,
        220,
        242,
        58,
        41,
        109,
        119,
        76,
        87,
        155,
        73,
        61,
        83,
        221,
        112,
        233,
        4,
        90,
        17,
        135,
        187,
        133,
        165,
        102,
        210,
        1,
        64,
        100,
        140,
        209,
        119,
        135,
        37,
        241,
        96,
        105,
        255,
        156,
        93,
        222,
        120,
        87,
        15,
        88,
        0,
        208,
        136,
        197,
        219,
        0,
        190,
        240,
        79,
        5,
        90,
        137,
        7,
        224,
        130,
        18,
        90,
        176,
        173,
        123,
        97,
        168,
        18,
        15,
        54,
        133,
        147,
        217,
        154,
        176,
        243,
        14,
        184,
        140,
        54,
        34,
        30,
        110,
        142,
        134,
        176,
        151,
        29,
        0,
        10,
        132,
        42,
        24,
        85,
        175,
        11,
        1,
        148,
        131,
        123,
        249,
        15,
        70,
        156,
        248,
        183,
        53,
        175,
        41,
        184,
        206,
        107,
        3,
        6,
        0,
        150,
        118,
        78,
        102,
        234,
        99,
        211,
        44,
        84,
        134,
        73,
        101,
        141,
        124,
        229,
        69,
        144,
        202,
        49,
        113,
        86,
        9,
        203,
        102,
        82,
        122,
        190,
        186,
        249,
        21,
        225,
        232,
        15,
        165,
        197,
        208,
        71,
        133,
        234,
        92,
        109,
        192,
        197,
        133,
        109,
        79,
        16,
        203,
        99,
        0,
        186,
        86,
        42,
        89,
        56,
        167,
        150,
        75,
        229,
        247,
        10,
        139,
        211,
        59,
        136,
        105,
        178,
        111,
        166,
        166,
        163,
        96,
        173,
        154,
        218,
        42,
        30,
        196,
        242,
        8,
        98,
        96,
        1,
        128,
        148,
        220,
        155,
        173,
        111,
        216,
        199,
        194,
        58,
        221,
        87,
        83,
        99,
        76,
        88,
        65,
        223,
        80,
        28,
        238,
        144,
        120,
        36,
        158,
        160,
        6,
        183,
        112,
        160,
        80,
        108,
        141,
        83,
        91,
        191,
        96,
        93,
        154,
        0,
        16,
        11,
        251,
        45,
        0,
        203,
        113,
        163,
        176,
        112,
        78,
        155,
        249,
        202,
        73,
        82,
        250,
        174,
        228,
        86,
        166,
        36,
        38,
        161,
        132,
        245,
        71,
        162,
        190,
        196,
        151,
        208,
        122,
        178,
        8,
        160,
        195,
        61,
        92,
        157,
        152,
        59,
        33,
        28,
        253,
        91,
        221,
        40,
        205,
        48,
        113,
        14,
        164,
        178,
        12,
        206,
        184,
        171,
        38,
        72,
        37,
        44,
        131,
        133,
        82,
        249,
        197,
        169,
        87,
        137,
        233,
        166,
        180,
        56,
        146,
        138,
        148,
        118,
        167,
        81,
        40,
        127,
        172,
        153,
        133,
        223,
        136,
        229,
        29,
        49,
        93,
        149,
        146,
        214,
        135,
        112,
        189,
        220,
        204,
        51,
        130,
        192,
        205,
        144,
        164,
        164,
        101,
        24,
        133,
        133,
        57,
        120,
        153,
        86,
        113,
        97,
        246,
        56,
        49,
        77,
        121,
        181,
        95,
        0,
        148,
        197,
        128,
        158,
        72,
        16,
        139,
        173,
        249,
        165,
        169,
        167,
        106,
        19,
        243,
        175,
        233,
        141,
        177,
        237,
        196,
        194,
        127,
        154,
        201,
        96,
        178,
        8,
        100,
        18,
        139,
        186,
        18,
        214,
        239,
        70,
        97,
        225,
        44,
        252,
        208,
        26,
        73,
        60,
        58,
        101,
        89,
        205,
        196,
        131,
        220,
        73,
        172,
        56,
        44,
        235,
        125,
        105,
        231,
        158,
        46,
        86,
        182,
        61,
        202,
        164,
        202,
        0,
        0,
        6,
        179,
        80,
        231,
        107,
        227,
        243,
        71,
        1,
        212,
        3,
        205,
        68,
        43,
        233,
        104,
        75,
        45,
        85,
        96,
        204,
        208,
        211,
        195,
        225,
        202,
        180,
        60,
        49,
        77,
        18,
        203,
        86,
        72,
        84,
        100,
        3,
        88,
        2,
        208,
        0,
        96,
        120,
        205,
        68,
        23,
        15,
        55,
        79,
        131,
        11,
        106,
        35,
        8,
        188,
        54,
        196,
        112,
        97,
        125,
        96,
        11,
        46,
        71,
        16,
        56,
        228,
        97,
        95,
        254,
        84,
        238,
        63,
        141,
        75,
        26,
        2,
        6,
        45,
        134,
        11,
        233,
        131,
        250,
        176,
        161,
        73,
        75,
        68,
        78,
        80,
        93,
        94,
        135,
        239,
        146,
        110,
        23,
        163,
        5,
        218,
        17,
        22,
        232,
        252,
        64,
        60,
        184,
        19,
        38,
        184,
        45,
        104,
        45,
        40,
        90,
        113,
        13,
        193,
        2,
        241,
        123,
        60,
        124,
        173,
        21,
        88,
        95,
        157,
        182,
        53,
        53,
        149,
        4,
        120,
        173,
        41,
        214,
        65,
        235,
        13,
        184,
        231,
        213,
        184,
        222,
        128,
        123,
        234,
        6,
        240,
        122,
        215,
        13,
        224,
        245,
        174,
        245,
        6,
        220,
        51,
        35,
        92,
        111,
        192,
        64,
        143,
        84,
        56,
        9,
        48,
        131,
        80,
        79,
        207,
        158,
        190,
        201,
        140,
        124,
        94,
        209,
        126,
        233,
        80,
        81,
        128,
        161,
        78,
        165,
        104,
        88,
        127,
        68,
        234,
        39,
        36,
        88,
        236,
        196,
        121,
        184,
        185,
        253,
        193,
        206,
        212,
        142,
        193,
        93,
        99,
        14,
        171,
        42,
        102,
        110,
        241,
        83,
        68,
        10,
        118,
        157,
        148,
        196,
        195,
        78,
        163,
        248,
        223,
        89,
        59,
        83,
        219,
        239,
        85,
        1,
        135,
        74,
        76,
        234,
        23,
        43,
        187,
        180,
        223,
        204,
        87,
        46,
        35,
        178,
        216,
        71,
        151,
        205,
        165,
        109,
        99,
        160,
        181,
        171,
        167,
        185,
        163,
        167,
        94,
        186,
        252,
        35,
        128,
        199,
        224,
        22,
        246,
        252,
        34,
        94,
        236,
        222,
        228,
        62,
        201,
        183,
        203,
        130,
        123,
        213,
        53,
        224,
        214,
        175,
        44,
        68,
        202,
        57,
        157,
        212,
        173,
        242,
        24,
        44,
        234,
        249,
        229,
        30,
        4,
        126,
        168,
        142,
        214,
        51,
        155,
        65,
        40,
        184,
        181,
        202,
        244,
        90,
        20,
        184,
        35,
        116,
        92,
        169,
        53,
        90,
        216,
        243,
        43,
        10,
        38,
        194,
        91,
        10,
        6,
        161,
        224,
        246,
        42,
        191,
        186,
        225,
        191,
        198,
        78,
        90,
        113,
        30,
        6,
        218,
        129,
        131,
        37,
        92,
        96,
        176,
        192,
        93,
        247,
        149,
        225,
        26,
        61,
        236,
        15,
        28,
        172,
        111,
        173,
        133,
        127,
        212,
        138,
        245,
        240,
        255,
        33,
        235,
        157,
        64,
        233,
        214,
        48,
        6,
        0,
        0,
        0,
        0,
        73,
        69,
        78,
        68,
        174,
        66,
        96,
        130
      ]
    },
    "stat": {
      "dev": 16777220,
      "mode": 33188,
      "nlink": 1,
      "uid": 501,
      "gid": 20,
      "rdev": 0,
      "blksize": 4194304,
      "ino": 2088709,
      "size": 2059,
      "blocks": 8,
      "atime": "2018-04-17T07:59:11.792Z",
      "mtime": "2018-03-22T08:50:41.022Z",
      "ctime": "2018-03-22T08:50:41.022Z",
      "birthtime": "2018-03-22T08:50:41.022Z"
    },
    "history": [
      "/Users/jiangheng/Desktop/work-code/xxd-h5/src/mods/mypurse/imgs/record@2x.png"
    ],
    "path": "/Users/jiangheng/Desktop/work-code/xxd-h5/src/mods/mypurse/imgs/record@2x.png",
    "gulpCache$filePathChangedInsideTask": false,
    "gulpCache$fileBaseChangedInsideTask": false,
    "gulpCache$originalPath": "/Users/jiangheng/Desktop/work-code/xxd-h5/src/mods/mypurse/imgs/record@2x.png",
    "gulpCache$originalBase": "/Users/jiangheng/Desktop/work-code/xxd-h5/src/mods/"
  }
]