[
  {
    "cwd": "/Users/jiangheng/Desktop/work-code/xxd-h5",
    "base": "/Users/jiangheng/Desktop/work-code/xxd-h5/src/mods/",
    "contents": {
      "type": "Buffer",
      "data": [
        137,
        80,
        78,
        71,
        13,
        10,
        26,
        10,
        0,
        0,
        0,
        13,
        73,
        72,
        68,
        82,
        0,
        0,
        0,
        48,
        0,
        0,
        0,
        34,
        8,
        6,
        0,
        0,
        0,
        25,
        28,
        90,
        23,
        0,
        0,
        3,
        173,
        73,
        68,
        65,
        84,
        88,
        195,
        213,
        152,
        107,
        72,
        84,
        81,
        16,
        199,
        239,
        186,
        107,
        166,
        89,
        102,
        133,
        97,
        42,
        150,
        36,
        69,
        72,
        88,
        84,
        100,
        17,
        21,
        209,
        195,
        138,
        232,
        67,
        20,
        84,
        98,
        79,
        179,
        140,
        66,
        162,
        82,
        236,
        1,
        18,
        21,
        4,
        101,
        16,
        8,
        133,
        38,
        37,
        68,
        80,
        244,
        248,
        80,
        80,
        129,
        8,
        22,
        100,
        165,
        161,
        21,
        161,
        189,
        168,
        140,
        30,
        246,
        196,
        71,
        154,
        187,
        246,
        31,
        253,
        111,
        28,
        174,
        187,
        238,
        181,
        125,
        112,
        29,
        248,
        177,
        115,
        118,
        118,
        135,
        115,
        238,
        156,
        51,
        51,
        231,
        90,
        50,
        14,
        124,
        214,
        92,
        72,
        24,
        216,
        4,
        18,
        52,
        247,
        114,
        10,
        188,
        160,
        190,
        26,
        76,
        211,
        2,
        43,
        109,
        160,
        192,
        166,
        117,
        118,
        234,
        13,
        54,
        112,
        27,
        204,
        240,
        224,
        224,
        170,
        178,
        128,
        5,
        32,
        93,
        11,
        188,
        56,
        108,
        150,
        158,
        11,
        88,
        97,
        96,
        242,
        102,
        16,
        7,
        40,
        67,
        4,
        28,
        122,
        195,
        120,
        173,
        127,
        72,
        62,
        184,
        229,
        106,
        1,
        111,
        64,
        185,
        1,
        7,
        63,
        20,
        189,
        10,
        12,
        245,
        243,
        132,
        35,
        192,
        44,
        96,
        229,
        88,
        182,
        185,
        102,
        201,
        204,
        125,
        167,
        245,
        35,
        89,
        6,
        174,
        81,
        63,
        10,
        114,
        109,
        154,
        195,
        209,
        159,
        22,
        112,
        29,
        188,
        7,
        177,
        32,
        7,
        216,
        113,
        136,
        29,
        201,
        76,
        137,
        99,
        193,
        64,
        55,
        127,
        204,
        5,
        133,
        212,
        143,
        128,
        173,
        1,
        156,
        180,
        204,
        109,
        159,
        50,
        254,
        173,
        232,
        217,
        136,
        128,
        125,
        47,
        148,
        153,
        30,
        156,
        132,
        40,
        122,
        40,
        247,
        99,
        160,
        100,
        174,
        162,
        239,
        224,
        131,
        118,
        74,
        179,
        68,
        96,
        180,
        137,
        183,
        140,
        36,
        148,
        253,
        212,
        215,
        131,
        147,
        138,
        237,
        53,
        200,
        144,
        51,
        16,
        106,
        210,
        201,
        183,
        130,
        233,
        224,
        19,
        199,
        11,
        21,
        91,
        11,
        43,
        127,
        163,
        205,
        226,
        176,
        155,
        245,
        233,
        183,
        235,
        82,
        245,
        99,
        176,
        138,
        250,
        119,
        153,
        188,
        40,
        65,
        93,
        117,
        192,
        183,
        220,
        237,
        197,
        214,
        6,
        202,
        12,
        250,
        137,
        0,
        21,
        154,
        36,
        153,
        238,
        241,
        113,
        80,
        72,
        61,
        6,
        228,
        137,
        238,
        203,
        8,
        72,
        115,
        181,
        146,
        169,
        238,
        52,
        216,
        236,
        226,
        55,
        89,
        160,
        8,
        172,
        3,
        103,
        13,
        248,
        156,
        2,
        174,
        128,
        49,
        140,
        200,
        118,
        54,
        142,
        146,
        68,
        14,
        129,
        38,
        95,
        214,
        1,
        89,
        192,
        3,
        37,
        91,
        76,
        5,
        201,
        138,
        253,
        6,
        39,
        47,
        242,
        161,
        15,
        126,
        7,
        41,
        186,
        228,
        255,
        112,
        101,
        156,
        42,
        17,
        104,
        241,
        209,
        2,
        134,
        128,
        203,
        96,
        14,
        115,
        181,
        52,
        133,
        15,
        217,
        98,
        124,
        3,
        27,
        249,
        187,
        40,
        80,
        98,
        208,
        231,
        77,
        22,
        44,
        145,
        17,
        224,
        142,
        210,
        74,
        136,
        212,
        4,
        33,
        2,
        89,
        160,
        8,
        180,
        119,
        69,
        195,
        59,
        82,
        192,
        9,
        234,
        47,
        65,
        58,
        245,
        76,
        240,
        17,
        88,
        64,
        41,
        136,
        54,
        224,
        235,
        21,
        88,
        10,
        106,
        56,
        78,
        3,
        137,
        138,
        61,
        27,
        228,
        161,
        14,
        216,
        171,
        121,
        121,
        57,
        47,
        237,
        169,
        244,
        71,
        94,
        70,
        98,
        27,
        168,
        0,
        23,
        120,
        30,
        38,
        130,
        90,
        218,
        118,
        131,
        249,
        6,
        253,
        216,
        117,
        115,
        177,
        234,
        236,
        103,
        192,
        159,
        32,
        57,
        196,
        164,
        28,
        84,
        41,
        227,
        255,
        161,
        21,
        252,
        4,
        199,
        64,
        52,
        191,
        171,
        229,
        103,
        20,
        216,
        69,
        187,
        221,
        128,
        175,
        68,
        112,
        9,
        140,
        226,
        184,
        24,
        220,
        87,
        236,
        57,
        192,
        170,
        63,
        196,
        141,
        94,
        60,
        249,
        102,
        48,
        156,
        135,
        217,
        149,
        200,
        221,
        117,
        36,
        117,
        57,
        224,
        149,
        6,
        124,
        46,
        7,
        145,
        60,
        87,
        114,
        142,
        214,
        130,
        122,
        218,
        164,
        63,
        250,
        165,
        166,
        209,
        112,
        47,
        239,
        181,
        142,
        94,
        38,
        175,
        151,
        175,
        125,
        240,
        27,
        163,
        171,
        192,
        170,
        164,
        56,
        35,
        16,
        201,
        204,
        16,
        233,
        197,
        2,
        6,
        131,
        167,
        178,
        47,
        149,
        61,
        188,
        8,
        124,
        1,
        19,
        64,
        105,
        87,
        225,
        236,
        150,
        97,
        6,
        125,
        74,
        37,
        222,
        163,
        248,
        215,
        103,
        175,
        26,
        137,
        64,
        62,
        83,
        85,
        176,
        15,
        82,
        105,
        11,
        183,
        146,
        83,
        156,
        135,
        176,
        3,
        188,
        213,
        69,
        43,
        206,
        131,
        175,
        38,
        48,
        153,
        77,
        155,
        200,
        26,
        93,
        2,
        144,
        7,
        114,
        88,
        174,
        148,
        75,
        124,
        52,
        249,
        54,
        54,
        95,
        174,
        74,
        123,
        29,
        247,
        179,
        83,
        164,
        192,
        85,
        123,
        240,
        215,
        160,
        76,
        94,
        100,
        128,
        206,
        46,
        93,
        106,
        187,
        68,
        192,
        234,
        163,
        66,
        22,
        194,
        23,
        2,
        13,
        110,
        238,
        205,
        177,
        108,
        1,
        228,
        97,
        165,
        24,
        240,
        55,
        142,
        149,
        123,
        39,
        163,
        81,
        194,
        43,
        229,
        60,
        218,
        183,
        248,
        227,
        74,
        249,
        68,
        55,
        78,
        226,
        185,
        136,
        211,
        109,
        33,
        163,
        178,
        129,
        17,
        205,
        144,
        140,
        3,
        22,
        51,
        154,
        241,
        220,
        246,
        207,
        229,
        66,
        227,
        207,
        150,
        56,
        216,
        77,
        17,
        234,
        139,
        36,
        41,
        122,
        7,
        155,
        186,
        127,
        183,
        53,
        185,
        82,
        250,
        115,
        1,
        179,
        217,
        11,
        197,
        123,
        113,
        35,
        203,
        87,
        198,
        147,
        192,
        61,
        34,
        111,
        228,
        138,
        253,
        29,
        129,
        2,
        47,
        254,
        91,
        199,
        9,
        171,
        185,
        255,
        17,
        91,
        113,
        229,
        61,
        168,
        121,
        95,
        171,
        212,
        187,
        40,
        92,
        61,
        196,
        213,
        187,
        81,
        179,
        72,
        42,
        72,
        99,
        147,
        233,
        126,
        1,
        168,
        3,
        141,
        38,
        93,
        128,
        84,
        237,
        115,
        60,
        180,
        23,
        123,
        91,
        64,
        165,
        146,
        91,
        205,
        40,
        9,
        158,
        182,
        208,
        65,
        124,
        62,
        99,
        174,
        118,
        190,
        192,
        10,
        211,
        85,
        62,
        181,
        106,
        150,
        7,
        112,
        242,
        237,
        236,
        251,
        221,
        202,
        95,
        202,
        101,
        14,
        99,
        54,
        231,
        197,
        254,
        0,
        0,
        0,
        0,
        73,
        69,
        78,
        68,
        174,
        66,
        96,
        130
      ]
    },
    "stat": {
      "dev": 16777220,
      "mode": 33188,
      "nlink": 1,
      "uid": 501,
      "gid": 20,
      "rdev": 0,
      "blksize": 4194304,
      "ino": 2088723,
      "size": 1863,
      "blocks": 8,
      "atime": "2018-04-17T07:59:11.792Z",
      "mtime": "2018-03-22T08:50:41.028Z",
      "ctime": "2018-03-22T08:50:41.028Z",
      "birthtime": "2018-03-22T08:50:41.028Z"
    },
    "history": [
      "/Users/jiangheng/Desktop/work-code/xxd-h5/src/mods/mypurse/imgs/yhj@2x.png"
    ],
    "path": "/Users/jiangheng/Desktop/work-code/xxd-h5/src/mods/mypurse/imgs/yhj@2x.png",
    "gulpCache$filePathChangedInsideTask": false,
    "gulpCache$fileBaseChangedInsideTask": false,
    "gulpCache$originalPath": "/Users/jiangheng/Desktop/work-code/xxd-h5/src/mods/mypurse/imgs/yhj@2x.png",
    "gulpCache$originalBase": "/Users/jiangheng/Desktop/work-code/xxd-h5/src/mods/"
  }
]