[
  {
    "cwd": "/Users/jiangheng/Desktop/work-code/xxd-h5",
    "base": "/Users/jiangheng/Desktop/work-code/xxd-h5/src/mods/",
    "contents": {
      "type": "Buffer",
      "data": [
        137,
        80,
        78,
        71,
        13,
        10,
        26,
        10,
        0,
        0,
        0,
        13,
        73,
        72,
        68,
        82,
        0,
        0,
        0,
        36,
        0,
        0,
        0,
        40,
        8,
        6,
        0,
        0,
        0,
        150,
        194,
        88,
        227,
        0,
        0,
        3,
        78,
        73,
        68,
        65,
        84,
        120,
        218,
        204,
        152,
        89,
        108,
        76,
        81,
        24,
        199,
        167,
        211,
        91,
        98,
        173,
        212,
        214,
        18,
        84,
        74,
        34,
        82,
        66,
        20,
        137,
        23,
        91,
        208,
        120,
        168,
        53,
        81,
        111,
        182,
        72,
        52,
        17,
        130,
        137,
        7,
        38,
        161,
        141,
        229,
        65,
        168,
        61,
        241,
        128,
        7,
        17,
        18,
        145,
        136,
        8,
        17,
        17,
        75,
        5,
        181,
        52,
        30,
        44,
        165,
        118,
        45,
        170,
        29,
        67,
        165,
        150,
        134,
        241,
        255,
        244,
        127,
        227,
        58,
        185,
        119,
        230,
        220,
        185,
        51,
        29,
        255,
        228,
        151,
        230,
        206,
        237,
        61,
        231,
        127,
        207,
        61,
        231,
        251,
        190,
        115,
        210,
        70,
        151,
        54,
        250,
        60,
        168,
        47,
        216,
        8,
        102,
        128,
        30,
        224,
        53,
        56,
        6,
        54,
        129,
        79,
        58,
        13,
        84,
        6,
        179,
        254,
        185,
        246,
        187,
        232,
        188,
        3,
        232,
        106,
        185,
        30,
        11,
        238,
        129,
        197,
        52,
        35,
        234,
        7,
        2,
        224,
        22,
        24,
        192,
        223,
        210,
        64,
        55,
        208,
        94,
        167,
        147,
        88,
        134,
        58,
        130,
        245,
        224,
        9,
        104,
        230,
        91,
        215,
        131,
        189,
        224,
        20,
        232,
        238,
        240,
        220,
        96,
        112,
        14,
        28,
        2,
        97,
        240,
        17,
        124,
        3,
        85,
        96,
        25,
        72,
        119,
        234,
        208,
        136,
        98,
        166,
        39,
        184,
        0,
        134,
        219,
        252,
        94,
        162,
        241,
        178,
        67,
        136,
        85,
        35,
        192,
        62,
        48,
        7,
        20,
        241,
        37,
        181,
        71,
        232,
        176,
        141,
        153,
        68,
        105,
        50,
        216,
        236,
        230,
        147,
        245,
        7,
        211,
        125,
        201,
        213,
        18,
        144,
        161,
        107,
        104,
        160,
        47,
        249,
        234,
        4,
        178,
        117,
        13,
        213,
        181,
        129,
        161,
        239,
        92,
        32,
        90,
        134,
        100,
        85,
        93,
        74,
        178,
        161,
        35,
        52,
        165,
        61,
        169,
        23,
        130,
        231,
        73,
        50,
        115,
        19,
        172,
        114,
        27,
        135,
        94,
        128,
        66,
        240,
        53,
        129,
        70,
        90,
        192,
        58,
        48,
        1,
        124,
        118,
        107,
        72,
        34,
        241,
        101,
        70,
        232,
        68,
        73,
        86,
        213,
        176,
        104,
        253,
        58,
        221,
        40,
        162,
        153,
        236,
        36,
        124,
        174,
        98,
        112,
        133,
        1,
        86,
        203,
        144,
        152,
        57,
        161,
        155,
        123,
        226,
        212,
        40,
        112,
        209,
        206,
        148,
        106,
        104,
        28,
        179,
        117,
        70,
        27,
        44,
        251,
        124,
        73,
        77,
        99,
        202,
        66,
        153,
        78,
        134,
        122,
        113,
        100,
        116,
        230,
        204,
        195,
        24,
        229,
        197,
        99,
        16,
        210,
        104,
        71,
        82,
        211,
        81,
        152,
        74,
        179,
        51,
        180,
        31,
        228,
        104,
        52,
        82,
        207,
        134,
        10,
        64,
        173,
        205,
        253,
        211,
        156,
        184,
        243,
        52,
        71,
        74,
        82,
        212,
        26,
        213,
        208,
        52,
        48,
        91,
        179,
        1,
        41,
        57,
        198,
        131,
        26,
        38,
        201,
        6,
        197,
        204,
        92,
        240,
        195,
        69,
        123,
        162,
        50,
        140,
        82,
        158,
        213,
        208,
        6,
        23,
        15,
        167,
        179,
        227,
        73,
        160,
        154,
        127,
        27,
        20,
        51,
        91,
        89,
        247,
        232,
        74,
        22,
        80,
        217,
        159,
        106,
        14,
        37,
        172,
        204,
        248,
        219,
        113,
        76,
        202,
        38,
        48,
        133,
        81,
        119,
        16,
        120,
        101,
        49,
        179,
        54,
        142,
        246,
        126,
        74,
        82,
        151,
        17,
        154,
        21,
        231,
        42,
        233,
        2,
        206,
        51,
        128,
        214,
        120,
        52,
        99,
        142,
        252,
        124,
        131,
        97,
        92,
        87,
        17,
        16,
        84,
        38,
        179,
        185,
        16,
        164,
        110,
        126,
        196,
        28,
        104,
        106,
        38,
        55,
        0,
        186,
        154,
        106,
        216,
        148,
        153,
        209,
        84,
        199,
        74,
        47,
        98,
        115,
        47,
        204,
        42,
        83,
        205,
        135,
        110,
        12,
        229,
        27,
        81,
        10,
        117,
        167,
        109,
        207,
        13,
        240,
        86,
        9,
        3,
        75,
        89,
        212,
        237,
        80,
        254,
        191,
        192,
        229,
        103,
        235,
        109,
        196,
        241,
        173,
        175,
        130,
        55,
        150,
        107,
        51,
        107,
        127,
        177,
        169,
        161,
        50,
        249,
        18,
        218,
        50,
        88,
        94,
        232,
        102,
        244,
        90,
        107,
        16,
        83,
        244,
        1,
        148,
        43,
        191,
        221,
        97,
        34,
        213,
        85,
        179,
        24,
        122,
        15,
        114,
        93,
        124,
        178,
        51,
        172,
        40,
        77,
        73,
        138,
        40,
        229,
        189,
        128,
        146,
        150,
        10,
        93,
        142,
        126,
        163,
        193,
        149,
        145,
        235,
        226,
        33,
        117,
        55,
        242,
        146,
        134,
        36,
        115,
        175,
        240,
        152,
        112,
        171,
        253,
        12,
        108,
        255,
        139,
        170,
        252,
        12,
        110,
        94,
        212,
        153,
        161,
        63,
        39,
        1,
        134,
        206,
        202,
        39,
        187,
        14,
        158,
        130,
        188,
        56,
        27,
        145,
        176,
        241,
        142,
        231,
        0,
        94,
        36,
        225,
        163,
        194,
        207,
        32,
        87,
        238,
        177,
        49,
        137,
        210,
        237,
        60,
        182,
        177,
        167,
        50,
        152,
        213,
        98,
        102,
        251,
        3,
        204,
        71,
        169,
        146,
        172,
        244,
        221,
        214,
        242,
        67,
        18,
        227,
        2,
        240,
        43,
        69,
        134,
        74,
        48,
        58,
        97,
        181,
        98,
        188,
        6,
        150,
        167,
        192,
        204,
        22,
        152,
        57,
        233,
        84,
        228,
        203,
        217,
        205,
        234,
        54,
        52,
        179,
        141,
        27,
        199,
        168,
        219,
        160,
        237,
        44,
        27,
        66,
        73,
        52,
        34,
        197,
        157,
        28,
        5,
        6,
        48,
        58,
        17,
        157,
        141,
        162,
        28,
        215,
        13,
        245,
        181,
        30,
        201,
        37,
        122,
        94,
        29,
        231,
        38,
        224,
        160,
        219,
        173,
        180,
        204,
        252,
        69,
        190,
        214,
        243,
        194,
        157,
        188,
        246,
        18,
        99,
        118,
        177,
        246,
        42,
        102,
        186,
        113,
        204,
        246,
        177,
        244,
        12,
        172,
        228,
        220,
        146,
        250,
        102,
        34,
        24,
        201,
        198,
        251,
        248,
        254,
        158,
        192,
        154,
        165,
        72,
        19,
        59,
        124,
        0,
        238,
        115,
        177,
        220,
        101,
        205,
        28,
        83,
        191,
        5,
        24,
        0,
        86,
        162,
        177,
        7,
        9,
        107,
        72,
        107,
        0,
        0,
        0,
        0,
        73,
        69,
        78,
        68,
        174,
        66,
        96,
        130
      ]
    },
    "stat": {
      "dev": 16777220,
      "mode": 33188,
      "nlink": 1,
      "uid": 501,
      "gid": 20,
      "rdev": 0,
      "blksize": 4194304,
      "ino": 2088650,
      "size": 1760,
      "blocks": 8,
      "atime": "2018-04-17T07:59:11.790Z",
      "mtime": "2018-03-22T08:50:41.001Z",
      "ctime": "2018-03-22T08:50:41.001Z",
      "birthtime": "2018-03-22T08:50:41.001Z"
    },
    "history": [
      "/Users/jiangheng/Desktop/work-code/xxd-h5/src/mods/home/imgs/my_xxd_icon_act@2x.png"
    ],
    "path": "/Users/jiangheng/Desktop/work-code/xxd-h5/src/mods/home/imgs/my_xxd_icon_act@2x.png",
    "gulpCache$filePathChangedInsideTask": false,
    "gulpCache$fileBaseChangedInsideTask": false,
    "gulpCache$originalPath": "/Users/jiangheng/Desktop/work-code/xxd-h5/src/mods/home/imgs/my_xxd_icon_act@2x.png",
    "gulpCache$originalBase": "/Users/jiangheng/Desktop/work-code/xxd-h5/src/mods/"
  }
]