[
  {
    "cwd": "/Users/jiangheng/Desktop/work-code/xxd-h5",
    "base": "/Users/jiangheng/Desktop/work-code/xxd-h5/src/mods/",
    "contents": {
      "type": "Buffer",
      "data": [
        137,
        80,
        78,
        71,
        13,
        10,
        26,
        10,
        0,
        0,
        0,
        13,
        73,
        72,
        68,
        82,
        0,
        0,
        5,
        156,
        0,
        0,
        1,
        10,
        8,
        3,
        0,
        0,
        0,
        161,
        121,
        96,
        215,
        0,
        0,
        1,
        50,
        80,
        76,
        84,
        69,
        199,
        215,
        239,
        199,
        215,
        239,
        199,
        215,
        239,
        199,
        215,
        239,
        199,
        215,
        239,
        199,
        215,
        239,
        199,
        215,
        239,
        199,
        215,
        239,
        208,
        220,
        237,
        199,
        215,
        239,
        199,
        215,
        239,
        199,
        215,
        239,
        212,
        221,
        236,
        199,
        215,
        239,
        211,
        221,
        236,
        199,
        215,
        239,
        199,
        215,
        239,
        204,
        217,
        238,
        199,
        215,
        239,
        199,
        215,
        239,
        199,
        215,
        239,
        199,
        215,
        239,
        218,
        224,
        234,
        199,
        215,
        239,
        199,
        215,
        239,
        199,
        215,
        239,
        199,
        215,
        239,
        199,
        215,
        239,
        199,
        215,
        239,
        199,
        215,
        239,
        223,
        227,
        233,
        199,
        215,
        239,
        199,
        215,
        239,
        221,
        226,
        233,
        199,
        215,
        239,
        222,
        227,
        233,
        199,
        215,
        239,
        199,
        215,
        239,
        226,
        229,
        232,
        199,
        215,
        239,
        199,
        215,
        239,
        199,
        215,
        239,
        199,
        215,
        239,
        199,
        215,
        239,
        199,
        215,
        239,
        223,
        227,
        233,
        199,
        215,
        239,
        199,
        215,
        239,
        199,
        215,
        239,
        199,
        215,
        239,
        199,
        215,
        239,
        199,
        215,
        239,
        199,
        215,
        239,
        228,
        230,
        232,
        226,
        229,
        232,
        229,
        230,
        231,
        229,
        230,
        231,
        229,
        230,
        232,
        229,
        230,
        232,
        230,
        231,
        231,
        229,
        230,
        232,
        229,
        230,
        232,
        230,
        231,
        231,
        230,
        230,
        231,
        230,
        231,
        231,
        230,
        231,
        231,
        230,
        231,
        231,
        230,
        231,
        231,
        231,
        231,
        231,
        230,
        230,
        231,
        230,
        231,
        231,
        230,
        231,
        231,
        231,
        231,
        231,
        230,
        231,
        231,
        231,
        231,
        231,
        231,
        231,
        231,
        231,
        231,
        231,
        231,
        231,
        231,
        231,
        231,
        231,
        231,
        231,
        231,
        231,
        231,
        231,
        231,
        231,
        231,
        231,
        231,
        231,
        234,
        234,
        234,
        236,
        236,
        236,
        237,
        237,
        237,
        238,
        238,
        238,
        241,
        241,
        241,
        242,
        242,
        242,
        243,
        243,
        243,
        244,
        244,
        244,
        245,
        245,
        245,
        246,
        246,
        246,
        247,
        247,
        247,
        248,
        248,
        248,
        249,
        249,
        249,
        250,
        250,
        250,
        251,
        251,
        251,
        252,
        252,
        252,
        253,
        253,
        253,
        254,
        254,
        254,
        255,
        255,
        255,
        46,
        91,
        170,
        30,
        0,
        0,
        0,
        82,
        116,
        82,
        78,
        83,
        0,
        1,
        2,
        3,
        4,
        5,
        6,
        7,
        7,
        8,
        9,
        10,
        10,
        11,
        11,
        12,
        13,
        13,
        14,
        15,
        16,
        17,
        17,
        18,
        19,
        20,
        21,
        22,
        24,
        25,
        25,
        26,
        27,
        27,
        28,
        29,
        30,
        33,
        33,
        34,
        35,
        36,
        37,
        39,
        40,
        40,
        42,
        43,
        44,
        47,
        49,
        51,
        52,
        60,
        65,
        91,
        92,
        93,
        95,
        123,
        128,
        129,
        138,
        141,
        152,
        154,
        155,
        156,
        174,
        178,
        180,
        182,
        211,
        214,
        227,
        229,
        236,
        237,
        238,
        248,
        249,
        250,
        183,
        88,
        59,
        144,
        0,
        0,
        20,
        131,
        73,
        68,
        65,
        84,
        24,
        25,
        237,
        193,
        77,
        143,
        36,
        107,
        98,
        150,
        225,
        251,
        142,
        142,
        62,
        125,
        198,
        51,
        54,
        216,
        128,
        4,
        222,
        128,
        17,
        94,
        178,
        24,
        9,
        36,
        254,
        255,
        22,
        9,
        22,
        136,
        45,
        172,
        144,
        65,
        2,
        217,
        18,
        31,
        158,
        153,
        238,
        174,
        135,
        55,
        50,
        171,
        79,
        87,
        159,
        51,
        93,
        149,
        145,
        21,
        153,
        89,
        85,
        241,
        92,
        151,
        252,
        49,
        82,
        85,
        85,
        215,
        17,
        254,
        8,
        249,
        5,
        25,
        164,
        170,
        170,
        46,
        47,
        12,
        225,
        231,
        228,
        91,
        2,
        2,
        50,
        72,
        85,
        85,
        93,
        74,
        24,
        2,
        4,
        8,
        223,
        144,
        135,
        4,
        4,
        17,
        25,
        164,
        170,
        170,
        46,
        35,
        12,
        33,
        4,
        2,
        132,
        7,
        228,
        43,
        1,
        17,
        125,
        247,
        175,
        127,
        248,
        213,
        252,
        131,
        239,
        168,
        170,
        170,
        75,
        249,
        156,
        63,
        124,
        250,
        251,
        63,
        252,
        167,
        207,
        9,
        33,
        64,
        248,
        137,
        252,
        68,
        16,
        209,
        191,
        250,
        167,
        191,
        249,
        145,
        170,
        170,
        186,
        134,
        223,
        253,
        159,
        255,
        254,
        95,
        19,
        66,
        32,
        124,
        33,
        95,
        8,
        162,
        254,
        179,
        127,
        249,
        15,
        39,
        170,
        170,
        234,
        90,
        238,
        254,
        238,
        191,
        252,
        77,
        18,
        2,
        225,
        158,
        220,
        19,
        113,
        248,
        237,
        63,
        249,
        129,
        170,
        170,
        186,
        166,
        63,
        252,
        207,
        255,
        144,
        129,
        16,
        142,
        228,
        72,
        68,
        253,
        240,
        111,
        255,
        156,
        133,
        239,
        223,
        207,
        147,
        82,
        85,
        251,
        20,
        146,
        144,
        5,
        9,
        231,
        17,
        241,
        8,
        145,
        250,
        153,
        228,
        238,
        211,
        199,
        143,
        97,
        241,
        183,
        255,
        254,
        247,
        73,
        8,
        225,
        64,
        14,
        68,
        212,
        63,
        255,
        237,
        175,
        25,
        166,
        15,
        127,
        66,
        85,
        237,
        89,
        200,
        61,
        66,
        56,
        139,
        136,
        247,
        144,
        250,
        142,
        255,
        247,
        251,
        59,
        134,
        255,
        251,
        31,
        255,
        54,
        9,
        33,
        44,
        222,
        177,
        16,
        209,
        233,
        87,
        255,
        230,
        55,
        12,
        63,
        254,
        217,
        123,
        170,
        106,
        223,
        114,
        143,
        16,
        206,
        34,
        226,
        61,
        164,
        190,
        231,
        253,
        175,
        242,
        9,
        248,
        225,
        47,
        254,
        199,
        103,
        64,
        100,
        241,
        142,
        65,
        80,
        167,
        119,
        255,
        238,
        207,
        128,
        119,
        127,
        250,
        35,
        85,
        181,
        111,
        225,
        32,
        16,
        194,
        89,
        68,
        188,
        135,
        212,
        35,
        126,
        120,
        255,
        41,
        240,
        195,
        63,
        250,
        111,
        28,
        200,
        240,
        142,
        65,
        28,
        166,
        223,
        254,
        99,
        96,
        254,
        7,
        239,
        168,
        170,
        189,
        203,
        1,
        9,
        225,
        60,
        138,
        71,
        40,
        245,
        168,
        119,
        31,
        254,
        16,
        248,
        241,
        79,
        255,
        134,
        159,
        188,
        3,
        68,
        38,
        167,
        191,
        252,
        231,
        239,
        224,
        221,
        159,
        77,
        84,
        213,
        206,
        133,
        69,
        6,
        194,
        121,
        196,
        123,
        40,
        245,
        4,
        127,
        248,
        24,
        248,
        241,
        247,
        255,
        27,
        34,
        2,
        19,
        7,
        234,
        187,
        191,
        250,
        1,
        248,
        245,
        68,
        85,
        237,
        92,
        200,
        130,
        33,
        156,
        71,
        60,
        2,
        169,
        167,
        77,
        191,
        1,
        230,
        127,
        241,
        78,
        229,
        224,
        29,
        136,
        58,
        189,
        251,
        87,
        127,
        41,
        252,
        248,
        35,
        85,
        181,
        115,
        33,
        12,
        25,
        24,
        34,
        171,
        137,
        162,
        19,
        42,
        200,
        3,
        225,
        26,
        4,
        130,
        172,
        21,
        64,
        194,
        53,
        72,
        144,
        47,
        166,
        124,
        130,
        15,
        252,
        93,
        24,
        132,
        153,
        3,
        245,
        47,
        132,
        233,
        215,
        84,
        85,
        145,
        129,
        33,
        16,
        34,
        43,
        137,
        160,
        162,
        12,
        225,
        234,
        194,
        34,
        220,
        147,
        167,
        132,
        159,
        132,
        235,
        8,
        16,
        126,
        242,
        39,
        127,
        184,
        195,
        191,
        80,
        195,
        98,
        6,
        28,
        166,
        15,
        191,
        1,
        62,
        80,
        85,
        123,
        23,
        18,
        32,
        3,
        231,
        17,
        241,
        8,
        89,
        132,
        219,
        17,
        8,
        242,
        152,
        176,
        8,
        183,
        35,
        124,
        248,
        123,
        248,
        205,
        135,
        223,
        69,
        8,
        204,
        8,
        232,
        244,
        215,
        31,
        192,
        63,
        161,
        170,
        118,
        46,
        4,
        146,
        48,
        4,
        194,
        106,
        34,
        30,
        0,
        49,
        64,
        8,
        55,
        32,
        96,
        64,
        136,
        124,
        95,
        128,
        64,
        128,
        112,
        3,
        178,
        248,
        213,
        239,
        194,
        135,
        191,
        254,
        207,
        119,
        6,
        204,
        12,
        162,
        211,
        244,
        1,
        120,
        79,
        85,
        21,
        185,
        199,
        89,
        68,
        60,
        64,
        32,
        132,
        64,
        184,
        129,
        200,
        194,
        200,
        99,
        2,
        129,
        16,
        8,
        183,
        16,
        1,
        51,
        127,
        132,
        31,
        166,
        41,
        198,
        48,
        3,
        14,
        211,
        143,
        192,
        123,
        170,
        106,
        247,
        114,
        4,
        132,
        3,
        89,
        71,
        60,
        64,
        22,
        9,
        33,
        132,
        65,
        174,
        35,
        12,
        66,
        4,
        140,
        145,
        200,
        247,
        133,
        16,
        66,
        128,
        176,
        144,
        171,
        8,
        131,
        68,
        134,
        247,
        31,
        225,
        87,
        147,
        67,
        96,
        150,
        133,
        239,
        102,
        96,
        166,
        170,
        118,
        46,
        220,
        75,
        88,
        200,
        74,
        130,
        7,
        200,
        34,
        33,
        9,
        97,
        17,
        174,
        40,
        200,
        129,
        49,
        242,
        93,
        1,
        66,
        72,
        8,
        225,
        40,
        92,
        79,
        100,
        225,
        4,
        204,
        239,
        62,
        177,
        112,
        6,
        116,
        154,
        156,
        129,
        137,
        170,
        218,
        187,
        124,
        65,
        56,
        131,
        120,
        15,
        36,
        36,
        100,
        193,
        45,
        196,
        136,
        193,
        200,
        99,
        2,
        33,
        9,
        33,
        220,
        64,
        36,
        194,
        4,
        204,
        78,
        83,
        12,
        204,
        40,
        56,
        57,
        3,
        82,
        85,
        251,
        22,
        134,
        12,
        156,
        203,
        123,
        200,
        16,
        200,
        1,
        16,
        185,
        50,
        99,
        64,
        34,
        143,
        11,
        36,
        33,
        33,
        92,
        89,
        144,
        193,
        112,
        48,
        59,
        9,
        146,
        25,
        80,
        124,
        39,
        32,
        85,
        181,
        115,
        25,
        24,
        66,
        56,
        131,
        2,
        14,
        200,
        65,
        142,
        8,
        16,
        174,
        79,
        2,
        66,
        140,
        124,
        95,
        24,
        18,
        18,
        174,
        46,
        24,
        16,
        4,
        124,
        247,
        9,
        13,
        204,
        44,
        156,
        168,
        170,
        34,
        12,
        89,
        16,
        206,
        160,
        168,
        12,
        242,
        141,
        16,
        22,
        114,
        21,
        97,
        97,
        12,
        200,
        41,
        50,
        64,
        2,
        97,
        33,
        215,
        16,
        22,
        198,
        0,
        114,
        48,
        201,
        98,
        102,
        152,
        38,
        164,
        170,
        118,
        47,
        100,
        96,
        17,
        86,
        9,
        2,
        130,
        247,
        16,
        194,
        65,
        6,
        194,
        65,
        184,
        162,
        24,
        89,
        33,
        64,
        56,
        10,
        215,
        19,
        35,
        16,
        22,
        50,
        77,
        119,
        192,
        196,
        129,
        82,
        85,
        123,
        23,
        14,
        50,
        176,
        74,
        194,
        66,
        252,
        2,
        249,
        133,
        112,
        59,
        225,
        20,
        225,
        250,
        18,
        8,
        95,
        41,
        7,
        19,
        72,
        85,
        21,
        4,
        178,
        96,
        8,
        36,
        172,
        32,
        136,
        95,
        32,
        191,
        36,
        245,
        75,
        202,
        47,
        9,
        19,
        32,
        32,
        85,
        181,
        111,
        129,
        4,
        200,
        192,
        89,
        252,
        2,
        121,
        149,
        4,
        185,
        1,
        249,
        74,
        64,
        96,
        166,
        170,
        234,
        40,
        33,
        9,
        231,
        16,
        20,
        112,
        0,
        121,
        200,
        96,
        12,
        7,
        114,
        5,
        225,
        64,
        228,
        158,
        156,
        192,
        240,
        19,
        185,
        134,
        240,
        144,
        60,
        48,
        113,
        32,
        85,
        181,
        111,
        33,
        144,
        3,
        8,
        171,
        40,
        8,
        42,
        131,
        124,
        17,
        14,
        148,
        123,
        202,
        53,
        200,
        66,
        64,
        78,
        165,
        178,
        144,
        133,
        92,
        133,
        44,
        68,
        6,
        57,
        144,
        131,
        137,
        170,
        170,
        163,
        132,
        131,
        176,
        80,
        86,
        16,
        191,
        64,
        14,
        194,
        67,
        2,
        114,
        37,
        10,
        178,
        134,
        28,
        8,
        2,
        114,
        37,
        114,
        164,
        242,
        173,
        153,
        170,
        170,
        47,
        178,
        128,
        176,
        150,
        8,
        184,
        64,
        94,
        0,
        25,
        4,
        89,
        77,
        174,
        75,
        254,
        152,
        137,
        197,
        68,
        85,
        237,
        93,
        238,
        17,
        86,
        19,
        81,
        89,
        72,
        61,
        203,
        196,
        98,
        162,
        170,
        10,
        194,
        65,
        32,
        132,
        149,
        68,
        188,
        71,
        109,
        98,
        162,
        170,
        106,
        200,
        1,
        9,
        97,
        37,
        17,
        143,
        64,
        106,
        11,
        19,
        85,
        85,
        247,
        146,
        64,
        88,
        77,
        92,
        0,
        82,
        219,
        152,
        168,
        170,
        34,
        64,
        2,
        132,
        53,
        194,
        32,
        56,
        128,
        138,
        212,
        38,
        38,
        170,
        170,
        32,
        9,
        36,
        16,
        86,
        83,
        6,
        149,
        218,
        204,
        68,
        85,
        85,
        88,
        4,
        18,
        214,
        16,
        16,
        240,
        0,
        145,
        218,
        198,
        68,
        85,
        237,
        94,
        8,
        73,
        56,
        74,
        88,
        69,
        60,
        64,
        164,
        54,
        50,
        81,
        85,
        123,
        23,
        32,
        64,
        18,
        32,
        172,
        34,
        200,
        32,
        34,
        181,
        149,
        137,
        170,
        218,
        185,
        64,
        14,
        128,
        176,
        146,
        120,
        132,
        72,
        109,
        102,
        162,
        170,
        118,
        47,
        225,
        76,
        34,
        11,
        21,
        121,
        105,
        2,
        225,
        52,
        225,
        129,
        112,
        123,
        51,
        85,
        181,
        111,
        33,
        144,
        35,
        206,
        224,
        130,
        23,
        38,
        128,
        172,
        23,
        32,
        188,
        4,
        19,
        85,
        181,
        123,
        9,
        95,
        137,
        156,
        74,
        252,
        2,
        121,
        49,
        18,
        134,
        0,
        225,
        84,
        73,
        88,
        36,
        64,
        194,
        173,
        205,
        84,
        213,
        206,
        5,
        200,
        130,
        35,
        121,
        90,
        16,
        16,
        229,
        158,
        108,
        35,
        220,
        76,
        248,
        42,
        108,
        64,
        206,
        55,
        81,
        85,
        123,
        151,
        129,
        33,
        132,
        211,
        132,
        35,
        193,
        35,
        182,
        144,
        129,
        237,
        132,
        112,
        47,
        156,
        34,
        16,
        54,
        148,
        112,
        182,
        137,
        170,
        218,
        181,
        112,
        144,
        4,
        194,
        90,
        30,
        129,
        212,
        166,
        38,
        170,
        106,
        239,
        114,
        64,
        88,
        73,
        1,
        21,
        100,
        19,
        202,
        182,
        228,
        158,
        156,
        66,
        144,
        13,
        41,
        103,
        155,
        169,
        170,
        125,
        75,
        56,
        8,
        97,
        45,
        21,
        80,
        100,
        27,
        178,
        133,
        112,
        32,
        235,
        24,
        126,
        34,
        55,
        54,
        83,
        85,
        187,
        151,
        1,
        194,
        58,
        2,
        30,
        32,
        47,
        138,
        28,
        137,
        202,
        73,
        4,
        130,
        68,
        94,
        134,
        153,
        170,
        218,
        187,
        48,
        132,
        53,
        100,
        80,
        65,
        64,
        182,
        33,
        91,
        9,
        32,
        8,
        168,
        128,
        60,
        202,
        48,
        24,
        132,
        128,
        108,
        36,
        156,
        107,
        166,
        170,
        246,
        44,
        3,
        36,
        16,
        78,
        39,
        32,
        131,
        162,
        108,
        65,
        14,
        100,
        43,
        2,
        162,
        128,
        12,
        242,
        125,
        6,
        129,
        200,
        145,
        108,
        34,
        200,
        16,
        206,
        48,
        83,
        85,
        187,
        23,
        8,
        43,
        137,
        3,
        40,
        242,
        124,
        2,
        50,
        200,
        22,
        228,
        64,
        20,
        65,
        158,
        98,
        144,
        35,
        217,
        82,
        64,
        194,
        106,
        51,
        85,
        181,
        99,
        1,
        18,
        134,
        176,
        138,
        8,
        168,
        32,
        207,
        39,
        8,
        130,
        108,
        73,
        68,
        20,
        249,
        62,
        99,
        140,
        68,
        48,
        108,
        46,
        96,
        88,
        107,
        166,
        170,
        246,
        43,
        36,
        129,
        36,
        64,
        64,
        78,
        36,
        162,
        178,
        17,
        65,
        68,
        16,
        144,
        131,
        240,
        76,
        2,
        34,
        50,
        200,
        35,
        140,
        17,
        12,
        134,
        231,
        145,
        123,
        97,
        17,
        35,
        97,
        189,
        153,
        170,
        218,
        173,
        16,
        134,
        0,
        97,
        13,
        1,
        239,
        177,
        9,
        17,
        17,
        145,
        123,
        178,
        1,
        65,
        228,
        41,
        70,
        142,
        100,
        35,
        6,
        195,
        16,
        206,
        49,
        83,
        85,
        123,
        21,
        32,
        3,
        103,
        80,
        238,
        201,
        38,
        68,
        17,
        145,
        45,
        9,
        8,
        200,
        247,
        25,
        144,
        200,
        246,
        98,
        48,
        198,
        176,
        210,
        76,
        85,
        237,
        87,
        194,
        34,
        172,
        35,
        130,
        7,
        108,
        67,
        16,
        20,
        145,
        45,
        201,
        129,
        60,
        70,
        2,
        66,
        100,
        83,
        145,
        72,
        56,
        199,
        76,
        85,
        237,
        84,
        8,
        100,
        65,
        56,
        81,
        144,
        3,
        15,
        64,
        54,
        163,
        32,
        34,
        91,
        147,
        167,
        24,
        6,
        217,
        80,
        132,
        72,
        192,
        176,
        222,
        76,
        85,
        237,
        87,
        194,
        81,
        88,
        200,
        211,
        34,
        160,
        168,
        160,
        200,
        179,
        68,
        64,
        144,
        65,
        81,
        144,
        163,
        240,
        76,
        114,
        50,
        185,
        23,
        158,
        71,
        142,
        34,
        145,
        128,
        132,
        51,
        204,
        84,
        213,
        62,
        133,
        4,
        178,
        96,
        61,
        1,
        101,
        59,
        178,
        16,
        144,
        123,
        114,
        3,
        178,
        13,
        131,
        1,
        9,
        103,
        153,
        168,
        170,
        253,
        202,
        2,
        194,
        66,
        57,
        141,
        12,
        14,
        136,
        108,
        70,
        6,
        145,
        183,
        65,
        6,
        57,
        215,
        68,
        85,
        237,
        84,
        56,
        74,
        8,
        171,
        56,
        48,
        136,
        108,
        70,
        234,
        129,
        137,
        170,
        218,
        171,
        28,
        177,
        138,
        28,
        184,
        64,
        234,
        66,
        38,
        170,
        106,
        151,
        194,
        34,
        129,
        16,
        78,
        38,
        8,
        200,
        66,
        234,
        82,
        38,
        170,
        106,
        183,
        18,
        72,
        8,
        39,
        147,
        65,
        197,
        129,
        77,
        37,
        212,
        87,
        19,
        85,
        181,
        83,
        9,
        4,
        8,
        171,
        200,
        32,
        131,
        212,
        197,
        76,
        84,
        213,
        62,
        5,
        8,
        9,
        235,
        136,
        3,
        32,
        27,
        147,
        250,
        106,
        162,
        170,
        118,
        43,
        12,
        97,
        13,
        145,
        65,
        69,
        234,
        114,
        38,
        170,
        106,
        175,
        2,
        9,
        144,
        112,
        42,
        17,
        7,
        46,
        32,
        212,
        87,
        19,
        85,
        181,
        71,
        129,
        64,
        32,
        4,
        194,
        233,
        20,
        144,
        186,
        172,
        137,
        170,
        218,
        165,
        4,
        194,
        74,
        162,
        160,
        162,
        92,
        68,
        120,
        83,
        194,
        185,
        38,
        170,
        170,
        214,
        112,
        160,
        46,
        109,
        166,
        170,
        118,
        40,
        12,
        225,
        100,
        1,
        65,
        148,
        133,
        138,
        212,
        5,
        77,
        84,
        213,
        30,
        101,
        224,
        28,
        46,
        168,
        75,
        155,
        168,
        170,
        253,
        9,
        7,
        73,
        56,
        89,
        56,
        82,
        80,
        164,
        46,
        105,
        162,
        170,
        118,
        39,
        132,
        33,
        172,
        229,
        0,
        74,
        93,
        218,
        68,
        85,
        237,
        77,
        128,
        12,
        12,
        225,
        28,
        34,
        117,
        81,
        19,
        85,
        181,
        63,
        225,
        91,
        114,
        50,
        23,
        72,
        93,
        214,
        68,
        85,
        237,
        80,
        88,
        77,
        22,
        114,
        49,
        50,
        200,
        155,
        34,
        231,
        154,
        168,
        170,
        157,
        9,
        129,
        28,
        176,
        144,
        19,
        9,
        2,
        138,
        108,
        79,
        222,
        30,
        57,
        219,
        76,
        85,
        237,
        79,
        120,
        72,
        78,
        32,
        160,
        160,
        32,
        23,
        161,
        212,
        23,
        19,
        85,
        181,
        67,
        73,
        24,
        194,
        137,
        148,
        35,
        169,
        19,
        201,
        115,
        76,
        84,
        213,
        62,
        37,
        172,
        35,
        32,
        32,
        117,
        121,
        19,
        85,
        181,
        55,
        9,
        7,
        97,
        29,
        21,
        20,
        185,
        144,
        80,
        95,
        76,
        84,
        213,
        190,
        4,
        200,
        2,
        66,
        56,
        153,
        44,
        228,
        82,
        66,
        120,
        83,
        2,
        225,
        108,
        19,
        85,
        181,
        83,
        97,
        13,
        17,
        144,
        203,
        9,
        67,
        8,
        111,
        72,
        56,
        215,
        68,
        85,
        237,
        82,
        32,
        132,
        211,
        137,
        202,
        197,
        132,
        69,
        128,
        240,
        22,
        36,
        4,
        72,
        56,
        207,
        76,
        85,
        237,
        79,
        18,
        194,
        26,
        130,
        12,
        42,
        151,
        16,
        25,
        34,
        145,
        176,
        41,
        57,
        77,
        216,
        86,
        8,
        67,
        194,
        57,
        102,
        170,
        106,
        111,
        18,
        22,
        33,
        156,
        74,
        4,
        7,
        54,
        38,
        67,
        100,
        17,
        36,
        6,
        4,
        194,
        243,
        201,
        34,
        32,
        79,
        8,
        247,
        194,
        179,
        9,
        132,
        33,
        36,
        156,
        107,
        166,
        170,
        118,
        38,
        64,
        18,
        86,
        82,
        142,
        228,
        50,
        34,
        193,
        32,
        97,
        27,
        1,
        100,
        136,
        60,
        42,
        44,
        194,
        38,
        194,
        65,
        32,
        16,
        32,
        156,
        97,
        166,
        170,
        246,
        41,
        132,
        83,
        137,
        128,
        3,
        151,
        17,
        137,
        196,
        128,
        97,
        67,
        6,
        132,
        200,
        35,
        194,
        16,
        8,
        91,
        10,
        36,
        36,
        12,
        97,
        173,
        153,
        170,
        218,
        159,
        48,
        132,
        53,
        228,
        64,
        185,
        140,
        72,
        140,
        97,
        83,
        6,
        137,
        16,
        121,
        84,
        32,
        64,
        216,
        80,
        8,
        97,
        8,
        235,
        205,
        84,
        213,
        238,
        4,
        18,
        86,
        114,
        224,
        98,
        98,
        48,
        128,
        97,
        59,
        6,
        131,
        145,
        199,
        4,
        2,
        33,
        16,
        54,
        20,
        8,
        33,
        156,
        99,
        166,
        170,
        118,
        37,
        16,
        8,
        139,
        32,
        167,
        145,
        3,
        229,
        34,
        34,
        67,
        48,
        134,
        237,
        24,
        140,
        64,
        228,
        41,
        33,
        4,
        194,
        134,
        2,
        33,
        156,
        101,
        166,
        170,
        118,
        38,
        16,
        32,
        156,
        34,
        32,
        131,
        11,
        64,
        228,
        34,
        98,
        36,
        134,
        205,
        25,
        129,
        200,
        119,
        4,
        66,
        8,
        33,
        132,
        45,
        5,
        2,
        225,
        12,
        51,
        85,
        181,
        47,
        225,
        139,
        176,
        146,
        114,
        57,
        49,
        24,
        192,
        200,
        34,
        156,
        201,
        112,
        96,
        48,
        18,
        99,
        228,
        9,
        33,
        33,
        16,
        158,
        71,
        142,
        194,
        34,
        64,
        32,
        172,
        54,
        83,
        85,
        123,
        18,
        134,
        112,
        46,
        145,
        75,
        136,
        16,
        9,
        96,
        8,
        207,
        18,
        194,
        3,
        70,
        158,
        18,
        72,
        8,
        129,
        176,
        144,
        51,
        133,
        47,
        194,
        34,
        156,
        103,
        166,
        170,
        118,
        36,
        4,
        2,
        9,
        107,
        57,
        112,
        49,
        17,
        2,
        66,
        216,
        66,
        144,
        96,
        132,
        72,
        228,
        49,
        129,
        0,
        33,
        1,
        2,
        18,
        54,
        17,
        22,
        97,
        189,
        153,
        170,
        218,
        151,
        132,
        69,
        8,
        79,
        11,
        11,
        65,
        25,
        68,
        46,
        36,
        8,
        132,
        205,
        4,
        140,
        1,
        137,
        60,
        41,
        9,
        9,
        97,
        17,
        54,
        20,
        206,
        49,
        83,
        85,
        187,
        147,
        176,
        142,
        114,
        36,
        151,
        19,
        144,
        109,
        132,
        133,
        49,
        114,
        20,
        121,
        68,
        88,
        4,
        2,
        97,
        33,
        155,
        8,
        231,
        154,
        169,
        170,
        253,
        8,
        225,
        39,
        134,
        53,
        28,
        184,
        176,
        176,
        165,
        24,
        25,
        34,
        67,
        228,
        251,
        194,
        34,
        16,
        142,
        194,
        141,
        205,
        84,
        213,
        174,
        100,
        224,
        12,
        242,
        170,
        4,
        33,
        66,
        64,
        78,
        21,
        134,
        128,
        220,
        220,
        68,
        85,
        213,
        119,
        201,
        55,
        228,
        117,
        72,
        32,
        44,
        194,
        105,
        146,
        48,
        4,
        2,
        132,
        155,
        155,
        168,
        170,
        221,
        8,
        97,
        53,
        89,
        8,
        202,
        43,
        17,
        22,
        97,
        157,
        176,
        8,
        139,
        112,
        107,
        19,
        85,
        181,
        39,
        97,
        61,
        65,
        16,
        228,
        181,
        9,
        103,
        10,
        55,
        54,
        83,
        85,
        187,
        18,
        72,
        194,
        169,
        100,
        80,
        246,
        70,
        110,
        108,
        162,
        170,
        246,
        34,
        4,
        72,
        184,
        39,
        114,
        50,
        121,
        61,
        228,
        11,
        89,
        75,
        94,
        134,
        137,
        170,
        218,
        161,
        112,
        58,
        25,
        228,
        53,
        145,
        65,
        214,
        80,
        57,
        16,
        80,
        110,
        109,
        162,
        170,
        118,
        36,
        156,
        65,
        144,
        215,
        69,
        144,
        53,
        228,
        64,
        94,
        138,
        137,
        170,
        218,
        147,
        176,
        150,
        160,
        12,
        242,
        10,
        201,
        43,
        53,
        83,
        85,
        187,
        18,
        190,
        146,
        211,
        41,
        175,
        137,
        12,
        114,
        14,
        121,
        9,
        38,
        170,
        106,
        39,
        66,
        24,
        146,
        176,
        130,
        200,
        32,
        117,
        85,
        19,
        85,
        181,
        59,
        97,
        21,
        7,
        234,
        186,
        38,
        170,
        106,
        63,
        194,
        90,
        34,
        117,
        3,
        19,
        85,
        181,
        35,
        225,
        94,
        56,
        153,
        220,
        147,
        186,
        154,
        137,
        170,
        218,
        147,
        132,
        33,
        156,
        72,
        6,
        165,
        174,
        109,
        162,
        170,
        246,
        37,
        172,
        34,
        131,
        3,
        117,
        25,
        225,
        143,
        153,
        168,
        170,
        157,
        9,
        103,
        145,
        186,
        162,
        137,
        170,
        218,
        155,
        176,
        134,
        82,
        215,
        55,
        81,
        85,
        245,
        56,
        165,
        174,
        109,
        162,
        170,
        246,
        34,
        156,
        75,
        169,
        235,
        154,
        168,
        170,
        221,
        8,
        33,
        64,
        56,
        153,
        108,
        36,
        64,
        168,
        111,
        133,
        123,
        225,
        103,
        38,
        170,
        106,
        63,
        66,
        8,
        67,
        88,
        73,
        234,
        130,
        66,
        248,
        214,
        68,
        85,
        237,
        76,
        88,
        67,
        54,
        148,
        80,
        15,
        132,
        69,
        8,
        139,
        240,
        192,
        76,
        85,
        213,
        73,
        228,
        60,
        73,
        32,
        28,
        133,
        13,
        200,
        237,
        133,
        173,
        69,
        30,
        152,
        169,
        170,
        122,
        140,
        212,
        47,
        132,
        75,
        155,
        169,
        170,
        189,
        9,
        225,
        73,
        65,
        144,
        65,
        5,
        228,
        92,
        134,
        7,
        228,
        45,
        144,
        45,
        132,
        239,
        155,
        169,
        170,
        186,
        44,
        9,
        134,
        65,
        234,
        1,
        9,
        131,
        28,
        40,
        15,
        204,
        84,
        213,
        158,
        36,
        156,
        65,
        158,
        201,
        72,
        253,
        146,
        28,
        184,
        224,
        27,
        51,
        85,
        181,
        35,
        129,
        64,
        184,
        14,
        195,
        129,
        196,
        48,
        200,
        102,
        194,
        205,
        200,
        102,
        194,
        32,
        242,
        11,
        51,
        85,
        85,
        151,
        35,
        67,
        4,
        3,
        178,
        149,
        32,
        16,
        174,
        79,
        6,
        217,
        136,
        1,
        65,
        28,
        120,
        104,
        166,
        170,
        118,
        38,
        92,
        135,
        1,
        131,
        28,
        201,
        118,
        34,
        16,
        12,
        215,
        38,
        8,
        200,
        70,
        100,
        33,
        10,
        242,
        192,
        76,
        85,
        213,
        165,
        24,
        137,
        128,
        97,
        75,
        6,
        98,
        184,
        58,
        17,
        4,
        217,
        148,
        136,
        242,
        208,
        76,
        85,
        213,
        197,
        24,
        1,
        131,
        97,
        144,
        45,
        132,
        33,
        198,
        24,
        174,
        76,
        68,
        4,
        100,
        3,
        97,
        16,
        16,
        145,
        7,
        102,
        170,
        106,
        63,
        194,
        153,
        228,
        12,
        6,
        140,
        145,
        65,
        54,
        99,
        48,
        64,
        184,
        54,
        65,
        20,
        145,
        77,
        200,
        145,
        32,
        223,
        152,
        169,
        170,
        186,
        16,
        9,
        50,
        72,
        216,
        144,
        1,
        130,
        132,
        235,
        83,
        17,
        217,
        146,
        128,
        124,
        99,
        166,
        170,
        118,
        35,
        28,
        132,
        171,
        145,
        32,
        131,
        108,
        37,
        12,
        17,
        8,
        7,
        65,
        46,
        47,
        8,
        168,
        136,
        34,
        200,
        198,
        228,
        129,
        153,
        170,
        170,
        11,
        18,
        194,
        150,
        132,
        72,
        184,
        21,
        81,
        148,
        141,
        201,
        183,
        102,
        170,
        106,
        87,
        194,
        213,
        201,
        214,
        34,
        16,
        192,
        16,
        174,
        33,
        60,
        164,
        200,
        101,
        77,
        84,
        85,
        61,
        77,
        228,
        229,
        144,
        65,
        185,
        9,
        21,
        228,
        194,
        38,
        170,
        106,
        95,
        194,
        10,
        2,
        42,
        47,
        139,
        220,
        144,
        128,
        92,
        220,
        68,
        85,
        237,
        73,
        88,
        73,
        1,
        169,
        111,
        200,
        165,
        77,
        84,
        213,
        94,
        132,
        131,
        112,
        130,
        64,
        24,
        228,
        64,
        164,
        190,
        10,
        151,
        54,
        81,
        85,
        59,
        18,
        222,
        130,
        112,
        67,
        1,
        194,
        197,
        77,
        84,
        85,
        189,
        74,
        9,
        132,
        91,
        8,
        132,
        11,
        155,
        168,
        170,
        221,
        9,
        175,
        92,
        184,
        161,
        132,
        43,
        152,
        168,
        170,
        253,
        73,
        88,
        65,
        121,
        81,
        194,
        79,
        228,
        173,
        154,
        168,
        170,
        170,
        23,
        103,
        162,
        170,
        234,
        81,
        82,
        215,
        55,
        81,
        85,
        187,
        18,
        234,
        53,
        152,
        168,
        170,
        125,
        72,
        32,
        64,
        8,
        16,
        234,
        69,
        155,
        168,
        170,
        170,
        23,
        103,
        162,
        170,
        246,
        72,
        78,
        22,
        234,
        250,
        38,
        170,
        170,
        234,
        197,
        153,
        168,
        170,
        125,
        144,
        69,
        168,
        87,
        97,
        162,
        170,
        170,
        94,
        156,
        137,
        170,
        170,
        122,
        113,
        38,
        170,
        170,
        234,
        197,
        153,
        168,
        170,
        125,
        8,
        11,
        89,
        47,
        225,
        165,
        10,
        111,
        213,
        68,
        85,
        213,
        235,
        34,
        242,
        230,
        77,
        84,
        85,
        189,
        74,
        2,
        114,
        125,
        42,
        200,
        133,
        77,
        84,
        85,
        213,
        58,
        114,
        113,
        19,
        85,
        181,
        15,
        202,
        129,
        200,
        211,
        228,
        229,
        147,
        55,
        108,
        162,
        170,
        246,
        67,
        206,
        22,
        234,
        154,
        38,
        170,
        106,
        87,
        228,
        84,
        50,
        132,
        151,
        43,
        220,
        74,
        184,
        184,
        137,
        170,
        170,
        39,
        133,
        23,
        36,
        132,
        33,
        220,
        70,
        18,
        8,
        23,
        54,
        81,
        85,
        245,
        154,
        36,
        64,
        6,
        134,
        112,
        27,
        33,
        225,
        162,
        102,
        170,
        170,
        30,
        17,
        132,
        200,
        249,
        194,
        198,
        194,
        173,
        197,
        72,
        216,
        150,
        60,
        52,
        83,
        85,
        187,
        99,
        228,
        52,
        145,
        231,
        9,
        139,
        176,
        169,
        16,
        126,
        98,
        184,
        2,
        195,
        65,
        88,
        24,
        195,
        150,
        4,
        194,
        67,
        51,
        85,
        85,
        143,
        11,
        114,
        158,
        48,
        4,
        8,
        155,
        10,
        25,
        184,
        149,
        176,
        49,
        3,
        200,
        67,
        51,
        85,
        181,
        63,
        178,
        66,
        100,
        17,
        89,
        43,
        64,
        32,
        16,
        54,
        21,
        18,
        8,
        7,
        114,
        13,
        178,
        136,
        4,
        12,
        219,
        51,
        242,
        192,
        76,
        85,
        213,
        211,
        34,
        103,
        9,
        33,
        16,
        54,
        21,
        66,
        32,
        92,
        95,
        36,
        96,
        216,
        152,
        49,
        60,
        48,
        83,
        85,
        123,
        97,
        48,
        96,
        184,
        142,
        64,
        8,
        33,
        132,
        77,
        5,
        66,
        184,
        186,
        24,
        195,
        101,
        24,
        121,
        96,
        166,
        170,
        246,
        196,
        24,
        174,
        42,
        36,
        132,
        109,
        5,
        66,
        184,
        137,
        24,
        54,
        103,
        48,
        60,
        48,
        83,
        85,
        117,
        41,
        33,
        33,
        33,
        97,
        99,
        129,
        64,
        184,
        186,
        72,
        48,
        108,
        205,
        32,
        15,
        204,
        84,
        85,
        61,
        41,
        114,
        174,
        132,
        132,
        240,
        108,
        2,
        225,
        39,
        225,
        6,
        34,
        65,
        194,
        61,
        129,
        240,
        92,
        198,
        32,
        223,
        152,
        169,
        170,
        93,
        49,
        92,
        73,
        128,
        48,
        36,
        132,
        48,
        200,
        51,
        132,
        175,
        194,
        16,
        174,
        47,
        66,
        144,
        123,
        225,
        121,
        194,
        96,
        64,
        32,
        60,
        48,
        83,
        85,
        123,
        99,
        88,
        41,
        242,
        44,
        33,
        44,
        194,
        134,
        194,
        45,
        68,
        32,
        108,
        41,
        72,
        0,
        121,
        96,
        166,
        170,
        118,
        195,
        112,
        50,
        25,
        34,
        4,
        16,
        34,
        171,
        5,
        114,
        64,
        8,
        11,
        217,
        72,
        184,
        149,
        128,
        108,
        36,
        44,
        132,
        200,
        207,
        204,
        84,
        213,
        126,
        24,
        110,
        34,
        132,
        131,
        240,
        22,
        132,
        77,
        197,
        200,
        207,
        77,
        84,
        85,
        61,
        34,
        124,
        17,
        234,
        50,
        194,
        47,
        205,
        84,
        85,
        93,
        92,
        32,
        32,
        245,
        51,
        1,
        57,
        136,
        60,
        52,
        81,
        85,
        59,
        34,
        32,
        178,
        90,
        120,
        166,
        0,
        161,
        190,
        21,
        32,
        12,
        9,
        223,
        154,
        168,
        170,
        170,
        27,
        11,
        63,
        55,
        81,
        85,
        123,
        34,
        178,
        70,
        56,
        8,
        155,
        8,
        245,
        80,
        120,
        40,
        60,
        48,
        81,
        85,
        187,
        34,
        103,
        8,
        117,
        101,
        19,
        85,
        181,
        55,
        34,
        183,
        33,
        245,
        144,
        60,
        36,
        15,
        76,
        84,
        85,
        61,
        46,
        161,
        174,
        109,
        162,
        170,
        234,
        10,
        4,
        164,
        190,
        37,
        71,
        242,
        115,
        19,
        85,
        181,
        51,
        178,
        78,
        168,
        235,
        155,
        168,
        170,
        253,
        16,
        145,
        122,
        81,
        100,
        80,
        190,
        53,
        81,
        85,
        123,
        161,
        136,
        128,
        172,
        16,
        234,
        6,
        38,
        170,
        106,
        135,
        100,
        181,
        80,
        87,
        52,
        81,
        85,
        123,
        35,
        245,
        226,
        77,
        84,
        85,
        61,
        33,
        33,
        225,
        85,
        73,
        128,
        112,
        142,
        36,
        220,
        222,
        68,
        85,
        237,
        139,
        178,
        70,
        32,
        16,
        94,
        169,
        240,
        74,
        77,
        84,
        213,
        158,
        40,
        107,
        4,
        8,
        247,
        194,
        171,
        17,
        8,
        107,
        132,
        131,
        240,
        82,
        76,
        84,
        213,
        254,
        200,
        219,
        22,
        134,
        176,
        70,
        18,
        14,
        2,
        36,
        220,
        218,
        68,
        85,
        237,
        136,
        220,
        147,
        211,
        132,
        240,
        234,
        132,
        47,
        194,
        90,
        225,
        101,
        152,
        168,
        170,
        253,
        144,
        3,
        89,
        39,
        97,
        111,
        194,
        141,
        77,
        84,
        213,
        78,
        200,
        129,
        200,
        58,
        129,
        132,
        87,
        73,
        206,
        36,
        55,
        54,
        81,
        85,
        187,
        33,
        11,
        89,
        35,
        132,
        69,
        194,
        171,
        33,
        11,
        89,
        71,
        22,
        178,
        144,
        91,
        155,
        168,
        170,
        61,
        81,
        190,
        10,
        39,
        8,
        175,
        143,
        130,
        44,
        228,
        52,
        42,
        131,
        32,
        32,
        55,
        55,
        83,
        85,
        123,
        21,
        78,
        19,
        64,
        136,
        188,
        30,
        50,
        8,
        168,
        156,
        204,
        0,
        242,
        18,
        204,
        84,
        213,
        142,
        24,
        86,
        139,
        64,
        228,
        10,
        100,
        27,
        97,
        33,
        178,
        144,
        133,
        60,
        194,
        48,
        24,
        36,
        44,
        100,
        19,
        225,
        92,
        51,
        85,
        181,
        23,
        198,
        112,
        100,
        120,
        113,
        100,
        51,
        114,
        32,
        114,
        79,
        30,
        99,
        24,
        12,
        6,
        217,
        144,
        64,
        56,
        199,
        76,
        85,
        237,
        139,
        12,
        225,
        32,
        114,
        146,
        72,
        228,
        162,
        100,
        33,
        27,
        9,
        2,
        162,
        130,
        60,
        77,
        136,
        68,
        8,
        200,
        70,
        2,
        72,
        88,
        111,
        166,
        170,
        246,
        68,
        194,
        26,
        65,
        136,
        145,
        203,
        18,
        144,
        133,
        60,
        95,
        16,
        16,
        4,
        4,
        121,
        148,
        193,
        128,
        17,
        136,
        12,
        242,
        108,
        1,
        36,
        128,
        97,
        181,
        153,
        170,
        218,
        17,
        195,
        90,
        49,
        66,
        140,
        68,
        46,
        68,
        64,
        144,
        193,
        200,
        34,
        156,
        201,
        200,
        66,
        16,
        69,
        158,
        100,
        144,
        24,
        137,
        60,
        139,
        28,
        5,
        129,
        32,
        225,
        28,
        51,
        85,
        181,
        27,
        134,
        103,
        8,
        114,
        65,
        34,
        200,
        32,
        7,
        114,
        46,
        57,
        18,
        4,
        17,
        121,
        138,
        145,
        33,
        178,
        13,
        25,
        34,
        193,
        96,
        88,
        107,
        166,
        170,
        118,
        69,
        8,
        7,
        225,
        105,
        225,
        90,
        68,
        16,
        217,
        144,
        32,
        34,
        131,
        124,
        143,
        193,
        24,
        99,
        100,
        83,
        145,
        24,
        12,
        235,
        205,
        84,
        213,
        158,
        24,
        48,
        172,
        23,
        129,
        200,
        69,
        200,
        66,
        16,
        217,
        144,
        32,
        131,
        60,
        201,
        24,
        137,
        108,
        39,
        18,
        99,
        56,
        199,
        76,
        85,
        237,
        135,
        97,
        97,
        88,
        47,
        114,
        65,
        162,
        136,
        32,
        27,
        18,
        4,
        121,
        148,
        193,
        96,
        100,
        107,
        49,
        198,
        112,
        134,
        153,
        170,
        218,
        23,
        3,
        134,
        85,
        130,
        16,
        48,
        114,
        33,
        130,
        136,
        200,
        150,
        4,
        4,
        228,
        113,
        18,
        9,
        178,
        157,
        8,
        49,
        128,
        97,
        181,
        153,
        170,
        218,
        17,
        99,
        36,
        8,
        49,
        156,
        46,
        114,
        16,
        185,
        4,
        65,
        16,
        5,
        217,
        146,
        44,
        228,
        49,
        6,
        144,
        200,
        134,
        34,
        145,
        72,
        0,
        195,
        74,
        51,
        85,
        85,
        79,
        136,
        16,
        33,
        200,
        229,
        8,
        138,
        128,
        64,
        120,
        62,
        185,
        39,
        143,
        51,
        12,
        2,
        225,
        217,
        4,
        2,
        18,
        131,
        1,
        195,
        122,
        51,
        85,
        181,
        39,
        6,
        48,
        156,
        200,
        240,
        69,
        64,
        32,
        178,
        165,
        8,
        200,
        129,
        130,
        200,
        129,
        108,
        69,
        158,
        38,
        16,
        6,
        217,
        132,
        64,
        140,
        132,
        51,
        205,
        84,
        213,
        190,
        24,
        48,
        12,
        134,
        149,
        130,
        92,
        134,
        44,
        4,
        65,
        110,
        66,
        182,
        20,
        140,
        1,
        36,
        156,
        97,
        162,
        170,
        118,
        69,
        148,
        133,
        160,
        60,
        77,
        22,
        33,
        3,
        151,
        35,
        11,
        1,
        121,
        11,
        20,
        1,
        229,
        60,
        19,
        85,
        181,
        67,
        42,
        235,
        132,
        131,
        16,
        46,
        68,
        6,
        145,
        55,
        68,
        206,
        53,
        81,
        85,
        187,
        35,
        11,
        57,
        129,
        178,
        8,
        139,
        36,
        92,
        140,
        200,
        155,
        34,
        200,
        217,
        38,
        170,
        106,
        127,
        4,
        100,
        157,
        36,
        12,
        225,
        114,
        164,
        190,
        152,
        168,
        170,
        29,
        82,
        65,
        86,
        8,
        67,
        18,
        234,
        42,
        38,
        170,
        106,
        103,
        148,
        3,
        57,
        89,
        8,
        36,
        97,
        17,
        234,
        20,
        225,
        57,
        38,
        170,
        106,
        119,
        84,
        16,
        100,
        133,
        0,
        225,
        146,
        18,
        234,
        139,
        137,
        170,
        218,
        35,
        5,
        145,
        19,
        133,
        144,
        132,
        12,
        92,
        70,
        120,
        123,
        194,
        217,
        38,
        170,
        106,
        167,
        100,
        133,
        16,
        46,
        44,
        12,
        225,
        77,
        9,
        231,
        154,
        168,
        170,
        125,
        146,
        85,
        2,
        73,
        168,
        43,
        153,
        168,
        170,
        125,
        17,
        92,
        0,
        34,
        39,
        75,
        128,
        132,
        186,
        138,
        137,
        170,
        218,
        27,
        57,
        146,
        117,
        146,
        64,
        66,
        168,
        139,
        155,
        168,
        170,
        61,
        114,
        0,
        89,
        33,
        64,
        128,
        80,
        151,
        55,
        81,
        85,
        251,
        163,
        172,
        147,
        112,
        20,
        234,
        42,
        38,
        170,
        106,
        119,
        4,
        20,
        101,
        145,
        132,
        167,
        5,
        72,
        32,
        33,
        161,
        46,
        109,
        162,
        170,
        118,
        70,
        64,
        65,
        86,
        10,
        36,
        16,
        8,
        117,
        97,
        19,
        85,
        181,
        63,
        242,
        173,
        240,
        180,
        112,
        16,
        22,
        161,
        46,
        107,
        166,
        170,
        246,
        198,
        128,
        64,
        0,
        195,
        74,
        1,
        164,
        46,
        108,
        162,
        170,
        118,
        72,
        6,
        101,
        165,
        36,
        12,
        9,
        161,
        46,
        106,
        162,
        170,
        118,
        71,
        80,
        1,
        101,
        173,
        12,
        16,
        66,
        93,
        210,
        68,
        85,
        237,
        143,
        12,
        202,
        26,
        66,
        24,
        66,
        18,
        46,
        69,
        222,
        20,
        57,
        215,
        68,
        85,
        237,
        144,
        124,
        37,
        43,
        36,
        132,
        33,
        132,
        186,
        160,
        153,
        170,
        218,
        37,
        9,
        134,
        35,
        121,
        130,
        28,
        69,
        194,
        66,
        54,
        39,
        245,
        213,
        68,
        85,
        237,
        145,
        32,
        56,
        128,
        114,
        186,
        112,
        33,
        162,
        188,
        37,
        130,
        156,
        109,
        166,
        170,
        246,
        202,
        176,
        82,
        140,
        225,
        72,
        46,
        66,
        106,
        49,
        81,
        85,
        187,
        37,
        131,
        172,
        16,
        2,
        161,
        78,
        34,
        231,
        155,
        168,
        170,
        125,
        18,
        112,
        64,
        86,
        8,
        9,
        73,
        168,
        167,
        133,
        243,
        77,
        44,
        238,
        168,
        170,
        221,
        81,
        22,
        34,
        43,
        4,
        2,
        36,
        132,
        173,
        5,
        8,
        111,
        69,
        56,
        207,
        29,
        139,
        153,
        131,
        132,
        225,
        127,
        81,
        85,
        85,
        183,
        148,
        112,
        48,
        1,
        129,
        80,
        85,
        85,
        47,
        64,
        32,
        192,
        4,
        129,
        59,
        238,
        168,
        170,
        170,
        155,
        187,
        227,
        14,
        2,
        19,
        195,
        29,
        119,
        119,
        84,
        85,
        213,
        205,
        221,
        221,
        113,
        199,
        224,
        48,
        77,
        239,
        222,
        191,
        127,
        63,
        127,
        152,
        223,
        205,
        147,
        74,
        85,
        85,
        93,
        87,
        146,
        187,
        79,
        159,
        63,
        253,
        254,
        211,
        199,
        143,
        31,
        63,
        223,
        221,
        37,
        51,
        144,
        228,
        110,
        248,
        72,
        50,
        77,
        74,
        85,
        85,
        93,
        87,
        114,
        119,
        247,
        249,
        243,
        199,
        187,
        33,
        9,
        48,
        67,
        204,
        221,
        231,
        73,
        185,
        123,
        255,
        217,
        105,
        162,
        170,
        170,
        174,
        237,
        238,
        46,
        119,
        31,
        239,
        62,
        127,
        250,
        252,
        249,
        46,
        4,
        102,
        98,
        76,
        62,
        73,
        166,
        59,
        223,
        57,
        81,
        85,
        85,
        215,
        118,
        151,
        207,
        185,
        187,
        251,
        244,
        249,
        83,
        66,
        8,
        51,
        67,
        248,
        204,
        199,
        100,
        114,
        250,
        140,
        84,
        85,
        213,
        181,
        133,
        187,
        187,
        220,
        125,
        254,
        116,
        247,
        57,
        97,
        152,
        35,
        1,
        62,
        243,
        241,
        110,
        114,
        66,
        169,
        170,
        170,
        107,
        75,
        184,
        203,
        221,
        231,
        124,
        206,
        0,
        153,
        33,
        6,
        248,
        108,
        148,
        9,
        38,
        170,
        170,
        234,
        186,
        238,
        224,
        142,
        228,
        46,
        11,
        2,
        34,
        136,
        138,
        50,
        81,
        85,
        85,
        183,
        113,
        71,
        66,
        18,
        2,
        17,
        4,
        17,
        17,
        144,
        170,
        170,
        186,
        190,
        0,
        33,
        132,
        64,
        16,
        16,
        4,
        4,
        164,
        170,
        170,
        110,
        33,
        64,
        128,
        64,
        64,
        6,
        25,
        164,
        170,
        170,
        110,
        43,
        12,
        1,
        228,
        72,
        170,
        170,
        234,
        246,
        194,
        193,
        255,
        7,
        98,
        138,
        255,
        135,
        40,
        9,
        112,
        216,
        0,
        0,
        0,
        0,
        73,
        69,
        78,
        68,
        174,
        66,
        96,
        130
      ]
    },
    "stat": {
      "dev": 16777220,
      "mode": 33188,
      "nlink": 1,
      "uid": 501,
      "gid": 20,
      "rdev": 0,
      "blksize": 4194304,
      "ino": 2088751,
      "size": 9467,
      "blocks": 24,
      "atime": "2018-04-17T07:59:11.793Z",
      "mtime": "2018-03-22T08:50:41.034Z",
      "ctime": "2018-03-22T08:50:41.034Z",
      "birthtime": "2018-03-22T08:50:41.034Z"
    },
    "history": [
      "/Users/jiangheng/Desktop/work-code/xxd-h5/src/mods/openaccount/yhimgs/gsyh_bg@2x.png"
    ],
    "path": "/Users/jiangheng/Desktop/work-code/xxd-h5/src/mods/openaccount/yhimgs/gsyh_bg@2x.png",
    "gulpCache$filePathChangedInsideTask": false,
    "gulpCache$fileBaseChangedInsideTask": false,
    "gulpCache$originalPath": "/Users/jiangheng/Desktop/work-code/xxd-h5/src/mods/openaccount/yhimgs/gsyh_bg@2x.png",
    "gulpCache$originalBase": "/Users/jiangheng/Desktop/work-code/xxd-h5/src/mods/"
  }
]