[
  {
    "cwd": "/Users/jiangheng/Desktop/work-code/xxd-h5",
    "base": "/Users/jiangheng/Desktop/work-code/xxd-h5/src/mods/",
    "contents": {
      "type": "Buffer",
      "data": [
        137,
        80,
        78,
        71,
        13,
        10,
        26,
        10,
        0,
        0,
        0,
        13,
        73,
        72,
        68,
        82,
        0,
        0,
        0,
        79,
        0,
        0,
        0,
        79,
        8,
        3,
        0,
        0,
        0,
        157,
        234,
        104,
        180,
        0,
        0,
        2,
        199,
        80,
        76,
        84,
        69,
        255,
        255,
        255,
        255,
        255,
        255,
        255,
        255,
        255,
        255,
        255,
        255,
        255,
        255,
        255,
        255,
        255,
        255,
        255,
        255,
        255,
        255,
        255,
        255,
        255,
        255,
        255,
        255,
        255,
        255,
        255,
        255,
        255,
        255,
        255,
        255,
        255,
        255,
        255,
        255,
        255,
        255,
        255,
        255,
        255,
        255,
        255,
        255,
        255,
        255,
        255,
        255,
        255,
        255,
        255,
        255,
        255,
        255,
        255,
        255,
        255,
        255,
        255,
        255,
        255,
        255,
        255,
        255,
        255,
        255,
        255,
        255,
        255,
        255,
        255,
        255,
        255,
        255,
        255,
        255,
        255,
        255,
        255,
        255,
        255,
        255,
        255,
        255,
        255,
        255,
        255,
        255,
        255,
        255,
        255,
        255,
        255,
        255,
        255,
        255,
        255,
        255,
        255,
        255,
        255,
        255,
        255,
        255,
        255,
        255,
        255,
        255,
        255,
        255,
        255,
        255,
        255,
        255,
        255,
        255,
        255,
        255,
        255,
        255,
        255,
        255,
        255,
        255,
        255,
        255,
        255,
        255,
        255,
        255,
        255,
        255,
        255,
        255,
        255,
        255,
        255,
        255,
        255,
        255,
        255,
        255,
        255,
        255,
        255,
        255,
        255,
        255,
        255,
        255,
        255,
        255,
        255,
        255,
        255,
        255,
        255,
        255,
        255,
        255,
        255,
        255,
        255,
        255,
        255,
        255,
        255,
        255,
        255,
        255,
        255,
        255,
        255,
        255,
        255,
        255,
        255,
        255,
        255,
        255,
        255,
        255,
        255,
        255,
        255,
        255,
        255,
        255,
        255,
        255,
        255,
        255,
        255,
        255,
        255,
        255,
        255,
        255,
        255,
        255,
        255,
        255,
        255,
        255,
        255,
        255,
        255,
        255,
        255,
        255,
        255,
        255,
        255,
        255,
        255,
        255,
        255,
        255,
        255,
        255,
        255,
        255,
        255,
        255,
        255,
        255,
        255,
        255,
        255,
        255,
        255,
        255,
        255,
        255,
        255,
        255,
        255,
        255,
        255,
        255,
        255,
        255,
        255,
        255,
        255,
        255,
        255,
        255,
        255,
        255,
        255,
        255,
        255,
        255,
        255,
        255,
        255,
        255,
        255,
        255,
        255,
        255,
        255,
        255,
        255,
        255,
        29,
        32,
        136,
        30,
        33,
        136,
        31,
        34,
        137,
        33,
        35,
        138,
        33,
        36,
        138,
        34,
        37,
        139,
        35,
        38,
        139,
        36,
        39,
        140,
        37,
        40,
        140,
        39,
        42,
        141,
        40,
        42,
        142,
        41,
        44,
        143,
        42,
        45,
        143,
        43,
        46,
        143,
        44,
        47,
        144,
        45,
        48,
        144,
        46,
        49,
        145,
        47,
        49,
        145,
        48,
        50,
        146,
        49,
        52,
        147,
        52,
        55,
        148,
        53,
        56,
        149,
        55,
        57,
        150,
        56,
        59,
        150,
        57,
        60,
        151,
        58,
        61,
        151,
        60,
        63,
        152,
        61,
        63,
        153,
        62,
        64,
        153,
        63,
        65,
        154,
        64,
        66,
        154,
        64,
        67,
        155,
        65,
        68,
        155,
        66,
        69,
        156,
        68,
        70,
        157,
        69,
        71,
        157,
        70,
        72,
        157,
        72,
        75,
        159,
        74,
        77,
        160,
        75,
        77,
        160,
        77,
        79,
        161,
        80,
        82,
        163,
        80,
        83,
        163,
        82,
        84,
        164,
        84,
        86,
        165,
        87,
        90,
        167,
        91,
        93,
        169,
        94,
        96,
        170,
        99,
        101,
        173,
        103,
        105,
        175,
        104,
        106,
        176,
        108,
        110,
        178,
        109,
        111,
        178,
        110,
        112,
        178,
        111,
        112,
        179,
        111,
        113,
        179,
        112,
        114,
        180,
        113,
        115,
        180,
        115,
        117,
        181,
        116,
        118,
        182,
        121,
        123,
        185,
        122,
        124,
        185,
        123,
        125,
        185,
        125,
        126,
        186,
        126,
        128,
        187,
        130,
        132,
        189,
        133,
        134,
        191,
        134,
        135,
        191,
        134,
        136,
        192,
        138,
        140,
        193,
        139,
        140,
        194,
        144,
        146,
        197,
        148,
        149,
        199,
        149,
        150,
        199,
        150,
        151,
        199,
        150,
        152,
        200,
        151,
        153,
        200,
        153,
        154,
        201,
        154,
        155,
        202,
        157,
        158,
        203,
        158,
        159,
        204,
        158,
        160,
        204,
        161,
        162,
        206,
        163,
        164,
        206,
        165,
        166,
        207,
        168,
        169,
        209,
        170,
        171,
        210,
        171,
        172,
        211,
        173,
        175,
        212,
        176,
        177,
        213,
        177,
        178,
        214,
        179,
        180,
        215,
        180,
        181,
        215,
        181,
        182,
        216,
        182,
        183,
        217,
        183,
        184,
        217,
        186,
        187,
        219,
        189,
        190,
        220,
        190,
        191,
        221,
        191,
        192,
        221,
        193,
        194,
        222,
        196,
        196,
        224,
        198,
        199,
        225,
        200,
        201,
        226,
        203,
        203,
        227,
        204,
        205,
        228,
        206,
        207,
        229,
        207,
        208,
        230,
        208,
        209,
        230,
        209,
        210,
        231,
        210,
        210,
        231,
        211,
        211,
        232,
        212,
        212,
        232,
        212,
        213,
        233,
        213,
        214,
        233,
        215,
        216,
        234,
        216,
        217,
        234,
        217,
        217,
        235,
        219,
        219,
        236,
        220,
        220,
        236,
        221,
        222,
        237,
        223,
        224,
        238,
        224,
        224,
        239,
        225,
        225,
        239,
        227,
        227,
        240,
        228,
        228,
        241,
        228,
        229,
        241,
        229,
        230,
        241,
        230,
        231,
        242,
        233,
        233,
        243,
        236,
        237,
        245,
        237,
        238,
        246,
        239,
        239,
        247,
        240,
        240,
        247,
        241,
        241,
        248,
        242,
        242,
        248,
        243,
        243,
        248,
        246,
        246,
        250,
        247,
        247,
        251,
        249,
        249,
        252,
        250,
        250,
        252,
        251,
        251,
        253,
        251,
        252,
        253,
        252,
        252,
        254,
        253,
        253,
        254,
        254,
        254,
        255,
        255,
        255,
        255,
        208,
        216,
        243,
        174,
        0,
        0,
        0,
        90,
        116,
        82,
        78,
        83,
        0,
        3,
        10,
        14,
        15,
        16,
        17,
        18,
        19,
        33,
        34,
        36,
        37,
        38,
        39,
        40,
        42,
        46,
        63,
        66,
        76,
        77,
        78,
        84,
        85,
        87,
        92,
        93,
        94,
        95,
        102,
        110,
        111,
        112,
        113,
        114,
        115,
        126,
        127,
        137,
        138,
        140,
        142,
        143,
        144,
        150,
        152,
        153,
        154,
        155,
        156,
        160,
        162,
        166,
        167,
        168,
        170,
        171,
        172,
        183,
        184,
        194,
        196,
        199,
        200,
        201,
        203,
        204,
        209,
        210,
        216,
        217,
        222,
        224,
        227,
        228,
        229,
        237,
        238,
        240,
        241,
        242,
        247,
        248,
        249,
        250,
        251,
        252,
        253,
        254,
        92,
        162,
        90,
        206,
        0,
        0,
        4,
        190,
        73,
        68,
        65,
        84,
        88,
        195,
        197,
        153,
        253,
        95,
        84,
        69,
        20,
        135,
        7,
        180,
        2,
        53,
        18,
        148,
        176,
        48,
        44,
        123,
        17,
        51,
        67,
        83,
        75,
        124,
        75,
        5,
        53,
        217,
        100,
        133,
        93,
        68,
        47,
        138,
        225,
        150,
        96,
        20,
        219,
        203,
        210,
        43,
        101,
        229,
        91,
        97,
        164,
        148,
        20,
        145,
        150,
        229,
        150,
        246,
        162,
        189,
        81,
        82,
        102,
        146,
        102,
        4,
        86,
        150,
        102,
        41,
        109,
        97,
        106,
        128,
        237,
        249,
        35,
        90,
        118,
        247,
        206,
        156,
        185,
        119,
        246,
        238,
        189,
        35,
        31,
        59,
        191,
        205,
        247,
        222,
        243,
        236,
        204,
        157,
        153,
        51,
        103,
        206,
        18,
        98,
        104,
        49,
        137,
        151,
        93,
        59,
        225,
        214,
        57,
        54,
        59,
        216,
        109,
        115,
        166,
        79,
        74,
        31,
        154,
        24,
        67,
        164,
        173,
        223,
        240,
        41,
        121,
        160,
        181,
        188,
        41,
        195,
        251,
        201,
        192,
        250,
        166,
        77,
        93,
        4,
        98,
        91,
        52,
        53,
        173,
        175,
        69,
        90,
        252,
        232,
        124,
        48,
        50,
        199,
        232,
        120,
        11,
        180,
        254,
        227,
        22,
        64,
        52,
        91,
        48,
        110,
        128,
        73,
        90,
        159,
        145,
        78,
        48,
        99,
        206,
        145,
        125,
        204,
        224,
        146,
        115,
        192,
        172,
        229,
        36,
        71,
        165,
        197,
        142,
        1,
        43,
        54,
        38,
        54,
        202,
        151,
        203,
        6,
        107,
        150,
        221,
        223,
        8,
        151,
        52,
        15,
        172,
        218,
        188,
        164,
        200,
        184,
        20,
        7,
        88,
        55,
        71,
        74,
        36,
        220,
        229,
        133,
        32,
        99,
        133,
        169,
        17,
        122,
        39,
        135,
        11,
        0,
        133,
        61,
        28,
        228,
        4,
        89,
        115,
        14,
        18,
        204,
        172,
        29,
        228,
        205,
        174,
        155,
        229,
        216,
        108,
        235,
        148,
        173,
        62,
        182,
        108,
        180,
        235,
        48,
        67,
        162,
        87,
        213,
        85,
        12,
        152,
        193,
        227,
        6,
        203,
        140,
        178,
        90,
        169,
        108,
        167,
        141,
        193,
        92,
        176,
        203,
        145,
        227,
        41,
        30,
        10,
        180,
        225,
        144,
        120,
        61,
        72,
        242,
        20,
        207,
        111,
        106,
        107,
        20,
        195,
        93,
        92,
        32,
        205,
        83,
        220,
        71,
        195,
        173,
        130,
        4,
        202,
        187,
        25,
        228,
        121,
        12,
        120,
        139,
        138,
        27,
        184,
        240,
        92,
        120,
        138,
        251,
        199,
        80,
        115,
        225,
        192,
        48,
        111,
        172,
        230,
        61,
        223,
        87,
        59,
        223,
        253,
        228,
        219,
        51,
        102,
        121,
        74,
        185,
        26,
        12,
        67,
        184,
        56,
        238,
        232,
        233,
        254,
        248,
        153,
        162,
        224,
        91,
        174,
        154,
        54,
        222,
        125,
        255,
        235,
        107,
        61,
        101,
        15,
        172,
        106,
        248,
        178,
        75,
        195,
        83,
        194,
        237,
        252,
        139,
        130,
        188,
        43,
        177,
        83,
        203,
        19,
        10,
        179,
        154,
        14,
        246,
        96,
        207,
        147,
        84,
        190,
        215,
        219,
        41,
        228,
        193,
        85,
        65,
        222,
        76,
        132,
        251,
        188,
        68,
        193,
        118,
        223,
        15,
        106,
        175,
        95,
        225,
        244,
        135,
        191,
        23,
        242,
        178,
        130,
        89,
        0,
        194,
        237,
        43,
        86,
        120,
        43,
        63,
        28,
        212,
        253,
        47,
        104,
        244,
        101,
        123,
        68,
        60,
        232,
        9,
        11,
        195,
        24,
        174,
        227,
        30,
        69,
        107,
        247,
        7,
        135,
        252,
        142,
        78,
        95,
        246,
        157,
        136,
        55,
        44,
        192,
        155,
        204,
        120,
        175,
        42,
        122,
        123,
        41,
        160,
        255,
        81,
        162,
        215,
        43,
        79,
        11,
        120,
        147,
        3,
        25,
        212,
        124,
        218,
        58,
        229,
        18,
        240,
        148,
        131,
        0,
        155,
        69,
        186,
        87,
        192,
        203,
        139,
        33,
        137,
        172,
        123,
        187,
        53,
        30,
        101,
        235,
        183,
        55,
        53,
        55,
        255,
        10,
        254,
        10,
        205,
        131,
        21,
        27,
        119,
        182,
        116,
        136,
        198,
        11,
        137,
        36,
        149,
        53,
        118,
        112,
        78,
        85,
        141,
        157,
        97,
        253,
        23,
        158,
        182,
        250,
        139,
        46,
        241,
        250,
        11,
        88,
        42,
        25,
        193,
        26,
        13,
        200,
        105,
        177,
        183,
        155,
        45,
        34,
        76,
        115,
        55,
        233,
        246,
        7,
        226,
        165,
        147,
        76,
        253,
        254,
        9,
        88,
        241,
        94,
        180,
        138,
        222,
        71,
        184,
        181,
        62,
        48,
        226,
        101,
        226,
        213,
        188,
        146,
        185,
        53,
        226,
        61,
        179,
        13,
        225,
        78,
        131,
        33,
        111,
        38,
        153,
        205,
        26,
        119,
        83,
        183,
        58,
        110,
        227,
        110,
        97,
        131,
        245,
        129,
        49,
        239,
        54,
        114,
        59,
        107,
        80,
        55,
        23,
        231,
        6,
        181,
        244,
        193,
        167,
        16,
        133,
        103,
        39,
        243,
        5,
        188,
        122,
        62,
        176,
        172,
        83,
        245,
        71,
        253,
        98,
        157,
        73,
        5,
        4,
        4,
        188,
        3,
        156,
        219,
        217,
        59,
        85,
        253,
        45,
        78,
        247,
        151,
        234,
        121,
        32,
        234,
        95,
        41,
        223,
        141,
        86,
        250,
        59,
        45,
        156,
        126,
        64,
        17,
        245,
        79,
        240,
        253,
        214,
        241,
        195,
        125,
        77,
        213,
        151,
        252,
        195,
        233,
        245,
        138,
        232,
        251,
        205,
        214,
        243,
        170,
        57,
        183,
        51,
        116,
        218,
        43,
        248,
        83,
        193,
        165,
        136,
        230,
        55,
        43,
        26,
        239,
        13,
        234,
        246,
        24,
        167,
        215,
        81,
        189,
        4,
        175,
        191,
        204,
        40,
        188,
        182,
        165,
        212,
        239,
        89,
        172,
        55,
        178,
        69,
        94,
        129,
        247,
        199,
        8,
        99,
        222,
        17,
        55,
        243,
        107,
        64,
        250,
        94,
        20,
        201,
        159,
        198,
        251,
        55,
        213,
        144,
        247,
        245,
        10,
        180,
        119,
        63,
        100,
        135,
        160,
        119,
        49,
        210,
        55,
        177,
        247,
        135,
        226,
        248,
        167,
        227,
        253,
        92,
        195,
        5,
        170,
        99,
        97,
        185,
        179,
        177,
        138,
        211,
        119,
        225,
        248,
        135,
        226,
        51,
        229,
        157,
        5,
        232,
        106,
        255,
        198,
        187,
        134,
        143,
        123,
        143,
        3,
        28,
        107,
        110,
        110,
        218,
        190,
        190,
        140,
        215,
        139,
        78,
        224,
        248,
        140,
        206,
        15,
        202,
        59,
        121,
        71,
        113,
        145,
        62,
        192,
        191,
        13,
        112,
        80,
        20,
        248,
        159,
        3,
        124,
        126,
        144,
        171,
        5,
        227,
        221,
        32,
        112,
        115,
        253,
        25,
        120,
        229,
        69,
        193,
        131,
        125,
        140,
        119,
        77,
        79,
        34,
        46,
        224,
        29,
        89,
        162,
        119,
        123,
        179,
        231,
        149,
        191,
        43,
        117,
        250,
        243,
        104,
        214,
        131,
        105,
        121,
        150,
        96,
        62,
        182,
        233,
        220,
        86,
        134,
        78,
        147,
        195,
        165,
        26,
        253,
        145,
        147,
        12,
        151,
        197,
        231,
        47,
        136,
        231,
        127,
        89,
        227,
        230,
        62,
        30,
        126,
        233,
        144,
        155,
        159,
        164,
        19,
        168,
        123,
        161,
        252,
        37,
        206,
        33,
        88,
        47,
        254,
        29,
        75,
        177,
        219,
        83,
        44,
        241,
        254,
        11,
        47,
        162,
        186,
        83,
        8,
        151,
        31,
        23,
        74,
        216,
        110,
        18,
        174,
        191,
        227,
        245,
        203,
        85,
        225,
        193,
        247,
        186,
        185,
        45,
        88,
        123,
        87,
        80,
        94,
        94,
        219,
        202,
        237,
        232,
        177,
        154,
        252,
        180,
        92,
        179,
        158,
        187,
        246,
        239,
        218,
        92,
        183,
        105,
        203,
        7,
        173,
        255,
        106,
        51,
        201,
        206,
        67,
        159,
        125,
        180,
        187,
        173,
        91,
        83,
        246,
        80,
        243,
        83,
        50,
        49,
        36,
        252,
        228,
        22,
        197,
        23,
        211,
        54,
        145,
        230,
        227,
        9,
        225,
        252,
        254,
        168,
        251,
        28,
        120,
        40,
        191,
        39,
        163,
        0,
        3,
        229,
        120,
        55,
        224,
        251,
        145,
        45,
        44,
        254,
        238,
        145,
        229,
        113,
        247,
        35,
        146,
        172,
        202,
        237,
        30,
        73,
        222,
        165,
        17,
        238,
        151,
        237,
        15,
        73,
        241,
        50,
        34,
        222,
        127,
        125,
        85,
        18,
        60,
        221,
        253,
        23,
        221,
        207,
        125,
        91,
        123,
        225,
        126,
        222,
        235,
        245,
        3,
        66,
        134,
        72,
        215,
        55,
        134,
        156,
        151,
        250,
        11,
        33,
        41,
        50,
        67,
        118,
        166,
        24,
        212,
        175,
        114,
        45,
        227,
        114,
        147,
        12,
        235,
        107,
        179,
        44,
        226,
        102,
        13,
        56,
        175,
        245,
        191,
        158,
        173,
        103,
        51,
        191,
        103,
        147,
        123,
        183,
        126,
        106,
        182,
        106,
        156,
        48,
        222,
        68,
        125,
        119,
        252,
        37,
        86,
        234,
        207,
        55,
        26,
        151,
        22,
        29,
        25,
        241,
        22,
        43,
        218,
        23,
        164,
        77,
        139,
        88,
        31,
        159,
        150,
        118,
        225,
        255,
        94,
        191,
        167,
        255,
        47,
        92,
        55,
        97,
        198,
        220,
        220,
        66,
        40,
        204,
        157,
        59,
        99,
        82,
        250,
        21,
        209,
        254,
        95,
        248,
        15,
        56,
        61,
        115,
        245,
        42,
        93,
        58,
        72,
        0,
        0,
        0,
        0,
        73,
        69,
        78,
        68,
        174,
        66,
        96,
        130
      ]
    },
    "stat": {
      "dev": 16777220,
      "mode": 33188,
      "nlink": 1,
      "uid": 501,
      "gid": 20,
      "rdev": 0,
      "blksize": 4194304,
      "ino": 2088768,
      "size": 3560,
      "blocks": 8,
      "atime": "2018-04-17T07:59:11.794Z",
      "mtime": "2018-03-22T08:50:41.038Z",
      "ctime": "2018-03-22T08:50:41.038Z",
      "birthtime": "2018-03-22T08:50:41.038Z"
    },
    "history": [
      "/Users/jiangheng/Desktop/work-code/xxd-h5/src/mods/openaccount/yhimgs/pfyh@2x.png"
    ],
    "path": "/Users/jiangheng/Desktop/work-code/xxd-h5/src/mods/openaccount/yhimgs/pfyh@2x.png",
    "gulpCache$filePathChangedInsideTask": false,
    "gulpCache$fileBaseChangedInsideTask": false,
    "gulpCache$originalPath": "/Users/jiangheng/Desktop/work-code/xxd-h5/src/mods/openaccount/yhimgs/pfyh@2x.png",
    "gulpCache$originalBase": "/Users/jiangheng/Desktop/work-code/xxd-h5/src/mods/"
  }
]