[
  {
    "cwd": "/Users/jiangheng/Desktop/work-code/xxd-h5",
    "base": "/Users/jiangheng/Desktop/work-code/xxd-h5/src/mods/",
    "contents": {
      "type": "Buffer",
      "data": [
        137,
        80,
        78,
        71,
        13,
        10,
        26,
        10,
        0,
        0,
        0,
        13,
        73,
        72,
        68,
        82,
        0,
        0,
        2,
        198,
        0,
        0,
        0,
        170,
        8,
        3,
        0,
        0,
        0,
        153,
        31,
        121,
        143,
        0,
        0,
        2,
        94,
        80,
        76,
        84,
        69,
        242,
        239,
        240,
        242,
        239,
        240,
        242,
        239,
        240,
        242,
        239,
        240,
        242,
        239,
        240,
        242,
        239,
        240,
        242,
        239,
        240,
        242,
        239,
        240,
        242,
        239,
        240,
        242,
        239,
        240,
        242,
        239,
        240,
        242,
        239,
        240,
        242,
        239,
        240,
        242,
        239,
        240,
        242,
        239,
        240,
        242,
        239,
        240,
        242,
        239,
        240,
        242,
        239,
        240,
        242,
        239,
        240,
        242,
        239,
        240,
        242,
        239,
        240,
        242,
        239,
        240,
        242,
        239,
        240,
        242,
        239,
        240,
        242,
        239,
        240,
        242,
        239,
        240,
        242,
        239,
        240,
        242,
        239,
        240,
        242,
        239,
        240,
        242,
        239,
        240,
        242,
        239,
        240,
        242,
        239,
        240,
        242,
        239,
        240,
        242,
        239,
        240,
        242,
        239,
        240,
        242,
        239,
        240,
        242,
        239,
        240,
        242,
        239,
        240,
        242,
        239,
        240,
        242,
        239,
        240,
        242,
        239,
        240,
        241,
        239,
        240,
        242,
        239,
        240,
        242,
        239,
        240,
        242,
        239,
        240,
        242,
        239,
        240,
        242,
        239,
        240,
        242,
        239,
        240,
        242,
        239,
        240,
        241,
        240,
        240,
        242,
        239,
        240,
        241,
        239,
        240,
        242,
        239,
        240,
        240,
        240,
        240,
        240,
        240,
        240,
        241,
        240,
        240,
        242,
        239,
        240,
        241,
        239,
        240,
        242,
        239,
        240,
        241,
        239,
        240,
        241,
        239,
        240,
        241,
        240,
        240,
        241,
        239,
        240,
        240,
        240,
        240,
        240,
        240,
        240,
        240,
        240,
        240,
        241,
        239,
        240,
        241,
        240,
        240,
        241,
        239,
        240,
        241,
        239,
        240,
        241,
        240,
        240,
        241,
        239,
        240,
        241,
        240,
        240,
        241,
        240,
        240,
        241,
        240,
        240,
        241,
        240,
        240,
        241,
        240,
        240,
        241,
        240,
        240,
        241,
        240,
        240,
        241,
        240,
        240,
        241,
        240,
        240,
        241,
        240,
        240,
        241,
        240,
        240,
        241,
        240,
        240,
        240,
        240,
        240,
        240,
        240,
        240,
        241,
        240,
        240,
        241,
        240,
        240,
        241,
        240,
        240,
        241,
        240,
        240,
        240,
        240,
        240,
        241,
        240,
        240,
        240,
        240,
        240,
        240,
        240,
        240,
        240,
        240,
        240,
        241,
        240,
        240,
        240,
        240,
        240,
        240,
        240,
        240,
        240,
        240,
        240,
        240,
        240,
        240,
        240,
        240,
        240,
        240,
        240,
        240,
        240,
        240,
        240,
        240,
        240,
        240,
        240,
        240,
        240,
        240,
        240,
        240,
        240,
        240,
        240,
        240,
        240,
        240,
        240,
        240,
        240,
        240,
        240,
        240,
        240,
        240,
        240,
        240,
        240,
        240,
        240,
        240,
        240,
        240,
        240,
        240,
        240,
        240,
        240,
        240,
        240,
        240,
        240,
        240,
        240,
        240,
        240,
        240,
        240,
        240,
        240,
        240,
        240,
        240,
        240,
        240,
        240,
        240,
        240,
        240,
        240,
        240,
        240,
        240,
        240,
        240,
        240,
        240,
        240,
        240,
        240,
        240,
        240,
        240,
        240,
        240,
        240,
        240,
        240,
        240,
        240,
        240,
        240,
        240,
        240,
        240,
        240,
        240,
        240,
        240,
        240,
        240,
        240,
        240,
        240,
        240,
        240,
        240,
        240,
        240,
        240,
        240,
        240,
        236,
        237,
        240,
        240,
        240,
        241,
        241,
        241,
        242,
        216,
        220,
        242,
        217,
        221,
        242,
        242,
        242,
        243,
        196,
        204,
        243,
        201,
        207,
        243,
        206,
        211,
        243,
        243,
        243,
        244,
        190,
        198,
        244,
        244,
        244,
        245,
        170,
        181,
        245,
        170,
        182,
        245,
        171,
        182,
        245,
        178,
        188,
        245,
        245,
        245,
        246,
        157,
        171,
        246,
        158,
        172,
        246,
        159,
        172,
        246,
        160,
        174,
        246,
        164,
        177,
        246,
        246,
        246,
        247,
        147,
        162,
        247,
        148,
        163,
        247,
        149,
        164,
        247,
        150,
        165,
        247,
        151,
        165,
        247,
        151,
        166,
        247,
        155,
        169,
        247,
        247,
        247,
        248,
        138,
        155,
        248,
        248,
        248,
        249,
        118,
        138,
        249,
        125,
        143,
        249,
        127,
        145,
        249,
        249,
        249,
        250,
        105,
        127,
        250,
        109,
        131,
        250,
        116,
        136,
        250,
        250,
        250,
        251,
        91,
        115,
        251,
        92,
        117,
        251,
        102,
        125,
        251,
        251,
        251,
        252,
        78,
        104,
        252,
        80,
        106,
        252,
        82,
        108,
        252,
        84,
        110,
        252,
        252,
        252,
        253,
        70,
        98,
        253,
        74,
        101,
        253,
        253,
        253,
        254,
        53,
        83,
        254,
        53,
        84,
        254,
        54,
        85,
        254,
        56,
        87,
        254,
        60,
        89,
        254,
        60,
        90,
        254,
        254,
        254,
        255,
        45,
        77,
        255,
        46,
        78,
        255,
        48,
        80,
        255,
        49,
        80,
        255,
        50,
        81,
        255,
        255,
        255,
        95,
        193,
        98,
        138,
        0,
        0,
        0,
        136,
        116,
        82,
        78,
        83,
        28,
        30,
        31,
        32,
        33,
        35,
        59,
        60,
        61,
        62,
        63,
        64,
        65,
        66,
        67,
        68,
        69,
        70,
        71,
        72,
        73,
        74,
        75,
        76,
        77,
        78,
        79,
        80,
        82,
        83,
        84,
        85,
        86,
        87,
        88,
        89,
        90,
        91,
        92,
        93,
        94,
        95,
        95,
        96,
        97,
        99,
        100,
        102,
        103,
        104,
        105,
        106,
        107,
        109,
        112,
        116,
        116,
        117,
        118,
        120,
        121,
        122,
        123,
        125,
        126,
        128,
        128,
        128,
        129,
        130,
        130,
        131,
        132,
        136,
        137,
        139,
        141,
        142,
        143,
        144,
        146,
        148,
        151,
        155,
        156,
        158,
        159,
        160,
        164,
        168,
        169,
        170,
        173,
        174,
        178,
        180,
        185,
        188,
        189,
        190,
        193,
        196,
        198,
        200,
        201,
        203,
        206,
        210,
        213,
        215,
        216,
        217,
        218,
        220,
        221,
        224,
        225,
        227,
        230,
        232,
        233,
        234,
        235,
        237,
        241,
        242,
        243,
        244,
        246,
        247,
        248,
        250,
        251,
        252,
        253,
        254,
        235,
        24,
        198,
        141,
        0,
        0,
        4,
        68,
        73,
        68,
        65,
        84,
        120,
        218,
        237,
        221,
        75,
        79,
        84,
        103,
        24,
        192,
        241,
        115,
        155,
        25,
        229,
        82,
        110,
        14,
        94,
        160,
        169,
        163,
        70,
        35,
        141,
        169,
        193,
        154,
        180,
        77,
        93,
        181,
        159,
        162,
        219,
        126,
        184,
        126,
        131,
        38,
        93,
        116,
        83,
        87,
        166,
        74,
        209,
        46,
        234,
        189,
        85,
        68,
        161,
        40,
        98,
        4,
        212,
        193,
        57,
        167,
        195,
        48,
        32,
        160,
        13,
        219,
        243,
        202,
        239,
        7,
        36,
        112,
        118,
        243,
        204,
        63,
        79,
        94,
        230,
        2,
        113,
        20,
        127,
        121,
        225,
        112,
        79,
        4,
        97,
        90,
        157,
        191,
        118,
        181,
        200,
        210,
        31,
        190,
        30,
        239,
        175,
        132,
        124,
        59,
        42,
        238,
        202,
        253,
        172,
        249,
        226,
        252,
        153,
        159,
        178,
        75,
        223,
        126,
        110,
        20,
        132,
        171,
        90,
        175,
        87,
        103,
        146,
        47,
        198,
        77,
        130,
        176,
        141,
        157,
        79,
        234,
        195,
        198,
        64,
        216,
        6,
        235,
        73,
        165,
        101,
        12,
        4,
        174,
        146,
        152,
        1,
        225,
        147,
        49,
        50,
        6,
        25,
        131,
        140,
        65,
        198,
        200,
        24,
        100,
        12,
        50,
        6,
        25,
        35,
        99,
        144,
        49,
        200,
        24,
        100,
        140,
        140,
        65,
        198,
        32,
        99,
        144,
        49,
        50,
        6,
        25,
        131,
        140,
        65,
        198,
        200,
        24,
        100,
        12,
        50,
        6,
        25,
        35,
        99,
        144,
        49,
        200,
        24,
        100,
        140,
        140,
        65,
        198,
        32,
        99,
        144,
        49,
        50,
        6,
        25,
        131,
        140,
        65,
        198,
        200,
        24,
        100,
        12,
        50,
        6,
        25,
        35,
        99,
        144,
        49,
        200,
        24,
        100,
        12,
        50,
        70,
        198,
        32,
        99,
        144,
        49,
        200,
        24,
        25,
        131,
        140,
        65,
        198,
        32,
        99,
        100,
        12,
        50,
        6,
        25,
        131,
        140,
        145,
        49,
        200,
        24,
        100,
        12,
        50,
        70,
        198,
        80,
        114,
        89,
        52,
        221,
        219,
        51,
        124,
        208,
        32,
        8,
        89,
        124,
        169,
        183,
        175,
        175,
        62,
        58,
        122,
        180,
        39,
        216,
        155,
        80,
        113,
        47,
        238,
        103,
        75,
        207,
        87,
        87,
        86,
        227,
        90,
        154,
        36,
        233,
        145,
        115,
        141,
        207,
        198,
        70,
        100,
        76,
        104,
        13,
        207,
        62,
        158,
        91,
        124,
        241,
        180,
        25,
        215,
        146,
        116,
        253,
        35,
        187,
        112,
        110,
        162,
        81,
        200,
        152,
        128,
        60,
        153,
        185,
        127,
        111,
        250,
        101,
        43,
        207,
        91,
        105,
        22,
        39,
        235,
        31,
        209,
        252,
        237,
        183,
        43,
        125,
        65,
        158,
        44,
        82,
        247,
        231,
        190,
        212,
        188,
        121,
        237,
        242,
        175,
        51,
        111,
        138,
        162,
        200,
        139,
        205,
        140,
        227,
        36,
        127,
        152,
        39,
        61,
        125,
        50,
        38,
        144,
        85,
        124,
        237,
        202,
        47,
        115,
        69,
        87,
        182,
        126,
        165,
        232,
        156,
        38,
        138,
        27,
        111,
        162,
        108,
        196,
        124,
        8,
        162,
        226,
        233,
        43,
        127,
        181,
        222,
        173,
        178,
        44,
        142,
        219,
        187,
        56,
        78,
        214,
        191,
        158,
        231,
        213,
        227,
        182,
        49,
        1,
        88,
        152,
        250,
        237,
        126,
        94,
        116,
        14,
        20,
        121,
        123,
        13,
        167,
        89,
        212,
        57,
        82,
        36,
        157,
        150,
        159,
        245,
        14,
        14,
        201,
        152,
        242,
        159,
        139,
        127,
        191,
        114,
        191,
        200,
        59,
        21,
        119,
        36,
        91,
        143,
        78,
        20,
        235,
        159,
        83,
        55,
        151,
        205,
        136,
        210,
        155,
        185,
        117,
        119,
        35,
        216,
        110,
        186,
        187,
        158,
        140,
        94,
        187,
        59,
        107,
        70,
        148,
        221,
        210,
        159,
        127,
        108,
        171,
        184,
        253,
        205,
        182,
        140,
        59,
        23,
        239,
        60,
        108,
        153,
        18,
        37,
        247,
        247,
        237,
        93,
        149,
        38,
        27,
        1,
        111,
        109,
        231,
        181,
        217,
        121,
        83,
        162,
        228,
        39,
        227,
        71,
        247,
        182,
        246,
        238,
        182,
        140,
        187,
        151,
        58,
        151,
        23,
        159,
        25,
        19,
        229,
        54,
        255,
        184,
        245,
        110,
        241,
        22,
        221,
        140,
        119,
        62,
        5,
        61,
        191,
        98,
        76,
        148,
        219,
        147,
        197,
        29,
        155,
        119,
        219,
        54,
        222,
        186,
        176,
        252,
        58,
        51,
        39,
        202,
        125,
        168,
        248,
        119,
        199,
        143,
        197,
        123,
        47,
        155,
        111,
        95,
        105,
        54,
        205,
        137,
        82,
        123,
        181,
        178,
        107,
        247,
        126,
        224,
        221,
        31,
        73,
        110,
        78,
        148,
        122,
        25,
        175,
        237,
        62,
        9,
        191,
        159,
        113,
        122,
        192,
        161,
        130,
        114,
        75,
        246,
        190,
        50,
        124,
        192,
        152,
        40,
        181,
        234,
        193,
        202,
        158,
        25,
        31,
        234,
        51,
        39,
        202,
        173,
        54,
        178,
        71,
        198,
        113,
        52,
        114,
        216,
        152,
        40,
        183,
        254,
        225,
        189,
        182,
        113,
        239,
        152,
        87,
        28,
        83,
        114,
        163,
        135,
        218,
        251,
        118,
        119,
        198,
        113,
        119,
        15,
        119,
        76,
        52,
        60,
        80,
        65,
        201,
        213,
        143,
        13,
        252,
        207,
        54,
        142,
        55,
        190,
        70,
        78,
        52,
        76,
        137,
        178,
        107,
        156,
        141,
        182,
        237,
        222,
        184,
        155,
        113,
        188,
        185,
        139,
        43,
        23,
        207,
        188,
        53,
        36,
        74,
        159,
        113,
        227,
        216,
        214,
        230,
        237,
        216,
        241,
        32,
        113,
        252,
        205,
        228,
        81,
        51,
        162,
        252,
        78,
        47,
        45,
        44,
        71,
        219,
        54,
        112,
        154,
        198,
        221,
        55,
        49,
        197,
        73,
        122,
        233,
        171,
        83,
        1,
        222,
        36,
        111,
        98,
        218,
        127,
        6,
        106,
        197,
        63,
        121,
        94,
        108,
        217,
        124,
        131,
        127,
        251,
        179,
        231,
        251,
        139,
        19,
        145,
        140,
        9,
        193,
        112,
        165,
        242,
        176,
        245,
        129,
        140,
        147,
        51,
        223,
        77,
        158,
        142,
        100,
        76,
        24,
        70,
        63,
        169,
        205,
        189,
        222,
        172,
        184,
        125,
        54,
        222,
        56,
        37,
        55,
        206,
        159,
        29,
        31,
        53,
        28,
        130,
        113,
        50,
        25,
        188,
        113,
        53,
        122,
        247,
        43,
        94,
        156,
        158,
        60,
        241,
        233,
        120,
        163,
        110,
        50,
        132,
        164,
        49,
        52,
        118,
        252,
        214,
        84,
        231,
        247,
        188,
        34,
        254,
        49,
        237,
        27,
        236,
        31,
        58,
        220,
        31,
        238,
        205,
        241,
        167,
        8,
        247,
        173,
        133,
        71,
        15,
        102,
        30,
        220,
        89,
        110,
        229,
        217,
        233,
        137,
        180,
        86,
        51,
        16,
        66,
        84,
        175,
        159,
        122,
        186,
        240,
        234,
        197,
        203,
        181,
        44,
        26,
        50,
        13,
        130,
        213,
        223,
        223,
        136,
        154,
        171,
        211,
        94,
        35,
        79,
        232,
        170,
        85,
        255,
        194,
        134,
        143,
        129,
        140,
        145,
        49,
        200,
        24,
        100,
        12,
        50,
        70,
        198,
        32,
        99,
        144,
        49,
        200,
        24,
        25,
        131,
        140,
        65,
        198,
        32,
        99,
        100,
        12,
        50,
        6,
        25,
        131,
        140,
        145,
        49,
        200,
        24,
        100,
        12,
        50,
        70,
        198,
        32,
        99,
        144,
        49,
        200,
        24,
        25,
        131,
        140,
        65,
        198,
        32,
        99,
        100,
        12,
        50,
        6,
        25,
        131,
        140,
        145,
        49,
        200,
        24,
        100,
        12,
        50,
        70,
        198,
        32,
        99,
        144,
        49,
        200,
        24,
        25,
        131,
        140,
        65,
        198,
        32,
        99,
        144,
        49,
        50,
        6,
        25,
        131,
        140,
        65,
        198,
        200,
        24,
        100,
        12,
        50,
        6,
        25,
        35,
        99,
        144,
        49,
        200,
        24,
        100,
        204,
        71,
        155,
        241,
        90,
        106,
        8,
        4,
        238,
        109,
        242,
        116,
        209,
        20,
        8,
        219,
        210,
        66,
        114,
        253,
        145,
        49,
        16,
        182,
        217,
        235,
        233,
        236,
        64,
        86,
        77,
        131,
        62,
        88,
        56,
        21,
        237,
        107,
        205,
        197,
        219,
        151,
        127,
        142,
        147,
        100,
        114,
        242,
        200,
        65,
        211,
        32,
        80,
        175,
        230,
        166,
        166,
        242,
        255,
        0,
        195,
        90,
        12,
        235,
        251,
        228,
        192,
        39,
        0,
        0,
        0,
        0,
        73,
        69,
        78,
        68,
        174,
        66,
        96,
        130
      ]
    },
    "stat": {
      "dev": 16777220,
      "mode": 33188,
      "nlink": 1,
      "uid": 501,
      "gid": 20,
      "rdev": 0,
      "blksize": 4194304,
      "ino": 2088869,
      "size": 16731,
      "blocks": 40,
      "atime": "2018-04-17T07:59:11.800Z",
      "mtime": "2018-03-22T08:50:41.061Z",
      "ctime": "2018-03-22T08:50:41.061Z",
      "birthtime": "2018-03-22T08:50:41.061Z"
    },
    "history": [
      "/Users/jiangheng/Desktop/work-code/xxd-h5/src/mods/register/imgs/red_bg.png"
    ],
    "path": "/Users/jiangheng/Desktop/work-code/xxd-h5/src/mods/register/imgs/red_bg.png",
    "gulpCache$filePathChangedInsideTask": false,
    "gulpCache$fileBaseChangedInsideTask": false,
    "gulpCache$originalPath": "/Users/jiangheng/Desktop/work-code/xxd-h5/src/mods/register/imgs/red_bg.png",
    "gulpCache$originalBase": "/Users/jiangheng/Desktop/work-code/xxd-h5/src/mods/"
  }
]