[
  {
    "cwd": "/Users/jiangheng/Desktop/work-code/xxd-h5",
    "base": "/Users/jiangheng/Desktop/work-code/xxd-h5/src/mods/",
    "contents": {
      "type": "Buffer",
      "data": [
        137,
        80,
        78,
        71,
        13,
        10,
        26,
        10,
        0,
        0,
        0,
        13,
        73,
        72,
        68,
        82,
        0,
        0,
        0,
        60,
        0,
        0,
        0,
        60,
        8,
        6,
        0,
        0,
        0,
        58,
        252,
        217,
        114,
        0,
        0,
        4,
        228,
        73,
        68,
        65,
        84,
        120,
        218,
        236,
        155,
        61,
        140,
        220,
        68,
        20,
        199,
        61,
        99,
        123,
        189,
        123,
        187,
        119,
        217,
        251,
        16,
        10,
        31,
        33,
        5,
        137,
        148,
        3,
        58,
        82,
        7,
        69,
        136,
        147,
        80,
        64,
        208,
        32,
        65,
        3,
        18,
        21,
        5,
        77,
        144,
        82,
        4,
        36,
        154,
        36,
        5,
        13,
        13,
        5,
        45,
        10,
        72,
        40,
        82,
        10,
        40,
        105,
        184,
        147,
        16,
        20,
        116,
        8,
        16,
        32,
        62,
        133,
        114,
        129,
        232,
        66,
        146,
        219,
        189,
        253,
        240,
        218,
        51,
        143,
        191,
        247,
        198,
        167,
        193,
        108,
        214,
        235,
        221,
        181,
        205,
        237,
        121,
        164,
        151,
        113,
        180,
        190,
        243,
        252,
        252,
        222,
        188,
        255,
        123,
        147,
        13,
        35,
        34,
        227,
        32,
        13,
        110,
        28,
        176,
        81,
        0,
        23,
        192,
        5,
        112,
        1,
        188,
        175,
        134,
        53,
        236,
        195,
        71,
        95,
        255,
        37,
        238,
        231,
        89,
        100,
        206,
        98,
        80,
        100,
        190,
        235,
        248,
        246,
        157,
        135,
        146,
        1,
        199,
        128,
        14,
        178,
        44,
        96,
        7,
        217,
        116,
        60,
        28,
        3,
        203,
        171,
        183,
        143,
        30,
        231,
        210,
        186,
        140,
        235,
        199,
        50,
        2,
        22,
        176,
        47,
        164,
        233,
        189,
        220,
        170,
        255,
        113,
        13,
        215,
        114,
        84,
        111,
        79,
        178,
        135,
        153,
        250,
        57,
        19,
        176,
        31,
        96,
        62,
        153,
        97,
        72,
        155,
        176,
        83,
        92,
        88,
        239,
        169,
        53,
        240,
        164,
        207,
        230,
        227,
        122,
        183,
        210,
        184,
        247,
        136,
        242,
        108,
        14,
        131,
        173,
        149,
        58,
        139,
        243,
        26,
        48,
        75,
        27,
        216,
        100,
        100,
        30,
        206,
        83,
        93,
        24,
        241,
        106,
        218,
        30,
        222,
        131,
        237,
        27,
        147,
        86,
        142,
        192,
        6,
        49,
        97,
        141,
        227,
        97,
        43,
        1,
        40,
        115,
        218,
        203,
        115,
        182,
        59,
        255,
        56,
        25,
        178,
        110,
        112,
        42,
        9,
        187,
        243,
        26,
        49,
        89,
        149,
        220,
        19,
        184,
        163,
        86,
        234,
        212,
        223,
        196,
        125,
        118,
        54,
        81,
        77,
        230,
        56,
        30,
        182,
        146,
        36,
        42,
        0,
        125,
        130,
        249,
        52,
        11,
        156,
        44,
        255,
        125,
        131,
        52,
        123,
        159,
        74,
        203,
        221,
        224,
        190,
        243,
        100,
        70,
        98,
        60,
        150,
        20,
        242,
        36,
        137,
        106,
        88,
        146,
        66,
        132,
        31,
        131,
        183,
        111,
        100,
        25,
        212,
        105,
        0,
        235,
        149,
        148,
        73,
        92,
        156,
        199,
        131,
        126,
        134,
        109,
        194,
        174,
        35,
        172,
        254,
        130,
        221,
        0,
        232,
        111,
        158,
        211,
        124,
        159,
        139,
        210,
        201,
        125,
        93,
        90,
        70,
        193,
        119,
        22,
        127,
        255,
        8,
        211,
        199,
        176,
        138,
        213,
        171,
        221,
        143,
        16,
        127,
        14,
        224,
        22,
        160,
        45,
        187,
        87,
        61,
        195,
        164,
        121,
        98,
        86,
        128,
        245,
        50,
        46,
        216,
        189,
        194,
        242,
        202,
        43,
        166,
        239,
        156,
        157,
        169,
        230,
        65,
        1,
        178,
        40,
        108,
        96,
        8,
        227,
        59,
        144,
        134,
        13,
        124,
        218,
        175,
        186,
        152,
        228,
        15,
        227,
        214,
        197,
        89,
        241,
        112,
        127,
        84,
        183,
        31,
        120,
        132,
        9,
        251,
        21,
        92,
        30,
        10,
        194,
        24,
        214,
        164,
        224,
        119,
        48,
        217,
        114,
        171,
        183,
        62,
        132,
        108,
        93,
        64,
        65,
        176,
        50,
        51,
        192,
        144,
        156,
        43,
        152,
        142,
        232,
        229,
        122,
        152,
        213,
        156,
        206,
        210,
        49,
        72,
        211,
        186,
        233,
        151,
        159,
        207,
        168,
        188,
        164,
        113,
        90,
        83,
        107,
        148,
        100,
        165,
        73,
        147,
        24,
        97,
        159,
        167,
        166,
        67,
        196,
        232,
        38,
        11,
        182,
        21,
        97,
        29,
        76,
        178,
        136,
        100,
        142,
        212,
        39,
        39,
        201,
        210,
        40,
        230,
        186,
        47,
        112,
        97,
        191,
        132,
        191,
        205,
        145,
        202,
        206,
        125,
        185,
        98,
        178,
        231,
        59,
        205,
        207,
        17,
        210,
        151,
        82,
        98,
        109,
        119,
        107,
        55,
        223,
        50,
        189,
        202,
        97,
        116,
        74,
        14,
        210,
        70,
        167,
        212,
        94,
        122,
        17,
        207,
        243,
        32,
        199,
        119,
        132,
        221,
        189,
        210,
        153,
        255,
        243,
        246,
        40,
        208,
        73,
        178,
        180,
        209,
        62,
        180,
        249,
        35,
        166,
        139,
        129,
        44,
        65,
        146,
        142,
        151,
        186,
        245,
        55,
        84,
        33,
        111,
        57,
        173,
        229,
        103,
        240,
        78,
        22,
        82,
        105,
        130,
        45,
        119,
        221,
        238,
        46,
        156,
        134,
        42,
        156,
        25,
        8,
        209,
        171,
        60,
        141,
        233,
        89,
        45,
        2,
        105,
        26,
        123,
        88,
        106,
        89,
        218,
        231,
        210,
        174,
        64,
        119,
        79,
        101,
        82,
        83,
        113,
        185,
        101,
        122,
        229,
        181,
        33,
        1,
        248,
        132,
        106,
        106,
        72,
        173,
        143,
        221,
        13,
        122,
        2,
        89,
        18,
        129,
        44,
        173,
        27,
        253,
        194,
        218,
        176,
        33,
        75,
        171,
        184,
        181,
        158,
        82,
        225,
        140,
        231,
        178,
        97,
        107,
        181,
        149,
        145,
        6,
        61,
        21,
        89,
        90,
        101,
        193,
        30,
        54,
        140,
        50,
        246,
        175,
        141,
        36,
        18,
        148,
        151,
        54,
        18,
        136,
        112,
        43,
        141,
        203,
        78,
        123,
        229,
        34,
        35,
        182,
        156,
        226,
        193,
        93,
        220,
        105,
        8,
        215,
        114,
        14,
        77,
        12,
        12,
        89,
        186,
        138,
        233,
        65,
        189,
        93,
        9,
        135,
        35,
        151,
        86,
        165,
        233,
        126,
        150,
        158,
        44,
        5,
        205,
        2,
        139,
        3,
        142,
        109,
        40,
        146,
        52,
        15,
        44,
        230,
        77,
        167,
        45,
        75,
        222,
        144,
        207,
        252,
        81,
        15,
        3,
        146,
        120,
        152,
        107,
        178,
        84,
        209,
        101,
        9,
        33,
        237,
        247,
        156,
        198,
        70,
        16,
        210,
        41,
        245,
        250,
        139,
        196,
        253,
        175,
        153,
        40,
        221,
        55,
        216,
        247,
        242,
        43,
        149,
        95,
        98,
        95,
        122,
        162,
        144,
        134,
        44,
        253,
        128,
        233,
        66,
        84,
        150,
        240,
        68,
        179,
        220,
        90,
        121,
        59,
        173,
        164,
        101,
        250,
        165,
        181,
        110,
        109,
        235,
        156,
        213,
        155,
        251,
        201,
        216,
        61,
        203,
        66,
        124,
        51,
        129,
        63,
        123,
        120,
        230,
        182,
        231,
        52,
        174,
        78,
        11,
        88,
        207,
        210,
        161,
        44,
        249,
        89,
        203,
        18,
        150,
        80,
        43,
        239,
        220,
        243,
        46,
        60,
        185,
        169,
        50,
        48,
        181,
        23,
        174,
        191,
        42,
        45,
        119,
        11,
        215,
        77,
        88,
        75,
        173,
        43,
        246,
        156,
        58,
        73,
        225,
        33,
        181,
        189,
        98,
        226,
        237,
        250,
        89,
        215,
        253,
        40,
        112,
        142,
        238,
        237,
        47,
        50,
        91,
        88,
        80,
        3,
        151,
        29,
        152,
        171,
        246,
        184,
        48,
        254,
        115,
        248,
        148,
        28,
        152,
        180,
        194,
        67,
        132,
        30,
        134,
        252,
        136,
        92,
        219,
        30,
        226,
        29,
        5,
        219,
        133,
        245,
        34,
        176,
        52,
        45,
        224,
        48,
        179,
        139,
        224,
        20,
        43,
        79,
        94,
        188,
        112,
        79,
        129,
        122,
        202,
        9,
        98,
        154,
        73,
        139,
        34,
        210,
        35,
        227,
        66,
        39,
        131,
        51,
        60,
        17,
        86,
        125,
        145,
        245,
        76,
        45,
        75,
        71,
        161,
        89,
        174,
        192,
        187,
        17,
        166,
        59,
        96,
        164,
        26,
        96,
        220,
        127,
        16,
        207,
        25,
        54,
        172,
        188,
        70,
        46,
        59,
        39,
        6,
        222,
        183,
        163,
        0,
        46,
        128,
        11,
        224,
        131,
        5,
        188,
        39,
        77,
        146,
        123,
        183,
        114,
        92,
        183,
        36,
        211,
        119,
        199,
        105,
        71,
        199,
        241,
        112,
        95,
        251,
        220,
        234,
        223,
        215,
        136,
        209,
        247,
        249,
        8,
        146,
        252,
        210,
        183,
        219,
        237,
        172,
        128,
        195,
        50,
        211,
        247,
        157,
        230,
        89,
        212,
        120,
        191,
        102,
        12,
        251,
        157,
        87,
        222,
        62,
        167,
        85,
        88,
        169,
        127,
        109,
        105,
        175,
        77,
        236,
        86,
        183,
        190,
        129,
        61,
        133,
        235,
        160,
        71,
        173,
        24,
        187,
        7,
        105,
        105,
        20,
        37,
        164,
        234,
        230,
        142,
        106,
        5,
        119,
        180,
        118,
        48,
        209,
        73,
        139,
        53,
        78,
        56,
        171,
        183,
        235,
        169,
        78,
        37,
        60,
        126,
        105,
        169,
        223,
        151,
        22,
        176,
        175,
        160,
        93,
        101,
        126,
        22,
        30,
        166,
        72,
        111,
        108,
        40,
        120,
        215,
        24,
        241,
        16,
        109,
        2,
        96,
        210,
        186,
        34,
        47,
        18,
        210,
        148,
        102,
        72,
        83,
        164,
        51,
        9,
        23,
        192,
        83,
        172,
        179,
        41,
        178,
        157,
        116,
        75,
        125,
        15,
        235,
        15,
        15,
        225,
        103,
        250,
        187,
        150,
        131,
        90,
        196,
        255,
        229,
        183,
        105,
        167,
        9,
        60,
        149,
        135,
        231,
        115,
        82,
        82,
        252,
        55,
        158,
        2,
        184,
        0,
        46,
        128,
        247,
        209,
        248,
        71,
        128,
        1,
        0,
        237,
        46,
        12,
        249,
        27,
        246,
        110,
        75,
        0,
        0,
        0,
        0,
        73,
        69,
        78,
        68,
        174,
        66,
        96,
        130
      ]
    },
    "stat": {
      "dev": 16777220,
      "mode": 33188,
      "nlink": 1,
      "uid": 501,
      "gid": 20,
      "rdev": 0,
      "blksize": 4194304,
      "ino": 2088712,
      "size": 2161,
      "blocks": 8,
      "atime": "2018-04-17T07:59:11.792Z",
      "mtime": "2018-03-22T08:50:41.023Z",
      "ctime": "2018-03-22T08:50:41.023Z",
      "birthtime": "2018-03-22T08:50:41.023Z"
    },
    "history": [
      "/Users/jiangheng/Desktop/work-code/xxd-h5/src/mods/mypurse/imgs/record_icon@3x.png"
    ],
    "path": "/Users/jiangheng/Desktop/work-code/xxd-h5/src/mods/mypurse/imgs/record_icon@3x.png",
    "gulpCache$filePathChangedInsideTask": false,
    "gulpCache$fileBaseChangedInsideTask": false,
    "gulpCache$originalPath": "/Users/jiangheng/Desktop/work-code/xxd-h5/src/mods/mypurse/imgs/record_icon@3x.png",
    "gulpCache$originalBase": "/Users/jiangheng/Desktop/work-code/xxd-h5/src/mods/"
  }
]