[
  {
    "cwd": "/Users/jiangheng/Desktop/work-code/xxd-h5",
    "base": "/Users/jiangheng/Desktop/work-code/xxd-h5/src/mods/",
    "contents": {
      "type": "Buffer",
      "data": [
        137,
        80,
        78,
        71,
        13,
        10,
        26,
        10,
        0,
        0,
        0,
        13,
        73,
        72,
        68,
        82,
        0,
        0,
        0,
        26,
        0,
        0,
        0,
        12,
        8,
        4,
        0,
        0,
        0,
        214,
        204,
        101,
        195,
        0,
        0,
        0,
        249,
        73,
        68,
        65,
        84,
        40,
        207,
        141,
        210,
        49,
        40,
        4,
        112,
        20,
        7,
        224,
        119,
        199,
        96,
        83,
        12,
        40,
        25,
        25,
        88,
        148,
        108,
        234,
        146,
        108,
        138,
        201,
        32,
        11,
        27,
        59,
        147,
        20,
        41,
        186,
        1,
        69,
        49,
        127,
        139,
        141,
        162,
        20,
        49,
        73,
        49,
        88,
        148,
        88,
        41,
        139,
        133,
        148,
        12,
        238,
        254,
        150,
        139,
        59,
        29,
        233,
        55,
        189,
        122,
        95,
        239,
        245,
        122,
        225,
        78,
        159,
        248,
        61,
        233,
        71,
        76,
        58,
        13,
        167,
        94,
        116,
        255,
        23,
        25,
        83,
        176,
        17,
        234,
        93,
        123,
        210,
        251,
        31,
        100,
        66,
        193,
        190,
        154,
        16,
        182,
        37,
        111,
        198,
        255,
        70,
        106,
        229,
        37,
        207,
        174,
        100,
        67,
        143,
        162,
        105,
        187,
        146,
        29,
        77,
        191,
        33,
        157,
        46,
        36,
        243,
        186,
        124,
        152,
        8,
        135,
        206,
        100,
        100,
        204,
        122,
        247,
        106,
        89,
        203,
        79,
        164,
        221,
        150,
        15,
        143,
        134,
        82,
        164,
        176,
        233,
        49,
        140,
        233,
        40,
        53,
        180,
        59,
        150,
        20,
        156,
        152,
        51,
        44,
        39,
        103,
        212,
        130,
        115,
        73,
        114,
        174,
        190,
        52,
        179,
        209,
        82,
        229,
        50,
        43,
        110,
        173,
        187,
        151,
        202,
        114,
        99,
        209,
        170,
        123,
        217,
        239,
        131,
        148,
        147,
        172,
        7,
        51,
        66,
        104,
        51,
        232,
        210,
        129,
        126,
        205,
        41,
        82,
        104,
        85,
        52,
        80,
        29,
        117,
        42,
        106,
        253,
        170,
        246,
        172,
        149,
        29,
        226,
        200,
        92,
        117,
        84,
        103,
        164,
        172,
        170,
        68,
        45,
        26,
        170,
        163,
        202,
        228,
        77,
        85,
        123,
        163,
        20,
        41,
        62,
        1,
        35,
        147,
        35,
        81,
        214,
        216,
        52,
        64,
        0,
        0,
        0,
        0,
        73,
        69,
        78,
        68,
        174,
        66,
        96,
        130
      ]
    },
    "stat": {
      "dev": 16777220,
      "mode": 33188,
      "nlink": 1,
      "uid": 501,
      "gid": 20,
      "rdev": 0,
      "blksize": 4194304,
      "ino": 2088672,
      "size": 1273,
      "blocks": 8,
      "atime": "2018-04-17T07:59:11.790Z",
      "mtime": "2018-03-22T08:50:41.015Z",
      "ctime": "2018-03-22T08:50:41.015Z",
      "birthtime": "2018-03-22T08:50:41.015Z"
    },
    "history": [
      "/Users/jiangheng/Desktop/work-code/xxd-h5/src/mods/login/imgs/eye_hide_icon@2x.png"
    ],
    "path": "/Users/jiangheng/Desktop/work-code/xxd-h5/src/mods/login/imgs/eye_hide_icon@2x.png",
    "gulpCache$filePathChangedInsideTask": false,
    "gulpCache$fileBaseChangedInsideTask": false,
    "gulpCache$originalPath": "/Users/jiangheng/Desktop/work-code/xxd-h5/src/mods/login/imgs/eye_hide_icon@2x.png",
    "gulpCache$originalBase": "/Users/jiangheng/Desktop/work-code/xxd-h5/src/mods/"
  },
  {
    "cwd": "/Users/jiangheng/Desktop/work-code/xxd-h5",
    "base": "/Users/jiangheng/Desktop/work-code/xxd-h5/src/mods/",
    "contents": {
      "type": "Buffer",
      "data": [
        137,
        80,
        78,
        71,
        13,
        10,
        26,
        10,
        0,
        0,
        0,
        13,
        73,
        72,
        68,
        82,
        0,
        0,
        0,
        26,
        0,
        0,
        0,
        12,
        8,
        4,
        0,
        0,
        0,
        214,
        204,
        101,
        195,
        0,
        0,
        0,
        249,
        73,
        68,
        65,
        84,
        40,
        207,
        141,
        210,
        49,
        40,
        4,
        112,
        20,
        7,
        224,
        119,
        199,
        96,
        83,
        12,
        40,
        25,
        25,
        88,
        148,
        108,
        234,
        146,
        108,
        138,
        201,
        32,
        11,
        27,
        59,
        147,
        20,
        41,
        186,
        1,
        69,
        49,
        127,
        139,
        141,
        162,
        20,
        49,
        73,
        49,
        88,
        148,
        88,
        41,
        139,
        133,
        148,
        12,
        238,
        254,
        150,
        139,
        59,
        29,
        233,
        55,
        189,
        122,
        95,
        239,
        245,
        122,
        225,
        78,
        159,
        248,
        61,
        233,
        71,
        76,
        58,
        13,
        167,
        94,
        116,
        255,
        23,
        25,
        83,
        176,
        17,
        234,
        93,
        123,
        210,
        251,
        31,
        100,
        66,
        193,
        190,
        154,
        16,
        182,
        37,
        111,
        198,
        255,
        70,
        106,
        229,
        37,
        207,
        174,
        100,
        67,
        143,
        162,
        105,
        187,
        146,
        29,
        77,
        191,
        33,
        157,
        46,
        36,
        243,
        186,
        124,
        152,
        8,
        135,
        206,
        100,
        100,
        204,
        122,
        247,
        106,
        89,
        203,
        79,
        164,
        221,
        150,
        15,
        143,
        134,
        82,
        164,
        176,
        233,
        49,
        140,
        233,
        40,
        53,
        180,
        59,
        150,
        20,
        156,
        152,
        51,
        44,
        39,
        103,
        212,
        130,
        115,
        73,
        114,
        174,
        190,
        52,
        179,
        209,
        82,
        229,
        50,
        43,
        110,
        173,
        187,
        151,
        202,
        114,
        99,
        209,
        170,
        123,
        217,
        239,
        131,
        148,
        147,
        172,
        7,
        51,
        66,
        104,
        51,
        232,
        210,
        129,
        126,
        205,
        41,
        82,
        104,
        85,
        52,
        80,
        29,
        117,
        42,
        106,
        253,
        170,
        246,
        172,
        149,
        29,
        226,
        200,
        92,
        117,
        84,
        103,
        164,
        172,
        170,
        68,
        45,
        26,
        170,
        163,
        202,
        228,
        77,
        85,
        123,
        163,
        20,
        41,
        62,
        1,
        35,
        147,
        35,
        81,
        214,
        216,
        52,
        64,
        0,
        0,
        0,
        0,
        73,
        69,
        78,
        68,
        174,
        66,
        96,
        130
      ]
    },
    "stat": {
      "dev": 16777220,
      "mode": 33188,
      "nlink": 1,
      "uid": 501,
      "gid": 20,
      "rdev": 0,
      "blksize": 4194304,
      "ino": 2088860,
      "size": 1273,
      "blocks": 8,
      "atime": "2018-04-17T07:59:11.799Z",
      "mtime": "2018-03-22T08:50:41.059Z",
      "ctime": "2018-03-22T08:50:41.059Z",
      "birthtime": "2018-03-22T08:50:41.059Z"
    },
    "history": [
      "/Users/jiangheng/Desktop/work-code/xxd-h5/src/mods/register/imgs/eye_hide_icon@2x.png"
    ],
    "path": "/Users/jiangheng/Desktop/work-code/xxd-h5/src/mods/register/imgs/eye_hide_icon@2x.png",
    "gulpCache$filePathChangedInsideTask": true,
    "gulpCache$fileBaseChangedInsideTask": false,
    "gulpCache$originalPath": "/Users/jiangheng/Desktop/work-code/xxd-h5/src/mods/login/imgs/eye_hide_icon@2x.png",
    "gulpCache$originalBase": "/Users/jiangheng/Desktop/work-code/xxd-h5/src/mods/"
  }
]