[
  {
    "cwd": "/Users/jiangheng/Desktop/work-code/xxd-h5",
    "base": "/Users/jiangheng/Desktop/work-code/xxd-h5/src/mods/",
    "contents": {
      "type": "Buffer",
      "data": [
        60,
        33,
        68,
        79,
        67,
        84,
        89,
        80,
        69,
        32,
        104,
        116,
        109,
        108,
        62,
        10,
        60,
        104,
        116,
        109,
        108,
        32,
        108,
        97,
        110,
        103,
        61,
        34,
        101,
        110,
        34,
        62,
        10,
        60,
        104,
        101,
        97,
        100,
        62,
        10,
        32,
        32,
        32,
        32,
        60,
        109,
        101,
        116,
        97,
        32,
        99,
        104,
        97,
        114,
        115,
        101,
        116,
        61,
        34,
        85,
        84,
        70,
        45,
        56,
        34,
        62,
        10,
        32,
        32,
        32,
        32,
        60,
        109,
        101,
        116,
        97,
        32,
        99,
        111,
        110,
        116,
        101,
        110,
        116,
        61,
        34,
        119,
        105,
        100,
        116,
        104,
        61,
        100,
        101,
        118,
        105,
        99,
        101,
        45,
        119,
        105,
        100,
        116,
        104,
        44,
        32,
        105,
        110,
        105,
        116,
        105,
        97,
        108,
        45,
        115,
        99,
        97,
        108,
        101,
        61,
        49,
        46,
        48,
        44,
        32,
        109,
        97,
        120,
        105,
        109,
        117,
        109,
        45,
        115,
        99,
        97,
        108,
        101,
        61,
        49,
        46,
        48,
        44,
        32,
        117,
        115,
        101,
        114,
        45,
        115,
        99,
        97,
        108,
        97,
        98,
        108,
        101,
        61,
        48,
        59,
        34,
        32,
        110,
        97,
        109,
        101,
        61,
        34,
        118,
        105,
        101,
        119,
        112,
        111,
        114,
        116,
        34,
        47,
        62,
        10,
        32,
        32,
        32,
        32,
        60,
        116,
        105,
        116,
        108,
        101,
        62,
        230,
        150,
        176,
        230,
        150,
        176,
        232,
        180,
        183,
        45,
        233,
        163,
        142,
        233,
        153,
        169,
        232,
        131,
        189,
        229,
        138,
        155,
        232,
        175,
        132,
        228,
        188,
        176,
        231,
        187,
        147,
        230,
        158,
        156,
        60,
        47,
        116,
        105,
        116,
        108,
        101,
        62,
        10,
        32,
        32,
        32,
        32,
        60,
        108,
        105,
        110,
        107,
        32,
        114,
        101,
        108,
        61,
        34,
        115,
        116,
        121,
        108,
        101,
        115,
        104,
        101,
        101,
        116,
        34,
        32,
        104,
        114,
        101,
        102,
        61,
        34,
        46,
        46,
        47,
        99,
        115,
        115,
        47,
        98,
        97,
        115,
        101,
        46,
        99,
        115,
        115,
        34,
        62,
        10,
        32,
        32,
        32,
        32,
        60,
        108,
        105,
        110,
        107,
        32,
        114,
        101,
        108,
        61,
        34,
        115,
        116,
        121,
        108,
        101,
        115,
        104,
        101,
        101,
        116,
        34,
        32,
        104,
        114,
        101,
        102,
        61,
        34,
        105,
        110,
        100,
        101,
        120,
        46,
        99,
        115,
        115,
        34,
        62,
        10,
        32,
        32,
        32,
        32,
        60,
        115,
        99,
        114,
        105,
        112,
        116,
        32,
        115,
        114,
        99,
        61,
        34,
        46,
        46,
        47,
        98,
        97,
        115,
        101,
        46,
        106,
        115,
        34,
        62,
        60,
        47,
        115,
        99,
        114,
        105,
        112,
        116,
        62,
        10,
        60,
        47,
        104,
        101,
        97,
        100,
        62,
        10,
        60,
        98,
        111,
        100,
        121,
        62,
        10,
        60,
        100,
        105,
        118,
        32,
        99,
        108,
        97,
        115,
        115,
        61,
        34,
        114,
        105,
        115,
        107,
        45,
        98,
        111,
        120,
        32,
        112,
        111,
        115,
        105,
        116,
        105,
        111,
        110,
        45,
        97,
        34,
        62,
        10,
        32,
        32,
        32,
        32,
        60,
        100,
        105,
        118,
        32,
        99,
        108,
        97,
        115,
        115,
        61,
        34,
        99,
        111,
        109,
        109,
        111,
        110,
        45,
        104,
        101,
        97,
        100,
        101,
        114,
        32,
        114,
        105,
        115,
        107,
        45,
        104,
        101,
        97,
        100,
        101,
        114,
        34,
        62,
        10,
        32,
        32,
        32,
        32,
        32,
        32,
        32,
        32,
        60,
        97,
        32,
        104,
        114,
        101,
        102,
        61,
        34,
        35,
        34,
        32,
        99,
        108,
        97,
        115,
        115,
        61,
        34,
        97,
        114,
        114,
        111,
        119,
        45,
        108,
        101,
        102,
        116,
        45,
        105,
        99,
        111,
        110,
        32,
        104,
        101,
        97,
        100,
        101,
        114,
        45,
        108,
        101,
        102,
        116,
        45,
        97,
        114,
        114,
        111,
        119,
        34,
        62,
        60,
        47,
        97,
        62,
        10,
        32,
        32,
        32,
        32,
        32,
        32,
        32,
        32,
        60,
        100,
        105,
        118,
        32,
        99,
        108,
        97,
        115,
        115,
        61,
        34,
        99,
        111,
        109,
        109,
        111,
        110,
        45,
        104,
        101,
        97,
        100,
        101,
        114,
        45,
        116,
        105,
        116,
        34,
        62,
        233,
        163,
        142,
        233,
        153,
        169,
        232,
        131,
        189,
        229,
        138,
        155,
        232,
        175,
        132,
        228,
        188,
        176,
        231,
        187,
        147,
        230,
        158,
        156,
        60,
        47,
        100,
        105,
        118,
        62,
        10,
        32,
        32,
        32,
        32,
        60,
        47,
        100,
        105,
        118,
        62,
        10,
        32,
        32,
        32,
        32,
        60,
        33,
        45,
        45,
        99,
        111,
        110,
        116,
        101,
        110,
        116,
        45,
        45,
        62,
        10,
        32,
        32,
        32,
        32,
        60,
        100,
        105,
        118,
        32,
        99,
        108,
        97,
        115,
        115,
        61,
        34,
        114,
        105,
        115,
        107,
        45,
        99,
        111,
        110,
        116,
        97,
        105,
        110,
        101,
        114,
        32,
        114,
        105,
        115,
        107,
        114,
        101,
        115,
        117,
        108,
        116,
        45,
        99,
        111,
        110,
        116,
        97,
        105,
        110,
        101,
        114,
        32,
        112,
        111,
        115,
        105,
        116,
        105,
        111,
        110,
        45,
        97,
        32,
        34,
        62,
        10,
        32,
        32,
        32,
        32,
        32,
        32,
        32,
        32,
        60,
        100,
        105,
        118,
        32,
        99,
        108,
        97,
        115,
        115,
        61,
        34,
        114,
        101,
        115,
        117,
        108,
        116,
        45,
        115,
        99,
        111,
        114,
        101,
        34,
        62,
        10,
        32,
        32,
        32,
        32,
        32,
        32,
        32,
        32,
        32,
        32,
        32,
        32,
        60,
        112,
        62,
        230,
        130,
        168,
        231,
        154,
        132,
        230,
        150,
        176,
        230,
        150,
        176,
        232,
        180,
        183,
        230,
        138,
        149,
        232,
        181,
        132,
        232,
        128,
        133,
        233,
        163,
        142,
        233,
        153,
        169,
        230,
        137,
        191,
        229,
        143,
        151,
        232,
        131,
        189,
        229,
        138,
        155,
        228,
        184,
        142,
        229,
        129,
        143,
        229,
        165,
        189,
        32,
        230,
        181,
        139,
        232,
        175,
        149,
        233,
        151,
        174,
        229,
        141,
        183,
        231,
        187,
        147,
        230,
        158,
        156,
        60,
        47,
        112,
        62,
        10,
        32,
        32,
        32,
        32,
        32,
        32,
        32,
        32,
        32,
        32,
        32,
        32,
        60,
        115,
        112,
        97,
        110,
        62,
        53,
        48,
        229,
        136,
        134,
        60,
        47,
        115,
        112,
        97,
        110,
        62,
        10,
        32,
        32,
        32,
        32,
        32,
        32,
        32,
        32,
        60,
        47,
        100,
        105,
        118,
        62,
        10,
        32,
        32,
        32,
        32,
        32,
        32,
        32,
        32,
        60,
        100,
        105,
        118,
        32,
        99,
        108,
        97,
        115,
        115,
        61,
        34,
        114,
        101,
        115,
        117,
        108,
        116,
        45,
        116,
        121,
        112,
        101,
        34,
        62,
        10,
        32,
        32,
        32,
        32,
        32,
        32,
        32,
        32,
        32,
        32,
        32,
        32,
        60,
        112,
        62,
        229,
        177,
        158,
        228,
        186,
        142,
        230,
        181,
        139,
        232,
        175,
        149,
        231,
        177,
        187,
        229,
        158,
        139,
        60,
        47,
        112,
        62,
        10,
        32,
        32,
        32,
        32,
        32,
        32,
        32,
        32,
        32,
        32,
        32,
        32,
        60,
        115,
        112,
        97,
        110,
        62,
        228,
        184,
        173,
        231,
        173,
        137,
        233,
        163,
        142,
        233,
        153,
        169,
        229,
        129,
        143,
        229,
        165,
        189,
        229,
        158,
        139,
        60,
        47,
        115,
        112,
        97,
        110,
        62,
        10,
        32,
        32,
        32,
        32,
        32,
        32,
        32,
        32,
        60,
        47,
        100,
        105,
        118,
        62,
        10,
        32,
        32,
        32,
        32,
        32,
        32,
        32,
        32,
        60,
        100,
        105,
        118,
        32,
        99,
        108,
        97,
        115,
        115,
        61,
        34,
        114,
        101,
        115,
        117,
        108,
        116,
        45,
        116,
        105,
        112,
        115,
        34,
        62,
        10,
        32,
        32,
        32,
        32,
        32,
        32,
        32,
        32,
        32,
        32,
        32,
        32,
        228,
        186,
        178,
        239,
        188,
        140,
        230,
        130,
        168,
        231,
        154,
        132,
        233,
        135,
        145,
        232,
        158,
        141,
        230,
        138,
        149,
        232,
        181,
        132,
        233,
        163,
        142,
        233,
        153,
        169,
        229,
        129,
        143,
        229,
        165,
        189,
        230,
        136,
        150,
        230,
        137,
        191,
        229,
        143,
        151,
        232,
        131,
        189,
        229,
        138,
        155,
        228,
        184,
        173,
        231,
        173,
        137,
        239,
        188,
        140,
        232,
        131,
        189,
        230,
        137,
        191,
        229,
        143,
        151,
        228,
        184,
        128,
        229,
        174,
        154,
        231,
        154,
        132,
        233,
        163,
        142,
        233,
        153,
        169,
        32,
        239,
        188,
        140,
        229,
        143,
        175,
        228,
        187,
        165,
        230,
        138,
        149,
        232,
        181,
        132,
        80,
        50,
        80,
        239,
        188,
        140,
        229,
        187,
        186,
        232,
        174,
        174,
        229,
        156,
        168,
        80,
        50,
        80,
        233,
        162,
        134,
        229,
        159,
        159,
        231,
        154,
        132,
        230,
        138,
        149,
        232,
        181,
        132,
        228,
        184,
        141,
        232,
        166,
        129,
        232,
        182,
        133,
        232,
        191,
        135,
        228,
        184,
        170,
        228,
        186,
        186,
        229,
        143,
        175,
        230,
        148,
        175,
        233,
        133,
        141,
        230,
        148,
        182,
        229,
        133,
        165,
        231,
        154,
        132,
        52,
        48,
        37,
        229,
        143,
        175,
        228,
        187,
        165,
        229,
        156,
        168,
        230,
        150,
        176,
        230,
        150,
        176,
        232,
        180,
        183,
        229,
        129,
        154,
        230,
        138,
        149,
        232,
        181,
        132,
        239,
        188,
        140,
        230,
        179,
        168,
        230,
        132,
        143,
        230,
        142,
        167,
        229,
        136,
        182,
        231,
        148,
        159,
        230,
        180,
        187,
        229,
        188,
        128,
        230,
        148,
        175,
        239,
        188,
        140,
        228,
        187,
        165,
        229,
        143,
        138,
        232,
        135,
        170,
        232,
        186,
        171,
        232,
        181,
        132,
        233,
        135,
        145,
        231,
        154,
        132,
        230,
        181,
        129,
        229,
        138,
        168,
        230,
        128,
        167,
        229,
        147,
        166,
        227,
        128,
        130,
        10,
        32,
        32,
        32,
        32,
        32,
        32,
        32,
        32,
        32,
        32,
        32,
        32,
        239,
        188,
        136,
        230,
        156,
        172,
        230,
        181,
        139,
        232,
        175,
        149,
        228,
        187,
        133,
        233,
        128,
        130,
        231,
        148,
        168,
        228,
        186,
        142,
        228,
        184,
        170,
        228,
        186,
        186,
        239,
        188,
        140,
        231,
        187,
        147,
        230,
        158,
        156,
        228,
        190,
        155,
        229,
        143,
        130,
        232,
        128,
        131,
        239,
        188,
        137,
        10,
        32,
        32,
        32,
        32,
        32,
        32,
        32,
        32,
        60,
        47,
        100,
        105,
        118,
        62,
        10,
        10,
        32,
        32,
        32,
        32,
        32,
        32,
        32,
        32,
        60,
        33,
        45,
        45,
        229,
        173,
        152,
        231,
        174,
        161,
        232,
        180,
        166,
        230,
        136,
        183,
        230,
        156,
        170,
        229,
        188,
        128,
        233,
        128,
        154,
        230,
        143,
        144,
        231,
        164,
        186,
        45,
        45,
        62,
        10,
        32,
        32,
        32,
        32,
        32,
        32,
        32,
        32,
        60,
        100,
        105,
        118,
        32,
        99,
        108,
        97,
        115,
        115,
        61,
        34,
        97,
        99,
        99,
        111,
        117,
        110,
        116,
        45,
        116,
        105,
        112,
        115,
        34,
        62,
        228,
        184,
        186,
        228,
        186,
        134,
        230,
        130,
        168,
        231,
        154,
        132,
        232,
        181,
        132,
        233,
        135,
        145,
        229,
        174,
        137,
        229,
        133,
        168,
        239,
        188,
        140,
        230,
        138,
        149,
        232,
        181,
        132,
        229,
        137,
        141,
        232,
        175,
        183,
        229,
        133,
        136,
        229,
        188,
        128,
        233,
        128,
        154,
        233,
        147,
        182,
        232,
        161,
        140,
        229,
        173,
        152,
        231,
        174,
        161,
        232,
        180,
        166,
        230,
        136,
        183,
        60,
        47,
        100,
        105,
        118,
        62,
        10,
        10,
        32,
        32,
        32,
        32,
        32,
        32,
        32,
        32,
        60,
        100,
        105,
        118,
        32,
        99,
        108,
        97,
        115,
        115,
        61,
        34,
        100,
        105,
        118,
        45,
        98,
        116,
        110,
        34,
        62,
        10,
        32,
        32,
        32,
        32,
        32,
        32,
        32,
        32,
        32,
        32,
        32,
        32,
        60,
        98,
        117,
        116,
        116,
        111,
        110,
        32,
        99,
        108,
        97,
        115,
        115,
        61,
        34,
        97,
        103,
        97,
        105,
        110,
        45,
        114,
        105,
        115,
        107,
        34,
        62,
        233,
        135,
        141,
        230,
        150,
        176,
        230,
        181,
        139,
        232,
        175,
        132,
        60,
        47,
        98,
        117,
        116,
        116,
        111,
        110,
        62,
        10,
        32,
        32,
        32,
        32,
        32,
        32,
        32,
        32,
        32,
        32,
        32,
        32,
        60,
        98,
        117,
        116,
        116,
        111,
        110,
        32,
        99,
        108,
        97,
        115,
        115,
        61,
        34,
        105,
        110,
        118,
        101,
        115,
        116,
        109,
        101,
        110,
        116,
        34,
        62,
        231,
        171,
        139,
        229,
        141,
        179,
        230,
        138,
        149,
        232,
        181,
        132,
        60,
        47,
        98,
        117,
        116,
        116,
        111,
        110,
        62,
        10,
        32,
        32,
        32,
        32,
        32,
        32,
        32,
        32,
        32,
        32,
        32,
        32,
        60,
        33,
        45,
        45,
        229,
        173,
        152,
        231,
        174,
        161,
        232,
        180,
        166,
        230,
        136,
        183,
        230,
        156,
        170,
        229,
        188,
        128,
        233,
        128,
        154,
        230,
        143,
        144,
        231,
        164,
        186,
        45,
        45,
        62,
        10,
        32,
        32,
        32,
        32,
        32,
        32,
        32,
        32,
        32,
        32,
        32,
        32,
        60,
        98,
        117,
        116,
        116,
        111,
        110,
        32,
        99,
        108,
        97,
        115,
        115,
        61,
        34,
        111,
        112,
        101,
        110,
        97,
        99,
        99,
        111,
        117,
        110,
        116,
        34,
        62,
        231,
        171,
        139,
        229,
        141,
        179,
        229,
        188,
        128,
        230,
        136,
        183,
        60,
        47,
        98,
        117,
        116,
        116,
        111,
        110,
        62,
        10,
        32,
        32,
        32,
        32,
        32,
        32,
        32,
        32,
        60,
        47,
        100,
        105,
        118,
        62,
        10,
        32,
        32,
        32,
        32,
        60,
        47,
        100,
        105,
        118,
        62,
        10,
        32,
        32,
        32,
        32,
        60,
        33,
        45,
        45,
        99,
        111,
        110,
        116,
        101,
        110,
        116,
        45,
        45,
        62,
        10,
        60,
        47,
        100,
        105,
        118,
        62,
        10,
        60,
        47,
        98,
        111,
        100,
        121,
        62,
        10,
        60,
        47,
        104,
        116,
        109,
        108,
        62
      ]
    },
    "stat": {
      "dev": 16777220,
      "mode": 33188,
      "nlink": 1,
      "uid": 501,
      "gid": 20,
      "rdev": 0,
      "blksize": 4194304,
      "ino": 2088886,
      "size": 1871,
      "blocks": 8,
      "atime": "2018-04-17T07:59:11.783Z",
      "mtime": "2018-03-22T08:50:41.065Z",
      "ctime": "2018-03-22T08:50:41.065Z",
      "birthtime": "2018-03-22T08:50:41.065Z"
    },
    "history": [
      "/Users/jiangheng/Desktop/work-code/xxd-h5/src/mods/risk_rating/risk_result.html"
    ],
    "path": "/Users/jiangheng/Desktop/work-code/xxd-h5/src/mods/risk_rating/risk_result.html",
    "gulpCache$filePathChangedInsideTask": false,
    "gulpCache$fileBaseChangedInsideTask": false,
    "gulpCache$originalPath": "/Users/jiangheng/Desktop/work-code/xxd-h5/src/mods/risk_rating/risk_result.html",
    "gulpCache$originalBase": "/Users/jiangheng/Desktop/work-code/xxd-h5/src/mods/"
  }
]