[
  {
    "cwd": "/Users/jiangheng/Desktop/work-code/xxd-h5",
    "base": "/Users/jiangheng/Desktop/work-code/xxd-h5/src/mods/",
    "contents": {
      "type": "Buffer",
      "data": [
        137,
        80,
        78,
        71,
        13,
        10,
        26,
        10,
        0,
        0,
        0,
        13,
        73,
        72,
        68,
        82,
        0,
        0,
        0,
        32,
        0,
        0,
        0,
        19,
        8,
        6,
        0,
        0,
        0,
        241,
        148,
        15,
        247,
        0,
        0,
        1,
        249,
        73,
        68,
        65,
        84,
        72,
        137,
        173,
        150,
        177,
        107,
        20,
        81,
        16,
        198,
        127,
        119,
        9,
        17,
        45,
        68,
        99,
        114,
        106,
        32,
        26,
        16,
        177,
        20,
        52,
        141,
        141,
        96,
        35,
        22,
        166,
        210,
        210,
        63,
        65,
        208,
        202,
        66,
        44,
        108,
        180,
        177,
        80,
        80,
        184,
        243,
        15,
        72,
        176,
        144,
        180,
        218,
        104,
        97,
        163,
        160,
        141,
        133,
        41,
        228,
        66,
        140,
        1,
        147,
        128,
        22,
        158,
        90,
        156,
        112,
        252,
        44,
        118,
        22,
        47,
        199,
        190,
        221,
        69,
        252,
        224,
        49,
        236,
        189,
        239,
        205,
        124,
        243,
        230,
        102,
        118,
        27,
        42,
        53,
        48,
        11,
        156,
        1,
        78,
        196,
        154,
        3,
        90,
        192,
        76,
        236,
        111,
        2,
        107,
        192,
        10,
        240,
        14,
        120,
        9,
        124,
        169,
        227,
        24,
        53,
        181,
        90,
        234,
        45,
        117,
        197,
        127,
        195,
        107,
        245,
        170,
        58,
        89,
        18,
        163,
        80,
        64,
        83,
        189,
        166,
        254,
        76,
        56,
        30,
        168,
        75,
        234,
        130,
        58,
        29,
        103,
        166,
        227,
        121,
        41,
        246,
        135,
        241,
        75,
        189,
        167,
        238,
        171,
        35,
        96,
        191,
        250,
        162,
        36,
        171,
        85,
        245,
        116,
        89,
        70,
        177,
        191,
        90,
        112,
        118,
        83,
        61,
        95,
        38,
        96,
        143,
        250,
        166,
        34,
        120,
        43,
        184,
        71,
        213,
        182,
        186,
        174,
        246,
        195,
        182,
        227,
        247,
        188,
        124,
        69,
        34,
        6,
        234,
        237,
        148,
        128,
        39,
        37,
        193,
        7,
        234,
        124,
        240,
        46,
        168,
        189,
        4,
        175,
        23,
        251,
        4,
        127,
        180,
        28,
        57,
        238,
        142,
        10,
        184,
        82,
        18,
        92,
        117,
        49,
        120,
        115,
        234,
        247,
        10,
        110,
        47,
        120,
        196,
        185,
        20,
        46,
        231,
        2,
        246,
        154,
        213,
        167,
        12,
        121,
        86,
        143,
        43,
        120,
        57,
        218,
        254,
        189,
        173,
        20,
        190,
        170,
        7,
        49,
        171,
        73,
        21,
        166,
        194,
        225,
        231,
        154,
        2,
        214,
        131,
        127,
        184,
        130,
        247,
        160,
        161,
        126,
        4,
        142,
        87,
        140,
        139,
        70,
        216,
        62,
        48,
        81,
        99,
        188,
        252,
        6,
        118,
        5,
        183,
        95,
        194,
        219,
        104,
        2,
        55,
        107,
        56,
        156,
        10,
        187,
        93,
        131,
        11,
        176,
        21,
        246,
        64,
        5,
        239,
        81,
        19,
        120,
        10,
        44,
        86,
        16,
        231,
        195,
        62,
        171,
        41,
        224,
        121,
        216,
        147,
        37,
        156,
        13,
        224,
        225,
        240,
        12,
        120,
        95,
        82,
        171,
        225,
        46,
        72,
        181,
        96,
        142,
        186,
        93,
        112,
        209,
        145,
        57,
        48,
        171,
        174,
        37,
        200,
        255,
        123,
        14,
        220,
        183,
        96,
        16,
        161,
        30,
        83,
        63,
        37,
        14,
        117,
        221,
        57,
        9,
        59,
        102,
        93,
        209,
        15,
        219,
        113,
        231,
        36,
        236,
        38,
        252,
        44,
        171,
        99,
        41,
        1,
        168,
        135,
        212,
        87,
        37,
        34,
        234,
        188,
        11,
        82,
        193,
        59,
        234,
        248,
        48,
        63,
        229,
        100,
        92,
        189,
        161,
        254,
        40,
        112,
        50,
        252,
        54,
        156,
        81,
        39,
        204,
        250,
        125,
        193,
        172,
        230,
        69,
        215,
        190,
        173,
        94,
        42,
        138,
        85,
        150,
        73,
        126,
        149,
        119,
        212,
        173,
        68,
        70,
        85,
        232,
        170,
        215,
        205,
        254,
        228,
        133,
        49,
        26,
        214,
        251,
        34,
        26,
        3,
        206,
        2,
        231,
        128,
        83,
        192,
        17,
        96,
        50,
        214,
        110,
        178,
        97,
        243,
        141,
        236,
        203,
        168,
        11,
        188,
        141,
        86,
        252,
        80,
        229,
        248,
        15,
        99,
        21,
        105,
        183,
        67,
        39,
        124,
        199,
        0,
        0,
        0,
        0,
        73,
        69,
        78,
        68,
        174,
        66,
        96,
        130
      ]
    },
    "stat": {
      "dev": 16777220,
      "mode": 33188,
      "nlink": 1,
      "uid": 501,
      "gid": 20,
      "rdev": 0,
      "blksize": 4194304,
      "ino": 2088696,
      "size": 562,
      "blocks": 8,
      "atime": "2018-04-17T07:59:11.791Z",
      "mtime": "2018-03-22T08:50:41.020Z",
      "ctime": "2018-03-22T08:50:41.020Z",
      "birthtime": "2018-03-22T08:50:41.020Z"
    },
    "history": [
      "/Users/jiangheng/Desktop/work-code/xxd-h5/src/mods/mypurse/imgs/eye_open_icon.png"
    ],
    "path": "/Users/jiangheng/Desktop/work-code/xxd-h5/src/mods/mypurse/imgs/eye_open_icon.png",
    "gulpCache$filePathChangedInsideTask": false,
    "gulpCache$fileBaseChangedInsideTask": false,
    "gulpCache$originalPath": "/Users/jiangheng/Desktop/work-code/xxd-h5/src/mods/mypurse/imgs/eye_open_icon.png",
    "gulpCache$originalBase": "/Users/jiangheng/Desktop/work-code/xxd-h5/src/mods/"
  }
]