[
  {
    "cwd": "/Users/jiangheng/Desktop/work-code/xxd-h5",
    "base": "/Users/jiangheng/Desktop/work-code/xxd-h5/src/mods/",
    "contents": {
      "type": "Buffer",
      "data": [
        137,
        80,
        78,
        71,
        13,
        10,
        26,
        10,
        0,
        0,
        0,
        13,
        73,
        72,
        68,
        82,
        0,
        0,
        0,
        20,
        0,
        0,
        0,
        20,
        8,
        6,
        0,
        0,
        0,
        141,
        137,
        29,
        13,
        0,
        0,
        1,
        174,
        73,
        68,
        65,
        84,
        120,
        218,
        172,
        148,
        205,
        74,
        195,
        64,
        16,
        199,
        119,
        146,
        180,
        73,
        109,
        163,
        52,
        173,
        189,
        20,
        68,
        81,
        84,
        196,
        155,
        20,
        122,
        81,
        60,
        137,
        23,
        95,
        192,
        131,
        224,
        205,
        139,
        135,
        250,
        4,
        34,
        120,
        21,
        124,
        7,
        175,
        130,
        79,
        32,
        136,
        23,
        61,
        235,
        69,
        65,
        172,
        34,
        22,
        172,
        173,
        173,
        108,
        218,
        166,
        249,
        88,
        103,
        49,
        181,
        105,
        109,
        90,
        35,
        29,
        248,
        147,
        97,
        51,
        251,
        203,
        204,
        206,
        108,
        128,
        49,
        70,
        134,
        105,
        2,
        25,
        178,
        13,
        29,
        40,
        181,
        156,
        197,
        189,
        135,
        95,
        47,
        99,
        229,
        169,
        5,
        96,
        194,
        49,
        186,
        171,
        40,
        131,
        16,
        118,
        202,
        4,
        59,
        71,
        227,
        79,
        229,
        94,
        176,
        219,
        163,
        233,
        54,
        176,
        219,
        162,
        149,
        137,
        52,
        194,
        46,
        208,
        77,
        182,
        63,
        14,
        91,
        224,
        136,
        179,
        161,
        198,
        232,
        138,
        169,
        124,
        154,
        65,
        74,
        22,
        112,
        227,
        142,
        7,
        230,
        49,
        200,
        202,
        117,
        109,
        141,
        59,
        65,
        128,
        34,
        106,
        206,
        255,
        164,
        216,
        188,
        223,
        94,
        223,
        12,
        9,
        56,
        21,
        63,
        156,
        35,
        216,
        175,
        65,
        51,
        100,
        102,
        88,
        63,
        249,
        110,
        68,
        215,
        11,
        112,
        238,
        234,
        106,
        225,
        156,
        187,
        65,
        128,
        150,
        17,
        125,
        191,
        49,
        149,
        234,
        46,
        118,
        53,
        223,
        90,
        115,
        68,
        243,
        178,
        17,
        43,
        110,
        227,
        26,
        229,
        137,
        246,
        29,
        155,
        206,
        113,
        153,
        156,
        193,
        138,
        54,
        112,
        163,
        209,
        84,
        170,
        57,
        43,
        76,
        169,
        35,
        88,
        13,
        108,
        134,
        42,
        235,
        137,
        165,
        8,
        77,
        101,
        24,
        97,
        103,
        84,
        123,
        124,
        30,
        4,
        4,
        132,
        101,
        128,
        137,
        124,
        92,
        20,
        176,
        5,
        34,
        215,
        52,
        46,
        234,
        150,
        168,
        254,
        4,
        18,
        216,
        199,
        216,
        44,
        213,
        242,
        247,
        253,
        74,
        22,
        129,
        8,
        135,
        28,
        214,
        157,
        180,
        23,
        230,
        90,
        28,
        99,
        15,
        220,
        137,
        232,
        13,
        12,
        25,
        106,
        4,
        79,
        125,
        249,
        207,
        247,
        140,
        193,
        58,
        56,
        82,
        216,
        23,
        40,
        53,
        71,
        82,
        248,
        144,
        3,
        92,
        221,
        49,
        69,
        79,
        166,
        253,
        128,
        0,
        76,
        74,
        4,
        253,
        25,
        224,
        141,
        26,
        247,
        206,
        100,
        7,
        208,
        10,
        213,
        10,
        216,
        217,
        43,
        2,
        76,
        31,
        76,
        98,
        58,
        198,
        94,
        91,
        225,
        218,
        139,
        23,
        232,
        237,
        50,
        107,
        70,
        62,
        74,
        168,
        77,
        244,
        91,
        165,
        131,
        223,
        233,
        185,
        67,
        255,
        134,
        42,
        121,
        135,
        92,
        234,
        17,
        84,
        64,
        21,
        93,
        88,
        63,
        32,
        151,
        133,
        50,
        253,
        128,
        220,
        108,
        87,
        255,
        182,
        47,
        1,
        6,
        0,
        41,
        202,
        147,
        109,
        83,
        112,
        241,
        217,
        0,
        0,
        0,
        0,
        73,
        69,
        78,
        68,
        174,
        66,
        96,
        130
      ]
    },
    "stat": {
      "dev": 16777220,
      "mode": 33188,
      "nlink": 1,
      "uid": 501,
      "gid": 20,
      "rdev": 0,
      "blksize": 4194304,
      "ino": 2088716,
      "size": 1339,
      "blocks": 8,
      "atime": "2018-04-17T07:59:11.792Z",
      "mtime": "2018-03-22T08:50:41.026Z",
      "ctime": "2018-03-22T08:50:41.026Z",
      "birthtime": "2018-03-22T08:50:41.026Z"
    },
    "history": [
      "/Users/jiangheng/Desktop/work-code/xxd-h5/src/mods/mypurse/imgs/user_icon.png"
    ],
    "path": "/Users/jiangheng/Desktop/work-code/xxd-h5/src/mods/mypurse/imgs/user_icon.png",
    "gulpCache$filePathChangedInsideTask": false,
    "gulpCache$fileBaseChangedInsideTask": false,
    "gulpCache$originalPath": "/Users/jiangheng/Desktop/work-code/xxd-h5/src/mods/mypurse/imgs/user_icon.png",
    "gulpCache$originalBase": "/Users/jiangheng/Desktop/work-code/xxd-h5/src/mods/"
  }
]