[
  {
    "cwd": "/Users/jiangheng/Desktop/work-code/xxd-h5",
    "base": "/Users/jiangheng/Desktop/work-code/xxd-h5/src/mods/",
    "contents": {
      "type": "Buffer",
      "data": [
        137,
        80,
        78,
        71,
        13,
        10,
        26,
        10,
        0,
        0,
        0,
        13,
        73,
        72,
        68,
        82,
        0,
        0,
        0,
        66,
        0,
        0,
        0,
        66,
        8,
        6,
        0,
        0,
        0,
        227,
        84,
        0,
        232,
        0,
        0,
        8,
        167,
        73,
        68,
        65,
        84,
        120,
        218,
        213,
        217,
        127,
        108,
        149,
        87,
        25,
        7,
        240,
        83,
        54,
        59,
        154,
        20,
        161,
        77,
        29,
        24,
        193,
        152,
        236,
        7,
        205,
        221,
        28,
        45,
        195,
        132,
        108,
        49,
        52,
        154,
        44,
        56,
        64,
        232,
        116,
        104,
        221,
        68,
        232,
        58,
        217,
        216,
        212,
        254,
        49,
        51,
        136,
        137,
        154,
        37,
        211,
        137,
        23,
        100,
        178,
        66,
        97,
        166,
        148,
        173,
        110,
        142,
        138,
        227,
        86,
        55,
        17,
        70,
        101,
        99,
        26,
        103,
        150,
        240,
        42,
        27,
        183,
        101,
        189,
        227,
        242,
        163,
        151,
        75,
        111,
        239,
        93,
        111,
        40,
        117,
        27,
        182,
        199,
        239,
        219,
        62,
        239,
        125,
        143,
        103,
        231,
        189,
        231,
        188,
        247,
        71,
        173,
        127,
        124,
        18,
        250,
        246,
        251,
        60,
        231,
        121,
        158,
        63,
        11,
        91,
        250,
        215,
        247,
        216,
        36,
        168,
        134,
        70,
        8,
        66,
        23,
        132,
        33,
        14,
        195,
        192,
        201,
        48,
        125,
        11,
        83,
        38,
        72,
        53,
        213,
        197,
        156,
        141,
        115,
        62,
        142,
        45,
        253,
        203,
        123,
        197,
        80,
        10,
        245,
        208,
        1,
        49,
        224,
        121,
        138,
        81,
        175,
        122,
        234,
        93,
        176,
        89,
        51,
        135,
        248,
        18,
        126,
        40,
        160,
        0,
        180,
        64,
        18,
        120,
        145,
        36,
        233,
        141,
        64,
        33,
        102,
        118,
        15,
        241,
        122,
        170,
        16,
        106,
        161,
        19,
        198,
        128,
        79,
        146,
        49,
        122,
        179,
        54,
        159,
        217,
        11,
        117,
        136,
        42,
        104,
        155,
        196,
        229,
        189,
        180,
        209,
        44,
        185,
        31,
        226,
        206,
        99,
        169,
        92,
        53,
        65,
        10,
        248,
        20,
        145,
        162,
        153,
        124,
        237,
        225,
        30,
        226,
        181,
        148,
        95,
        21,
        16,
        2,
        62,
        69,
        133,
        104,
        70,
        163,
        125,
        50,
        135,
        88,
        246,
        90,
        210,
        143,
        0,
        68,
        128,
        79,
        113,
        17,
        154,
        85,
        187,
        147,
        123,
        136,
        87,
        147,
        166,
        234,
        32,
        13,
        60,
        15,
        163,
        240,
        22,
        236,
        135,
        39,
        96,
        35,
        60,
        76,
        54,
        210,
        183,
        253,
        148,
        25,
        205,
        243,
        173,
        52,
        205,
        156,
        117,
        175,
        204,
        33,
        150,
        31,
        77,
        154,
        88,
        10,
        35,
        192,
        115,
        144,
        130,
        157,
        176,
        28,
        102,
        26,
        190,
        199,
        40,
        187,
        156,
        106,
        83,
        57,
        190,
        61,
        66,
        179,
        123,
        190,
        227,
        30,
        226,
        207,
        131,
        58,
        117,
        48,
        2,
        220,
        167,
        227,
        112,
        55,
        92,
        99,
        240,
        134,
        206,
        53,
        212,
        235,
        120,
        14,
        115,
        140,
        208,
        14,
        202,
        222,
        153,
        67,
        172,
        232,
        30,
        204,
        38,
        0,
        105,
        224,
        62,
        68,
        96,
        25,
        148,
        104,
        122,
        231,
        162,
        132,
        122,
        71,
        124,
        206,
        148,
        166,
        93,
        62,
        210,
        211,
        61,
        196,
        145,
        65,
        47,
        21,
        16,
        1,
        110,
        104,
        20,
        30,
        131,
        233,
        89,
        122,
        138,
        62,
        5,
        181,
        80,
        71,
        236,
        127,
        207,
        53,
        172,
        157,
        78,
        111,
        141,
        250,
        152,
        47,
        66,
        59,
        253,
        87,
        175,
        204,
        33,
        190,
        252,
        74,
        194,
        75,
        8,
        184,
        161,
        11,
        176,
        36,
        75,
        47,
        219,
        2,
        248,
        49,
        28,
        133,
        75,
        89,
        122,
        217,
        191,
        123,
        149,
        178,
        181,
        154,
        158,
        75,
        232,
        109,
        211,
        57,
        67,
        114,
        15,
        247,
        16,
        135,
        19,
        42,
        77,
        192,
        13,
        133,
        97,
        158,
        71,
        159,
        171,
        97,
        45,
        252,
        195,
        71,
        63,
        217,
        91,
        52,
        79,
        169,
        199,
        27,
        243,
        104,
        6,
        211,
        126,
        77,
        98,
        125,
        230,
        16,
        43,
        241,
        131,
        164,
        10,
        82,
        192,
        13,
        28,
        167,
        188,
        170,
        207,
        157,
        208,
        103,
        216,
        199,
        68,
        20,
        238,
        242,
        120,
        171,
        138,
        102,
        49,
        233,
        147,
        18,
        103,
        206,
        28,
        98,
        213,
        161,
        1,
        89,
        27,
        112,
        3,
        125,
        48,
        91,
        81,
        95,
        14,
        123,
        12,
        123,
        228,
        162,
        19,
        42,
        20,
        239,
        206,
        166,
        153,
        76,
        122,
        180,
        57,
        117,
        238,
        33,
        14,
        14,
        136,
        106,
        129,
        27,
        184,
        4,
        243,
        165,
        90,
        219,
        92,
        120,
        219,
        176,
        71,
        62,
        78,
        195,
        141,
        138,
        247,
        231,
        211,
        108,
        38,
        61,
        236,
        93,
        221,
        67,
        212,
        255,
        241,
        162,
        168,
        19,
        184,
        129,
        6,
        169,
        206,
        118,
        61,
        156,
        55,
        172,
        47,
        132,
        4,
        212,
        40,
        230,
        104,
        48,
        172,
        183,
        119,
        117,
        15,
        113,
        215,
        203,
        23,
        29,
        1,
        24,
        3,
        174,
        209,
        41,
        212,
        56,
        230,
        64,
        196,
        160,
        182,
        16,
        174,
        192,
        40,
        253,
        123,
        0,
        174,
        83,
        204,
        211,
        105,
        208,
        199,
        222,
        53,
        224,
        30,
        226,
        165,
        184,
        163,
        5,
        184,
        198,
        37,
        152,
        39,
        212,
        216,
        174,
        130,
        99,
        6,
        181,
        249,
        248,
        16,
        186,
        225,
        33,
        168,
        130,
        87,
        132,
        223,
        157,
        128,
        50,
        105,
        166,
        121,
        52,
        171,
        174,
        111,
        75,
        230,
        16,
        95,
        249,
        67,
        220,
        86,
        10,
        73,
        224,
        26,
        143,
        83,
        94,
        244,
        67,
        131,
        58,
        191,
        6,
        161,
        27,
        126,
        2,
        203,
        96,
        134,
        244,
        102,
        179,
        148,
        223,
        169,
        152,
        235,
        113,
        131,
        119,
        236,
        157,
        75,
        199,
        15,
        241,
        213,
        223,
        199,
        109,
        245,
        192,
        53,
        134,
        161,
        138,
        242,
        142,
        27,
        224,
        3,
        33,
        211,
        3,
        65,
        232,
        128,
        16,
        28,
        133,
        191,
        131,
        37,
        176,
        127,
        238,
        134,
        3,
        240,
        12,
        60,
        9,
        143,
        192,
        106,
        88,
        12,
        179,
        165,
        55,
        84,
        174,
        151,
        102,
        27,
        163,
        90,
        49,
        83,
        69,
        51,
        235,
        246,
        170,
        159,
        56,
        68,
        215,
        5,
        91,
        7,
        112,
        141,
        221,
        148,
        21,
        189,
        32,
        101,
        78,
        41,
        50,
        197,
        210,
        35,
        189,
        125,
        76,
        145,
        217,
        109,
        176,
        87,
        199,
        248,
        33,
        238,
        14,
        93,
        176,
        197,
        128,
        107,
        220,
        78,
        89,
        199,
        124,
        24,
        83,
        228,
        170,
        164,
        92,
        177,
        108,
        81,
        188,
        253,
        121,
        41,
        115,
        187,
        193,
        94,
        177,
        241,
        67,
        172,
        62,
        16,
        171,
        6,
        174,
        113,
        14,
        74,
        128,
        9,
        54,
        123,
        100,
        151,
        75,
        185,
        124,
        216,
        111,
        206,
        130,
        107,
        225,
        51,
        112,
        51,
        212,
        66,
        29,
        252,
        64,
        241,
        246,
        94,
        69,
        253,
        57,
        131,
        253,
        170,
        217,
        234,
        223,
        197,
        26,
        129,
        107,
        180,
        3,
        19,
        148,
        64,
        191,
        71,
        246,
        77,
        202,
        235,
        60,
        38,
        245,
        180,
        189,
        12,
        49,
        24,
        130,
        43,
        6,
        115,
        201,
        46,
        193,
        116,
        169,
        103,
        187,
        65,
        93,
        35,
        251,
        218,
        254,
        254,
        32,
        112,
        141,
        117,
        192,
        4,
        55,
        27,
        212,
        232,
        88,
        82,
        79,
        70,
        223,
        242,
        237,
        91,
        39,
        245,
        92,
        103,
        80,
        19,
        100,
        95,
        255,
        109,
        127,
        23,
        112,
        141,
        91,
        129,
        9,
        54,
        120,
        228,
        82,
        208,
        46,
        73,
        121,
        100,
        45,
        169,
        167,
        109,
        31,
        28,
        130,
        103,
        97,
        27,
        108,
        135,
        23,
        225,
        172,
        193,
        140,
        142,
        77,
        82,
        207,
        91,
        13,
        106,
        186,
        88,
        67,
        231,
        249,
        48,
        112,
        141,
        25,
        192,
        4,
        79,
        121,
        228,
        44,
        41,
        199,
        232,
        155,
        42,
        123,
        64,
        145,
        205,
        230,
        147,
        208,
        12,
        111,
        107,
        102,
        221,
        43,
        213,
        205,
        48,
        216,
        47,
        204,
        26,
        246,
        157,
        143,
        3,
        207,
        98,
        8,
        152,
        228,
        79,
        30,
        89,
        75,
        145,
        181,
        232,
        119,
        49,
        232,
        132,
        38,
        152,
        171,
        200,
        153,
        154,
        6,
        235,
        225,
        95,
        30,
        51,
        116,
        43,
        106,
        134,
        52,
        59,
        198,
        217,
        55,
        126,
        115,
        110,
        24,
        120,
        22,
        103,
        128,
        73,
        254,
        230,
        145,
        181,
        20,
        217,
        207,
        194,
        39,
        20,
        223,
        243,
        245,
        5,
        248,
        192,
        112,
        134,
        51,
        154,
        29,
        135,
        217,
        61,
        207,
        159,
        227,
        26,
        189,
        192,
        36,
        150,
        71,
        214,
        82,
        100,
        139,
        233,
        17,
        195,
        25,
        122,
        117,
        123,
        178,
        123,
        159,
        59,
        203,
        53,
        162,
        192,
        36,
        111,
        120,
        100,
        45,
        69,
        214,
        75,
        185,
        226,
        219,
        139,
        112,
        17,
        254,
        45,
        244,
        188,
        12,
        61,
        176,
        15,
        110,
        147,
        242,
        211,
        97,
        64,
        154,
        225,
        13,
        69,
        223,
        168,
        110,
        79,
        118,
        239,
        175,
        207,
        14,
        3,
        207,
        98,
        8,
        152,
        228,
        176,
        71,
        214,
        82,
        100,
        29,
        31,
        135,
        21,
        176,
        13,
        254,
        9,
        199,
        21,
        25,
        75,
        51,
        203,
        251,
        112,
        173,
        84,
        179,
        71,
        202,
        28,
        86,
        244,
        29,
        210,
        244,
        29,
        102,
        223,
        236,
        56,
        27,
        7,
        158,
        197,
        24,
        148,
        1,
        19,
        236,
        242,
        200,
        90,
        82,
        206,
        118,
        15,
        28,
        133,
        43,
        6,
        89,
        75,
        51,
        139,
        109,
        137,
        84,
        243,
        125,
        233,
        247,
        187,
        164,
        223,
        151,
        209,
        14,
        217,
        122,
        198,
        217,
        154,
        103,
        206,
        132,
        129,
        107,
        44,
        0,
        38,
        104,
        246,
        200,
        89,
        82,
        142,
        209,
        183,
        92,
        179,
        31,
        66,
        66,
        248,
        121,
        20,
        110,
        148,
        106,
        54,
        74,
        53,
        205,
        210,
        239,
        23,
        24,
        236,
        23,
        102,
        107,
        246,
        158,
        233,
        2,
        174,
        209,
        0,
        76,
        176,
        200,
        35,
        103,
        73,
        57,
        70,
        223,
        114,
        205,
        70,
        233,
        251,
        167,
        225,
        139,
        80,
        173,
        168,
        121,
        86,
        170,
        89,
        36,
        253,
        190,
        193,
        96,
        191,
        46,
        246,
        173,
        246,
        104,
        16,
        184,
        70,
        43,
        48,
        193,
        85,
        144,
        84,
        228,
        44,
        41,
        199,
        232,
        27,
        207,
        49,
        27,
        85,
        100,
        68,
        87,
        67,
        92,
        200,
        39,
        105,
        54,
        49,
        211,
        106,
        176,
        95,
        144,
        173,
        221,
        19,
        109,
        4,
        174,
        209,
        7,
        76,
        178,
        67,
        145,
        235,
        135,
        102,
        73,
        191,
        71,
        79,
        75,
        209,
        211,
        146,
        50,
        81,
        69,
        70,
        180,
        70,
        202,
        239,
        80,
        100,
        250,
        12,
        246,
        107,
        100,
        235,
        218,
        78,
        87,
        3,
        55,
        80,
        3,
        76,
        176,
        208,
        176,
        206,
        139,
        37,
        245,
        99,
        244,
        77,
        204,
        92,
        132,
        74,
        69,
        206,
        118,
        29,
        36,
        164,
        252,
        66,
        41,
        83,
        99,
        56,
        75,
        53,
        91,
        247,
        171,
        211,
        182,
        24,
        112,
        141,
        45,
        148,
        21,
        29,
        52,
        168,
        243,
        98,
        41,
        250,
        89,
        138,
        220,
        251,
        240,
        2,
        172,
        135,
        69,
        80,
        3,
        27,
        96,
        80,
        202,
        29,
        84,
        244,
        219,
        98,
        48,
        199,
        196,
        31,
        102,
        26,
        159,
        126,
        215,
        214,
        1,
        92,
        35,
        5,
        229,
        148,
        119,
        44,
        132,
        81,
        131,
        90,
        21,
        75,
        234,
        197,
        232,
        91,
        46,
        189,
        70,
        105,
        22,
        177,
        87,
        57,
        205,
        172,
        171,
        157,
        248,
        83,
        221,
        125,
        187,
        223,
        181,
        213,
        3,
        55,
        240,
        40,
        229,
        69,
        219,
        13,
        107,
        101,
        150,
        162,
        151,
        149,
        99,
        175,
        237,
        138,
        94,
        143,
        26,
        214,
        78,
        252,
        241,
        246,
        190,
        93,
        17,
        91,
        41,
        36,
        129,
        107,
        12,
        66,
        37,
        213,
        56,
        202,
        224,
        132,
        65,
        109,
        177,
        156,
        160,
        25,
        196,
        153,
        42,
        105,
        86,
        93,
        173,
        189,
        243,
        196,
        159,
        243,
        155,
        90,
        35,
        142,
        22,
        224,
        6,
        90,
        133,
        26,
        199,
        13,
        144,
        48,
        172,
        47,
        164,
        4,
        189,
        45,
        207,
        211,
        106,
        88,
        239,
        254,
        7,
        207,
        253,
        59,
        35,
        142,
        0,
        140,
        1,
        215,
        176,
        51,
        119,
        8,
        117,
        142,
        207,
        65,
        218,
        160,
        190,
        80,
        210,
        244,
        166,
        60,
        199,
        29,
        62,
        246,
        112,
        255,
        203,
        239,
        254,
        29,
        125,
        162,
        78,
        224,
        6,
        6,
        96,
        142,
        84,
        107,
        187,
        5,
        98,
        134,
        61,
        242,
        17,
        163,
        183,
        228,
        247,
        231,
        208,
        108,
        38,
        61,
        236,
        93,
        221,
        255,
        4,
        254,
        118,
        75,
        159,
        168,
        22,
        184,
        161,
        55,
        161,
        92,
        170,
        183,
        205,
        129,
        35,
        62,
        250,
        248,
        117,
        132,
        222,
        144,
        223,
        45,
        167,
        153,
        76,
        251,
        216,
        187,
        186,
        135,
        88,
        255,
        212,
        59,
        178,
        54,
        224,
        134,
        14,
        65,
        153,
        162,
        199,
        52,
        120,
        0,
        82,
        62,
        122,
        233,
        164,
        168,
        231,
        52,
        197,
        123,
        101,
        52,
        139,
        105,
        175,
        54,
        167,
        214,
        61,
        196,
        47,
        223,
        145,
        85,
        65,
        10,
        184,
        161,
        99,
        48,
        83,
        209,
        199,
        54,
        11,
        126,
        4,
        9,
        31,
        253,
        100,
        9,
        234,
        49,
        203,
        227,
        141,
        153,
        52,
        131,
        105,
        191,
        20,
        237,
        56,
        94,
        159,
        57,
        196,
        3,
        79,
        158,
        82,
        105,
        2,
        238,
        195,
        73,
        184,
        201,
        163,
        151,
        237,
        99,
        176,
        18,
        218,
        33,
        106,
        208,
        47,
        74,
        217,
        149,
        84,
        235,
        213,
        247,
        38,
        122,
        219,
        207,
        172,
        77,
        98,
        143,
        204,
        33,
        30,
        220,
        118,
        202,
        75,
        8,
        184,
        15,
        151,
        161,
        9,
        74,
        178,
        244,
        116,
        84,
        194,
        109,
        176,
        10,
        214,
        146,
        85,
        244,
        173,
        210,
        160,
        190,
        132,
        222,
        186,
        236,
        115,
        198,
        144,
        220,
        203,
        228,
        16,
        21,
        16,
        241,
        249,
        144,
        237,
        117,
        168,
        49,
        88,
        38,
        87,
        53,
        244,
        134,
        223,
        185,
        34,
        180,
        147,
        250,
        16,
        27,
        126,
        209,
        155,
        77,
        0,
        210,
        192,
        115,
        112,
        0,
        22,
        107,
        250,
        251,
        177,
        152,
        122,
        230,
        50,
        75,
        154,
        118,
        249,
        72,
        95,
        247,
        16,
        91,
        123,
        117,
        234,
        96,
        4,
        120,
        142,
        78,
        194,
        38,
        184,
        5,
        74,
        12,
        222,
        115,
        148,
        80,
        205,
        38,
        234,
        145,
        235,
        251,
        35,
        180,
        131,
        242,
        157,
        204,
        33,
        30,
        218,
        210,
        107,
        98,
        41,
        140,
        0,
        207,
        83,
        2,
        94,
        130,
        173,
        240,
        32,
        52,
        192,
        10,
        210,
        64,
        223,
        182,
        82,
        38,
        81,
        128,
        247,
        70,
        104,
        118,
        207,
        221,
        220,
        67,
        4,
        123,
        76,
        213,
        65,
        26,
        248,
        255,
        137,
        52,
        205,
        156,
        117,
        175,
        204,
        33,
        30,
        254,
        121,
        143,
        31,
        1,
        136,
        0,
        159,
        226,
        34,
        52,
        171,
        118,
        39,
        247,
        16,
        155,
        123,
        252,
        170,
        128,
        16,
        240,
        41,
        42,
        68,
        51,
        26,
        237,
        147,
        57,
        196,
        119,
        54,
        135,
        115,
        213,
        4,
        41,
        224,
        83,
        68,
        138,
        102,
        242,
        181,
        135,
        123,
        136,
        159,
        133,
        243,
        81,
        5,
        109,
        192,
        255,
        199,
        218,
        104,
        22,
        223,
        59,
        100,
        14,
        241,
        221,
        39,
        194,
        133,
        80,
        11,
        157,
        48,
        6,
        124,
        146,
        140,
        209,
        155,
        181,
        249,
        204,
        94,
        232,
        67,
        56,
        2,
        208,
        2,
        201,
        34,
        30,
        32,
        73,
        111,
        4,
        10,
        49,
        179,
        123,
        136,
        159,
        158,
        44,
        134,
        82,
        168,
        135,
        14,
        136,
        1,
        207,
        83,
        140,
        122,
        213,
        83,
        239,
        130,
        205,
        154,
        57,
        196,
        247,
        240,
        195,
        36,
        168,
        134,
        70,
        8,
        66,
        23,
        132,
        33,
        14,
        195,
        192,
        201,
        48,
        125,
        11,
        83,
        38,
        72,
        53,
        213,
        197,
        156,
        205,
        57,
        196,
        127,
        0,
        83,
        148,
        60,
        12,
        243,
        28,
        231,
        254,
        0,
        0,
        0,
        0,
        73,
        69,
        78,
        68,
        174,
        66,
        96,
        130
      ]
    },
    "stat": {
      "dev": 16777220,
      "mode": 33188,
      "nlink": 1,
      "uid": 501,
      "gid": 20,
      "rdev": 0,
      "blksize": 4194304,
      "ino": 2088720,
      "size": 3480,
      "blocks": 8,
      "atime": "2018-04-17T07:59:11.792Z",
      "mtime": "2018-03-22T08:50:41.027Z",
      "ctime": "2018-03-22T08:50:41.027Z",
      "birthtime": "2018-03-22T08:50:41.027Z"
    },
    "history": [
      "/Users/jiangheng/Desktop/work-code/xxd-h5/src/mods/mypurse/imgs/xxb@3x.png"
    ],
    "path": "/Users/jiangheng/Desktop/work-code/xxd-h5/src/mods/mypurse/imgs/xxb@3x.png",
    "gulpCache$filePathChangedInsideTask": false,
    "gulpCache$fileBaseChangedInsideTask": false,
    "gulpCache$originalPath": "/Users/jiangheng/Desktop/work-code/xxd-h5/src/mods/mypurse/imgs/xxb@3x.png",
    "gulpCache$originalBase": "/Users/jiangheng/Desktop/work-code/xxd-h5/src/mods/"
  }
]