[
  {
    "cwd": "/Users/jiangheng/Desktop/work-code/xxd-h5",
    "base": "/Users/jiangheng/Desktop/work-code/xxd-h5/src/mods/",
    "contents": {
      "type": "Buffer",
      "data": [
        137,
        80,
        78,
        71,
        13,
        10,
        26,
        10,
        0,
        0,
        0,
        13,
        73,
        72,
        68,
        82,
        0,
        0,
        2,
        238,
        0,
        0,
        0,
        250,
        8,
        3,
        0,
        0,
        0,
        201,
        27,
        50,
        92,
        0,
        0,
        3,
        0,
        80,
        76,
        84,
        69,
        255,
        255,
        255,
        255,
        255,
        255,
        255,
        255,
        255,
        255,
        255,
        255,
        255,
        255,
        255,
        255,
        255,
        255,
        255,
        255,
        255,
        255,
        255,
        255,
        255,
        255,
        255,
        255,
        255,
        255,
        255,
        255,
        255,
        255,
        255,
        255,
        255,
        255,
        255,
        255,
        255,
        255,
        255,
        255,
        255,
        255,
        255,
        255,
        255,
        255,
        255,
        255,
        255,
        255,
        255,
        255,
        255,
        255,
        255,
        255,
        255,
        255,
        255,
        255,
        255,
        255,
        255,
        255,
        255,
        255,
        255,
        255,
        255,
        255,
        255,
        255,
        255,
        255,
        255,
        255,
        255,
        255,
        255,
        255,
        255,
        255,
        255,
        255,
        255,
        255,
        255,
        255,
        255,
        255,
        255,
        255,
        255,
        255,
        255,
        255,
        255,
        255,
        255,
        255,
        255,
        255,
        255,
        255,
        255,
        255,
        255,
        255,
        255,
        255,
        255,
        255,
        255,
        255,
        255,
        255,
        255,
        255,
        255,
        255,
        255,
        255,
        255,
        255,
        255,
        255,
        255,
        255,
        255,
        255,
        255,
        255,
        255,
        255,
        255,
        255,
        255,
        255,
        255,
        255,
        255,
        255,
        255,
        255,
        255,
        255,
        255,
        255,
        255,
        255,
        255,
        255,
        255,
        255,
        255,
        255,
        255,
        255,
        255,
        255,
        255,
        255,
        255,
        255,
        255,
        255,
        255,
        255,
        255,
        255,
        255,
        255,
        255,
        255,
        255,
        255,
        255,
        255,
        255,
        255,
        255,
        255,
        255,
        255,
        255,
        255,
        255,
        255,
        255,
        255,
        255,
        255,
        255,
        255,
        255,
        255,
        255,
        255,
        255,
        255,
        255,
        255,
        255,
        255,
        255,
        255,
        255,
        255,
        255,
        255,
        255,
        255,
        255,
        255,
        255,
        255,
        255,
        255,
        255,
        255,
        255,
        255,
        255,
        255,
        255,
        255,
        255,
        255,
        255,
        255,
        255,
        255,
        255,
        255,
        255,
        255,
        255,
        255,
        255,
        255,
        255,
        255,
        255,
        255,
        255,
        255,
        255,
        255,
        255,
        255,
        255,
        255,
        255,
        255,
        255,
        255,
        255,
        255,
        255,
        255,
        255,
        255,
        255,
        255,
        255,
        255,
        255,
        255,
        255,
        255,
        255,
        255,
        255,
        255,
        255,
        255,
        255,
        255,
        255,
        255,
        255,
        255,
        255,
        255,
        255,
        255,
        255,
        255,
        255,
        255,
        255,
        255,
        255,
        255,
        255,
        255,
        255,
        255,
        255,
        255,
        255,
        255,
        255,
        255,
        255,
        255,
        255,
        255,
        255,
        255,
        255,
        255,
        255,
        255,
        255,
        255,
        255,
        255,
        255,
        255,
        255,
        255,
        255,
        255,
        255,
        255,
        255,
        255,
        255,
        255,
        255,
        255,
        255,
        255,
        255,
        255,
        255,
        255,
        255,
        255,
        255,
        255,
        255,
        255,
        255,
        255,
        255,
        255,
        255,
        255,
        255,
        255,
        255,
        255,
        255,
        255,
        255,
        255,
        255,
        255,
        255,
        255,
        255,
        255,
        255,
        255,
        255,
        255,
        255,
        255,
        255,
        255,
        255,
        255,
        255,
        255,
        255,
        255,
        255,
        255,
        255,
        255,
        255,
        255,
        255,
        255,
        255,
        255,
        255,
        255,
        255,
        255,
        255,
        255,
        255,
        255,
        255,
        255,
        255,
        255,
        255,
        255,
        255,
        255,
        255,
        255,
        255,
        255,
        255,
        255,
        255,
        255,
        255,
        255,
        255,
        255,
        255,
        255,
        255,
        255,
        255,
        255,
        255,
        255,
        255,
        255,
        255,
        255,
        255,
        255,
        255,
        255,
        255,
        255,
        255,
        255,
        255,
        255,
        255,
        255,
        255,
        255,
        255,
        255,
        255,
        255,
        255,
        255,
        255,
        255,
        255,
        255,
        255,
        255,
        255,
        255,
        255,
        255,
        255,
        255,
        255,
        255,
        255,
        255,
        255,
        255,
        255,
        255,
        255,
        255,
        255,
        255,
        255,
        255,
        255,
        255,
        255,
        255,
        255,
        255,
        255,
        255,
        255,
        255,
        255,
        255,
        255,
        255,
        255,
        255,
        255,
        255,
        255,
        255,
        255,
        255,
        255,
        255,
        255,
        255,
        255,
        255,
        255,
        255,
        255,
        255,
        255,
        255,
        255,
        255,
        255,
        255,
        255,
        255,
        255,
        255,
        255,
        255,
        255,
        255,
        255,
        255,
        255,
        255,
        255,
        255,
        255,
        255,
        255,
        255,
        255,
        255,
        255,
        255,
        255,
        255,
        255,
        255,
        255,
        255,
        255,
        255,
        255,
        255,
        255,
        255,
        255,
        255,
        255,
        255,
        255,
        255,
        255,
        255,
        255,
        255,
        255,
        255,
        255,
        255,
        255,
        255,
        255,
        255,
        255,
        255,
        255,
        255,
        255,
        255,
        255,
        255,
        255,
        255,
        255,
        255,
        255,
        255,
        255,
        255,
        255,
        255,
        255,
        255,
        255,
        255,
        255,
        255,
        255,
        255,
        255,
        255,
        255,
        255,
        255,
        255,
        255,
        255,
        255,
        255,
        255,
        255,
        255,
        255,
        255,
        255,
        255,
        255,
        255,
        255,
        255,
        255,
        255,
        255,
        255,
        255,
        255,
        255,
        255,
        255,
        255,
        255,
        255,
        255,
        255,
        255,
        255,
        255,
        255,
        255,
        255,
        255,
        255,
        255,
        255,
        255,
        255,
        255,
        255,
        255,
        255,
        255,
        255,
        255,
        255,
        255,
        255,
        255,
        255,
        255,
        255,
        255,
        255,
        255,
        255,
        255,
        255,
        255,
        255,
        255,
        255,
        255,
        255,
        255,
        255,
        255,
        255,
        255,
        255,
        255,
        255,
        255,
        255,
        255,
        255,
        255,
        255,
        255,
        255,
        255,
        255,
        255,
        255,
        255,
        255,
        255,
        255,
        255,
        255,
        255,
        255,
        255,
        255,
        255,
        255,
        255,
        255,
        255,
        255,
        255,
        255,
        255,
        255,
        255,
        255,
        255,
        255,
        255,
        255,
        255,
        255,
        255,
        255,
        255,
        255,
        255,
        255,
        255,
        255,
        255,
        255,
        255,
        255,
        255,
        255,
        255,
        255,
        255,
        255,
        255,
        255,
        255,
        255,
        255,
        255,
        255,
        255,
        255,
        255,
        255,
        255,
        255,
        255,
        255,
        255,
        255,
        255,
        255,
        255,
        255,
        255,
        255,
        255,
        255,
        255,
        255,
        255,
        255,
        255,
        255,
        255,
        255,
        255,
        255,
        191,
        46,
        72,
        97,
        0,
        0,
        0,
        255,
        116,
        82,
        78,
        83,
        0,
        1,
        2,
        3,
        4,
        5,
        6,
        7,
        8,
        9,
        10,
        11,
        12,
        13,
        14,
        15,
        16,
        17,
        18,
        19,
        20,
        21,
        22,
        23,
        24,
        25,
        26,
        27,
        28,
        29,
        30,
        31,
        32,
        33,
        34,
        35,
        36,
        37,
        38,
        39,
        40,
        41,
        42,
        43,
        44,
        45,
        46,
        47,
        48,
        49,
        50,
        51,
        52,
        53,
        54,
        55,
        56,
        57,
        58,
        59,
        60,
        61,
        62,
        63,
        64,
        65,
        66,
        67,
        68,
        69,
        70,
        71,
        72,
        73,
        74,
        75,
        76,
        77,
        78,
        79,
        80,
        81,
        82,
        83,
        84,
        85,
        86,
        87,
        88,
        89,
        90,
        91,
        92,
        93,
        94,
        95,
        96,
        97,
        98,
        99,
        100,
        101,
        102,
        103,
        104,
        105,
        106,
        107,
        108,
        109,
        110,
        111,
        112,
        113,
        114,
        115,
        116,
        117,
        118,
        119,
        120,
        121,
        122,
        123,
        124,
        125,
        126,
        127,
        128,
        129,
        130,
        131,
        132,
        133,
        134,
        135,
        136,
        137,
        138,
        139,
        140,
        141,
        142,
        143,
        144,
        145,
        146,
        147,
        148,
        149,
        150,
        151,
        152,
        153,
        154,
        155,
        156,
        157,
        158,
        159,
        160,
        161,
        162,
        163,
        164,
        165,
        166,
        167,
        168,
        169,
        170,
        171,
        172,
        173,
        174,
        175,
        176,
        177,
        178,
        179,
        180,
        181,
        182,
        183,
        184,
        185,
        186,
        187,
        188,
        189,
        190,
        191,
        192,
        193,
        194,
        195,
        196,
        197,
        198,
        199,
        200,
        201,
        202,
        203,
        204,
        205,
        206,
        207,
        208,
        209,
        210,
        211,
        212,
        213,
        214,
        215,
        216,
        217,
        218,
        219,
        220,
        221,
        222,
        223,
        224,
        225,
        226,
        227,
        228,
        229,
        230,
        231,
        232,
        233,
        234,
        235,
        236,
        237,
        238,
        239,
        240,
        241,
        242,
        243,
        244,
        245,
        246,
        247,
        248,
        249,
        250,
        251,
        252,
        253,
        254,
        235,
        8,
        217,
        53,
        0,
        0,
        17,
        237,
        73,
        68,
        65,
        84,
        24,
        25,
        237,
        193,
        237,
        139,
        164,
        107,
        126,
        208,
        241,
        239,
        239,
        186,
        31,
        234,
        174,
        234,
        167,
        233,
        238,
        233,
        158,
        241,
        204,
        206,
        209,
        205,
        139,
        96,
        32,
        75,
        34,
        232,
        139,
        221,
        13,
        8,
        18,
        131,
        254,
        27,
        254,
        35,
        162,
        248,
        78,
        36,
        32,
        40,
        130,
        34,
        162,
        136,
        132,
        4,
        20,
        5,
        37,
        81,
        118,
        247,
        196,
        37,
        97,
        131,
        24,
        81,
        36,
        110,
        100,
        99,
        118,
        115,
        118,
        119,
        102,
        186,
        186,
        167,
        186,
        187,
        234,
        126,
        190,
        174,
        203,
        234,
        153,
        123,
        206,
        153,
        217,
        233,
        135,
        170,
        238,
        122,
        184,
        171,
        234,
        247,
        249,
        160,
        148,
        82,
        74,
        41,
        165,
        148,
        82,
        74,
        41,
        165,
        148,
        82,
        74,
        41,
        165,
        148,
        82,
        74,
        41,
        165,
        148,
        82,
        74,
        41,
        165,
        148,
        82,
        74,
        41,
        165,
        148,
        82,
        74,
        41,
        165,
        148,
        82,
        74,
        41,
        165,
        148,
        82,
        74,
        41,
        165,
        148,
        82,
        74,
        41,
        165,
        148,
        82,
        74,
        41,
        165,
        148,
        82,
        74,
        41,
        165,
        148,
        82,
        74,
        41,
        165,
        148,
        82,
        74,
        41,
        165,
        148,
        82,
        74,
        41,
        165,
        148,
        82,
        74,
        41,
        165,
        148,
        82,
        74,
        41,
        165,
        148,
        82,
        74,
        41,
        165,
        148,
        82,
        74,
        41,
        165,
        148,
        82,
        74,
        41,
        165,
        148,
        82,
        74,
        41,
        165,
        148,
        82,
        74,
        41,
        165,
        148,
        82,
        74,
        41,
        165,
        148,
        82,
        74,
        41,
        165,
        148,
        82,
        74,
        41,
        165,
        148,
        82,
        74,
        41,
        165,
        218,
        105,
        23,
        165,
        54,
        133,
        249,
        90,
        23,
        165,
        54,
        132,
        137,
        127,
        41,
        66,
        169,
        205,
        96,
        204,
        214,
        47,
        27,
        148,
        218,
        8,
        70,
        100,
        239,
        107,
        130,
        82,
        155,
        192,
        136,
        200,
        241,
        95,
        68,
        169,
        77,
        96,
        100,
        236,
        249,
        87,
        81,
        106,
        3,
        24,
        185,
        242,
        243,
        159,
        160,
        212,
        250,
        11,
        133,
        43,
        95,
        171,
        95,
        161,
        212,
        186,
        51,
        111,
        5,
        127,
        233,
        16,
        165,
        214,
        157,
        145,
        183,
        194,
        191,
        188,
        131,
        82,
        107,
        206,
        72,
        35,
        250,
        250,
        22,
        74,
        173,
        55,
        35,
        239,
        116,
        190,
        158,
        160,
        212,
        90,
        51,
        242,
        133,
        222,
        55,
        99,
        148,
        90,
        103,
        230,
        61,
        59,
        191,
        18,
        161,
        212,
        26,
        51,
        242,
        158,
        189,
        111,
        132,
        40,
        181,
        190,
        140,
        188,
        239,
        240,
        27,
        1,
        74,
        173,
        45,
        35,
        31,
        56,
        250,
        70,
        128,
        82,
        235,
        202,
        200,
        135,
        158,
        124,
        221,
        160,
        212,
        154,
        10,
        126,
        81,
        62,
        180,
        243,
        232,
        115,
        143,
        82,
        107,
        201,
        200,
        207,
        122,
        246,
        77,
        131,
        82,
        107,
        201,
        200,
        71,
        158,
        125,
        211,
        160,
        212,
        58,
        50,
        242,
        177,
        175,
        124,
        211,
        160,
        212,
        26,
        50,
        114,
        141,
        231,
        127,
        53,
        68,
        169,
        245,
        19,
        252,
        146,
        92,
        99,
        247,
        232,
        71,
        14,
        165,
        214,
        141,
        145,
        107,
        61,
        253,
        213,
        24,
        165,
        214,
        77,
        40,
        92,
        235,
        248,
        215,
        254,
        115,
        129,
        82,
        83,
        18,
        99,
        196,
        136,
        24,
        12,
        34,
        92,
        241,
        30,
        28,
        56,
        239,
        189,
        243,
        206,
        177,
        84,
        161,
        112,
        189,
        195,
        191,
        241,
        59,
        25,
        74,
        77,
        66,
        130,
        55,
        76,
        96,
        132,
        59,
        56,
        103,
        157,
        117,
        214,
        89,
        103,
        89,
        188,
        208,
        112,
        131,
        131,
        191,
        249,
        219,
        35,
        17,
        132,
        55,
        68,
        120,
        159,
        247,
        128,
        7,
        239,
        81,
        155,
        44,
        12,
        163,
        48,
        12,
        66,
        38,
        22,
        4,
        17,
        111,
        121,
        107,
        107,
        91,
        215,
        181,
        99,
        113,
        228,
        111,
        33,
        99,
        24,
        4,
        17,
        4,
        17,
        12,
        99,
        130,
        164,
        223,
        30,
        50,
        1,
        135,
        247,
        30,
        135,
        195,
        123,
        231,
        189,
        119,
        222,
        59,
        239,
        157,
        71,
        173,
        51,
        137,
        226,
        40,
        142,
        132,
        7,
        115,
        117,
        85,
        213,
        85,
        205,
        34,
        132,
        7,
        220,
        104,
        251,
        175,
        127,
        103,
        192,
        221,
        2,
        174,
        231,
        198,
        188,
        107,
        88,
        212,
        250,
        8,
        59,
        157,
        56,
        102,
        70,
        130,
        160,
        3,
        248,
        186,
        170,
        170,
        178,
        102,
        190,
        66,
        195,
        205,
        122,
        191,
        246,
        187,
        47,
        185,
        183,
        32,
        224,
        61,
        206,
        58,
        231,
        172,
        181,
        206,
        90,
        143,
        90,
        93,
        81,
        146,
        116,
        2,
        102,
        78,
        226,
        24,
        112,
        85,
        57,
        198,
        220,
        132,
        134,
        91,
        196,
        127,
        237,
        247,
        126,
        196,
        108,
        4,
        1,
        239,
        56,
        251,
        70,
        109,
        45,
        106,
        165,
        152,
        110,
        47,
        9,
        152,
        163,
        32,
        72,
        192,
        151,
        69,
        81,
        212,
        204,
        67,
        40,
        220,
        38,
        248,
        149,
        255,
        254,
        125,
        102,
        45,
        8,
        120,
        203,
        215,
        182,
        174,
        109,
        93,
        91,
        143,
        106,
        189,
        184,
        215,
        235,
        176,
        8,
        146,
        36,
        96,
        139,
        188,
        40,
        60,
        51,
        22,
        26,
        110,
        247,
        87,
        122,
        255,
        131,
        121,
        145,
        152,
        55,
        188,
        173,
        234,
        170,
        174,
        43,
        143,
        106,
        169,
        206,
        214,
        86,
        196,
        34,
        133,
        225,
        22,
        190,
        204,
        179,
        220,
        49,
        67,
        161,
        112,
        135,
        95,
        236,
        126,
        207,
        51,
        95,
        98,
        34,
        174,
        216,
        234,
        74,
        237,
        81,
        173,
        18,
        237,
        108,
        71,
        44,
        129,
        36,
        201,
        35,
        138,
        60,
        203,
        45,
        51,
        18,
        6,
        220,
        229,
        231,
        183,
        63,
        179,
        44,
        132,
        137,
        24,
        243,
        85,
        85,
        150,
        101,
        229,
        81,
        109,
        16,
        236,
        236,
        36,
        44,
        81,
        183,
        187,
        79,
        145,
        165,
        169,
        103,
        6,
        228,
        239,
        112,
        183,
        211,
        111,
        103,
        44,
        154,
        175,
        202,
        162,
        40,
        107,
        212,
        82,
        117,
        247,
        118,
        132,
        54,
        240,
        89,
        58,
        42,
        120,
        40,
        249,
        187,
        76,
        96,
        244,
        173,
        1,
        75,
        97,
        139,
        178,
        40,
        74,
        143,
        90,
        6,
        179,
        187,
        31,
        211,
        34,
        118,
        148,
        142,
        106,
        30,
        66,
        254,
        30,
        147,
        168,
        126,
        247,
        199,
        44,
        129,
        17,
        17,
        35,
        148,
        121,
        81,
        86,
        30,
        7,
        88,
        188,
        115,
        222,
        161,
        230,
        46,
        218,
        127,
        100,
        104,
        157,
        124,
        56,
        204,
        185,
        183,
        208,
        48,
        137,
        206,
        175,
        254,
        193,
        247,
        89,
        4,
        19,
        154,
        192,
        4,
        129,
        49,
        38,
        48,
        129,
        225,
        75,
        190,
        40,
        139,
        162,
        162,
        97,
        173,
        179,
        245,
        152,
        173,
        235,
        26,
        53,
        7,
        201,
        227,
        93,
        218,
        168,
        215,
        59,
        174,
        134,
        151,
        35,
        207,
        189,
        132,
        134,
        201,
        124,
        253,
        224,
        15,
        28,
        115,
        19,
        68,
        225,
        149,
        32,
        48,
        220,
        164,
        215,
        3,
        151,
        23,
        89,
        225,
        129,
        48,
        228,
        29,
        95,
        151,
        85,
        57,
        102,
        81,
        51,
        211,
        59,
        218,
        166,
        181,
        226,
        131,
        3,
        55,
        186,
        184,
        180,
        188,
        71,
        140,
        49,
        18,
        24,
        49,
        24,
        1,
        49,
        128,
        243,
        128,
        197,
        59,
        231,
        188,
        245,
        206,
        49,
        22,
        26,
        38,
        244,
        11,
        251,
        223,
        41,
        152,
        185,
        48,
        142,
        162,
        56,
        138,
        132,
        137,
        4,
        209,
        14,
        190,
        200,
        179,
        220,
        242,
        5,
        137,
        99,
        174,
        212,
        197,
        149,
        10,
        245,
        96,
        59,
        143,
        183,
        104,
        183,
        96,
        119,
        215,
        143,
        46,
        70,
        18,
        133,
        97,
        16,
        132,
        65,
        16,
        26,
        238,
        226,
        237,
        152,
        252,
        125,
        38,
        118,
        249,
        173,
        1,
        51,
        19,
        198,
        81,
        28,
        69,
        177,
        112,
        47,
        101,
        158,
        101,
        53,
        215,
        112,
        121,
        145,
        23,
        121,
        229,
        81,
        247,
        181,
        119,
        220,
        165,
        221,
        194,
        40,
        10,
        163,
        32,
        140,
        36,
        27,
        94,
        214,
        76,
        67,
        254,
        1,
        147,
        171,
        190,
        251,
        67,
        30,
        46,
        232,
        196,
        157,
        78,
        28,
        240,
        80,
        101,
        150,
        166,
        142,
        107,
        249,
        188,
        200,
        139,
        188,
        240,
        168,
        41,
        201,
        254,
        113,
        135,
        214,
        50,
        81,
        39,
        138,
        226,
        200,
        240,
        165,
        236,
        242,
        178,
        102,
        98,
        242,
        235,
        76,
        193,
        255,
        175,
        63,
        244,
        60,
        64,
        156,
        116,
        146,
        78,
        200,
        236,
        228,
        105,
        154,
        121,
        110,
        224,
        203,
        172,
        200,
        243,
        220,
        161,
        38,
        100,
        14,
        143,
        99,
        90,
        73,
        226,
        78,
        220,
        137,
        35,
        174,
        147,
        94,
        92,
        90,
        38,
        19,
        26,
        166,
        241,
        203,
        71,
        159,
        21,
        220,
        75,
        212,
        237,
        38,
        137,
        97,
        198,
        122,
        61,
        124,
        58,
        26,
        149,
        92,
        71,
        146,
        132,
        177,
        50,
        207,
        138,
        44,
        183,
        168,
        59,
        68,
        199,
        143,
        3,
        90,
        168,
        147,
        36,
        73,
        71,
        184,
        209,
        246,
        182,
        31,
        93,
        92,
        58,
        38,
        32,
        255,
        144,
        233,
        92,
        126,
        231,
        148,
        41,
        5,
        221,
        177,
        128,
        57,
        42,
        71,
        195,
        212,
        115,
        171,
        50,
        203,
        242,
        44,
        115,
        168,
        27,
        108,
        29,
        31,
        8,
        109,
        19,
        117,
        187,
        73,
        34,
        76,
        192,
        13,
        207,
        135,
        158,
        187,
        200,
        63,
        98,
        74,
        246,
        123,
        223,
        103,
        98,
        210,
        29,
        139,
        89,
        0,
        55,
        186,
        28,
        213,
        220,
        165,
        72,
        179,
        49,
        207,
        146,
        153,
        216,
        196,
        65,
        4,
        97,
        196,
        152,
        137,
        93,
        201,
        27,
        133,
        115,
        37,
        165,
        179,
        21,
        11,
        38,
        7,
        79,
        183,
        104,
        153,
        110,
        183,
        219,
        11,
        153,
        66,
        125,
        62,
        200,
        185,
        157,
        252,
        99,
        166,
        246,
        131,
        223,
        175,
        152,
        128,
        233,
        245,
        182,
        186,
        134,
        197,
        241,
        249,
        229,
        101,
        193,
        221,
        124,
        145,
        102,
        105,
        150,
        123,
        22,
        37,
        236,
        109,
        245,
        122,
        73,
        156,
        116,
        146,
        56,
        137,
        227,
        142,
        116,
        184,
        139,
        43,
        203,
        186,
        168,
        138,
        34,
        47,
        138,
        44,
        75,
        179,
        44,
        115,
        204,
        81,
        114,
        252,
        56,
        162,
        85,
        146,
        237,
        94,
        207,
        48,
        189,
        252,
        245,
        121,
        205,
        45,
        228,
        159,
        48,
        189,
        243,
        111,
        191,
        230,
        118,
        193,
        214,
        86,
        175,
        43,
        44,
        94,
        113,
        126,
        81,
        48,
        17,
        159,
        165,
        105,
        150,
        230,
        204,
        77,
        119,
        123,
        119,
        103,
        119,
        103,
        167,
        187,
        181,
        21,
        241,
        96,
        105,
        58,
        26,
        141,
        134,
        151,
        23,
        195,
        243,
        138,
        217,
        50,
        7,
        79,
        118,
        105,
        147,
        100,
        171,
        183,
        109,
        184,
        47,
        127,
        57,
        184,
        116,
        220,
        68,
        254,
        41,
        247,
        96,
        191,
        247,
        127,
        184,
        81,
        180,
        213,
        219,
        74,
        88,
        158,
        252,
        252,
        162,
        96,
        82,
        46,
        205,
        210,
        52,
        45,
        152,
        161,
        100,
        127,
        255,
        209,
        254,
        254,
        222,
        94,
        200,
        92,
        20,
        23,
        23,
        195,
        243,
        203,
        203,
        193,
        235,
        138,
        25,
        232,
        62,
        57,
        14,
        105,
        143,
        96,
        123,
        103,
        43,
        226,
        129,
        234,
        193,
        89,
        193,
        245,
        228,
        159,
        113,
        47,
        127,
        250,
        221,
        146,
        107,
        4,
        219,
        219,
        219,
        29,
        150,
        46,
        191,
        56,
        47,
        152,
        130,
        77,
        71,
        105,
        154,
        150,
        60,
        140,
        57,
        56,
        58,
        60,
        122,
        188,
        223,
        101,
        49,
        210,
        215,
        131,
        215,
        131,
        215,
        131,
        129,
        227,
        190,
        162,
        199,
        199,
        59,
        180,
        71,
        111,
        123,
        187,
        43,
        204,
        196,
        232,
        236,
        220,
        113,
        13,
        249,
        231,
        220,
        207,
        240,
        179,
        151,
        124,
        200,
        244,
        118,
        183,
        187,
        180,
        69,
        62,
        24,
        84,
        76,
        167,
        74,
        71,
        233,
        104,
        84,
        51,
        61,
        217,
        127,
        250,
        228,
        248,
        120,
        223,
        176,
        4,
        238,
        242,
        245,
        233,
        217,
        233,
        233,
        153,
        101,
        58,
        230,
        240,
        248,
        64,
        104,
        11,
        179,
        179,
        179,
        19,
        50,
        67,
        118,
        208,
        207,
        249,
        136,
        252,
        11,
        238,
        201,
        255,
        207,
        63,
        116,
        124,
        33,
        217,
        217,
        221,
        50,
        180,
        203,
        240,
        245,
        133,
        101,
        106,
        229,
        232,
        138,
        101,
        66,
        225,
        147,
        79,
        158,
        62,
        61,
        142,
        89,
        54,
        55,
        56,
        235,
        159,
        158,
        158,
        158,
        123,
        38,
        33,
        123,
        79,
        31,
        135,
        180,
        69,
        180,
        183,
        187,
        37,
        204,
        92,
        218,
        31,
        56,
        62,
        36,
        255,
        146,
        123,
        59,
        253,
        108,
        192,
        21,
        179,
        179,
        187,
        27,
        211,
        70,
        238,
        226,
        236,
        210,
        115,
        31,
        249,
        232,
        138,
        227,
        54,
        230,
        232,
        217,
        179,
        103,
        79,
        3,
        218,
        164,
        238,
        159,
        188,
        58,
        121,
        117,
        234,
        184,
        133,
        236,
        31,
        61,
        142,
        105,
        139,
        100,
        111,
        175,
        199,
        156,
        212,
        167,
        253,
        146,
        247,
        201,
        191,
        226,
        254,
        234,
        255,
        246,
        71,
        190,
        179,
        183,
        183,
        101,
        104,
        175,
        122,
        112,
        150,
        114,
        79,
        62,
        31,
        141,
        210,
        97,
        90,
        243,
        177,
        228,
        249,
        167,
        159,
        62,
        143,
        105,
        41,
        219,
        63,
        121,
        121,
        242,
        234,
        212,
        242,
        49,
        115,
        112,
        124,
        20,
        210,
        22,
        189,
        189,
        71,
        29,
        230,
        201,
        95,
        190,
        186,
        244,
        124,
        65,
        254,
        53,
        247,
        39,
        209,
        197,
        255,
        117,
        180,
        94,
        113,
        246,
        186,
        224,
        1,
        138,
        225,
        104,
        52,
        26,
        86,
        188,
        179,
        243,
        213,
        191,
        240,
        233,
        83,
        161,
        245,
        236,
        217,
        139,
        177,
        1,
        95,
        138,
        31,
        63,
        62,
        12,
        105,
        139,
        238,
        254,
        163,
        14,
        243,
        87,
        156,
        156,
        214,
        52,
        228,
        223,
        112,
        79,
        38,
        233,
        116,
        4,
        251,
        199,
        127,
        230,
        105,
        191,
        225,
        217,
        160,
        230,
        97,
        202,
        225,
        104,
        56,
        26,
        69,
        63,
        247,
        213,
        159,
        59,
        98,
        149,
        228,
        47,
        94,
        252,
        244,
        197,
        139,
        18,
        217,
        61,
        122,
        188,
        43,
        180,
        69,
        242,
        232,
        32,
        97,
        65,
        220,
        233,
        171,
        140,
        55,
        228,
        55,
        184,
        143,
        32,
        73,
        34,
        225,
        141,
        215,
        255,
        59,
        101,
        5,
        248,
        139,
        147,
        11,
        207,
        131,
        68,
        79,
        63,
        121,
        182,
        83,
        149,
        101,
        85,
        214,
        172,
        24,
        83,
        166,
        213,
        197,
        233,
        136,
        150,
        136,
        247,
        15,
        122,
        44,
        212,
        249,
        203,
        115,
        198,
        228,
        55,
        153,
        90,
        152,
        36,
        33,
        95,
        178,
        127,
        242,
        67,
        207,
        42,
        168,
        206,
        250,
        25,
        247,
        36,
        143,
        159,
        125,
        114,
        100,
        104,
        248,
        170,
        170,
        202,
        170,
        114,
        172,
        130,
        160,
        155,
        116,
        35,
        174,
        20,
        167,
        167,
        103,
        167,
        231,
        44,
        89,
        184,
        127,
        184,
        205,
        226,
        101,
        47,
        79,
        29,
        242,
        91,
        76,
        69,
        162,
        36,
        9,
        248,
        25,
        151,
        127,
        116,
        193,
        106,
        24,
        157,
        158,
        214,
        76,
        173,
        243,
        201,
        243,
        103,
        9,
        31,
        179,
        101,
        53,
        86,
        210,
        94,
        65,
        210,
        237,
        198,
        124,
        160,
        62,
        59,
        61,
        61,
        123,
        237,
        88,
        142,
        240,
        209,
        193,
        174,
        176,
        28,
        245,
        201,
        75,
        249,
        183,
        76,
        33,
        238,
        118,
        12,
        215,
        240,
        159,
        255,
        160,
        102,
        53,
        184,
        65,
        255,
        194,
        51,
        133,
        195,
        103,
        207,
        143,
        132,
        219,
        84,
        85,
        85,
        87,
        85,
        229,
        105,
        21,
        137,
        59,
        221,
        36,
        228,
        122,
        254,
        172,
        223,
        63,
        61,
        243,
        44,
        150,
        236,
        30,
        238,
        27,
        150,
        200,
        203,
        191,
        99,
        66,
        18,
        39,
        137,
        225,
        38,
        197,
        15,
        126,
        202,
        170,
        40,
        251,
        253,
        156,
        137,
        132,
        207,
        190,
        242,
        149,
        30,
        19,
        170,
        171,
        178,
        174,
        170,
        202,
        177,
        116,
        18,
        119,
        58,
        157,
        216,
        112,
        7,
        251,
        186,
        223,
        239,
        15,
        60,
        11,
        210,
        123,
        124,
        24,
        177,
        100,
        242,
        239,
        153,
        72,
        220,
        237,
        4,
        220,
        106,
        240,
        199,
        67,
        86,
        198,
        101,
        255,
        212,
        114,
        135,
        173,
        231,
        159,
        62,
        53,
        76,
        205,
        213,
        85,
        85,
        87,
        117,
        229,
        88,
        6,
        19,
        119,
        58,
        157,
        88,
        152,
        88,
        125,
        118,
        122,
        114,
        122,
        225,
        153,
        179,
        232,
        241,
        227,
        30,
        203,
        39,
        255,
        129,
        59,
        73,
        212,
        77,
        12,
        119,
        242,
        63,
        249,
        211,
        138,
        149,
        225,
        206,
        94,
        93,
        112,
        179,
        195,
        231,
        207,
        15,
        121,
        16,
        87,
        85,
        245,
        27,
        158,
        133,
        8,
        227,
        168,
        19,
        197,
        33,
        247,
        81,
        246,
        251,
        39,
        39,
        57,
        243,
        98,
        14,
        14,
        31,
        9,
        109,
        32,
        255,
        145,
        59,
        68,
        73,
        215,
        48,
        153,
        250,
        135,
        63,
        118,
        172,
        142,
        236,
        228,
        164,
        226,
        26,
        230,
        233,
        167,
        207,
        183,
        152,
        25,
        91,
        191,
        101,
        45,
        243,
        32,
        97,
        244,
        134,
        225,
        129,
        134,
        253,
        147,
        254,
        105,
        205,
        172,
        201,
        206,
        227,
        195,
        128,
        150,
        144,
        255,
        196,
        109,
        194,
        164,
        27,
        50,
        133,
        236,
        79,
        250,
        172,
        16,
        127,
        246,
        106,
        192,
        135,
        226,
        103,
        127,
        254,
        89,
        196,
        92,
        120,
        107,
        107,
        107,
        109,
        109,
        107,
        103,
        29,
        15,
        100,
        130,
        176,
        33,
        204,
        142,
        27,
        244,
        79,
        250,
        175,
        153,
        157,
        206,
        209,
        81,
        66,
        123,
        200,
        111,
        115,
        35,
        147,
        116,
        99,
        166,
        117,
        254,
        255,
        46,
        88,
        37,
        197,
        171,
        151,
        37,
        239,
        108,
        63,
        127,
        254,
        196,
        176,
        16,
        214,
        89,
        103,
        173,
        179,
        214,
        91,
        231,
        157,
        115,
        158,
        187,
        4,
        198,
        72,
        96,
        130,
        192,
        132,
        129,
        9,
        3,
        97,
        110,
        202,
        147,
        147,
        87,
        39,
        53,
        15,
        103,
        14,
        143,
        247,
        104,
        21,
        249,
        29,
        174,
        39,
        73,
        183,
        195,
        189,
        156,
        253,
        112,
        200,
        42,
        241,
        131,
        23,
        3,
        15,
        114,
        240,
        252,
        211,
        125,
        150,
        199,
        121,
        135,
        5,
        188,
        3,
        28,
        111,
        24,
        198,
        2,
        196,
        136,
        24,
        97,
        145,
        252,
        224,
        228,
        228,
        213,
        5,
        15,
        177,
        115,
        124,
        24,
        210,
        50,
        242,
        95,
        184,
        134,
        196,
        221,
        68,
        184,
        183,
        254,
        143,
        82,
        86,
        74,
        121,
        234,
        159,
        60,
        239,
        161,
        62,
        148,
        159,
        188,
        234,
        247,
        107,
        238,
        35,
        62,
        122,
        210,
        165,
        125,
        228,
        91,
        124,
        36,
        232,
        118,
        3,
        30,
        196,
        247,
        63,
        79,
        89,
        25,
        209,
        193,
        254,
        163,
        160,
        76,
        11,
        143,
        250,
        136,
        63,
        59,
        121,
        117,
        50,
        98,
        42,
        114,
        120,
        252,
        72,
        104,
        35,
        249,
        54,
        31,
        146,
        164,
        23,
        243,
        112,
        254,
        236,
        243,
        17,
        43,
        64,
        182,
        246,
        247,
        183,
        132,
        43,
        54,
        203,
        44,
        234,
        58,
        105,
        255,
        228,
        164,
        239,
        152,
        204,
        246,
        147,
        163,
        144,
        150,
        146,
        207,
        120,
        95,
        220,
        77,
        132,
        25,
        121,
        253,
        147,
        11,
        218,
        45,
        220,
        123,
        244,
        40,
        230,
        61,
        69,
        90,
        160,
        174,
        231,
        78,
        79,
        78,
        78,
        50,
        238,
        16,
        29,
        63,
        233,
        209,
        94,
        242,
        95,
        249,
        66,
        208,
        237,
        6,
        204,
        210,
        232,
        39,
        103,
        158,
        182,
        234,
        237,
        29,
        236,
        240,
        17,
        155,
        165,
        14,
        117,
        147,
        225,
        201,
        203,
        147,
        115,
        207,
        13,
        100,
        255,
        207,
        237,
        11,
        109,
        38,
        223,
        229,
        45,
        73,
        186,
        49,
        51,
        87,
        188,
        56,
        173,
        105,
        159,
        112,
        111,
        119,
        47,
        230,
        6,
        69,
        90,
        160,
        110,
        86,
        244,
        95,
        246,
        251,
        142,
        143,
        108,
        61,
        121,
        18,
        209,
        114,
        242,
        123,
        92,
        9,
        122,
        93,
        195,
        92,
        184,
        211,
        151,
        41,
        109,
        18,
        108,
        239,
        238,
        110,
        113,
        171,
        58,
        203,
        28,
        234,
        22,
        238,
        244,
        213,
        201,
        73,
        193,
        151,
        162,
        163,
        39,
        59,
        180,
        159,
        252,
        62,
        72,
        167,
        23,
        51,
        71,
        195,
        147,
        51,
        71,
        43,
        152,
        237,
        157,
        157,
        109,
        225,
        110,
        62,
        207,
        74,
        212,
        173,
        252,
        121,
        255,
        213,
        203,
        148,
        49,
        57,
        60,
        58,
        52,
        172,
        2,
        249,
        94,
        216,
        237,
        10,
        115,
        102,
        7,
        253,
        33,
        75,
        22,
        108,
        111,
        237,
        108,
        9,
        19,
        179,
        105,
        230,
        81,
        119,
        24,
        189,
        58,
        201,
        186,
        71,
        17,
        43,
        66,
        126,
        16,
        177,
        16,
        197,
        217,
        235,
        156,
        101,
        233,
        108,
        247,
        182,
        19,
        97,
        74,
        62,
        203,
        106,
        212,
        173,
        130,
        36,
        9,
        235,
        209,
        112,
        52,
        242,
        172,
        2,
        249,
        51,
        22,
        38,
        29,
        188,
        46,
        89,
        180,
        176,
        215,
        219,
        234,
        133,
        220,
        83,
        149,
        22,
        30,
        117,
        3,
        73,
        146,
        152,
        183,
        220,
        104,
        52,
        28,
        57,
        218,
        78,
        62,
        103,
        145,
        210,
        243,
        139,
        140,
        69,
        137,
        146,
        110,
        175,
        219,
        225,
        97,
        92,
        150,
        89,
        212,
        199,
        36,
        78,
        58,
        194,
        7,
        70,
        195,
        209,
        200,
        210,
        102,
        242,
        99,
        22,
        172,
        188,
        184,
        24,
        57,
        230,
        203,
        116,
        146,
        164,
        219,
        13,
        153,
        141,
        50,
        43,
        80,
        31,
        138,
        146,
        142,
        225,
        26,
        62,
        31,
        141,
        134,
        53,
        109,
        37,
        63,
        101,
        241,
        252,
        104,
        56,
        204,
        60,
        243,
        16,
        116,
        58,
        157,
        164,
        19,
        11,
        51,
        101,
        179,
        204,
        161,
        222,
        9,
        147,
        36,
        224,
        22,
        197,
        104,
        56,
        170,
        104,
        35,
        121,
        193,
        114,
        216,
        52,
        27,
        165,
        142,
        153,
        9,
        227,
        78,
        28,
        117,
        226,
        144,
        249,
        240,
        69,
        86,
        162,
        198,
        130,
        36,
        9,
        185,
        91,
        57,
        26,
        165,
        5,
        109,
        35,
        47,
        88,
        30,
        95,
        228,
        99,
        150,
        7,
        48,
        97,
        28,
        198,
        81,
        24,
        69,
        134,
        121,
        179,
        89,
        238,
        217,
        112,
        38,
        137,
        35,
        38,
        86,
        167,
        163,
        180,
        240,
        180,
        136,
        188,
        98,
        217,
        170,
        162,
        40,
        203,
        178,
        98,
        98,
        18,
        154,
        32,
        8,
        195,
        32,
        136,
        130,
        200,
        176,
        64,
        62,
        207,
        106,
        54,
        87,
        208,
        233,
        68,
        76,
        203,
        166,
        105,
        154,
        123,
        90,
        66,
        78,
        104,
        7,
        95,
        87,
        182,
        174,
        172,
        117,
        214,
        58,
        112,
        30,
        16,
        131,
        8,
        1,
        24,
        49,
        87,
        36,
        144,
        32,
        48,
        65,
        32,
        44,
        79,
        149,
        231,
        108,
        36,
        211,
        233,
        68,
        220,
        147,
        75,
        179,
        52,
        243,
        180,
        128,
        244,
        81,
        83,
        113,
        69,
        102,
        217,
        48,
        65,
        39,
        142,
        120,
        24,
        159,
        143,
        178,
        204,
        177,
        100,
        114,
        138,
        154,
        86,
        149,
        21,
        108,
        142,
        176,
        19,
        135,
        204,
        132,
        207,
        179,
        44,
        179,
        44,
        145,
        156,
        161,
        166,
        231,
        242,
        220,
        178,
        1,
        36,
        138,
        227,
        128,
        153,
        42,
        210,
        44,
        175,
        89,
        18,
        57,
        67,
        221,
        75,
        85,
        20,
        158,
        181,
        102,
        226,
        56,
        18,
        230,
        161,
        204,
        242,
        172,
        102,
        9,
        228,
        53,
        234,
        158,
        124,
        145,
        91,
        214,
        85,
        16,
        199,
        33,
        243,
        84,
        229,
        89,
        94,
        177,
        96,
        50,
        64,
        221,
        159,
        205,
        11,
        207,
        218,
        145,
        40,
        138,
        13,
        11,
        96,
        179,
        60,
        47,
        89,
        32,
        57,
        71,
        61,
        132,
        47,
        139,
        138,
        117,
        18,
        70,
        81,
        196,
        2,
        217,
        34,
        203,
        43,
        207,
        98,
        200,
        5,
        234,
        129,
        108,
        81,
        56,
        214,
        66,
        16,
        70,
        145,
        97,
        241,
        92,
        145,
        231,
        165,
        103,
        254,
        228,
        18,
        245,
        96,
        190,
        46,
        74,
        207,
        106,
        51,
        97,
        20,
        5,
        44,
        143,
        47,
        242,
        162,
        116,
        204,
        151,
        92,
        162,
        102,
        193,
        87,
        69,
        205,
        170,
        146,
        48,
        10,
        3,
        150,
        207,
        151,
        69,
        145,
        123,
        230,
        71,
        134,
        168,
        25,
        113,
        101,
        105,
        89,
        57,
        18,
        70,
        97,
        64,
        123,
        248,
        170,
        40,
        10,
        199,
        124,
        200,
        8,
        53,
        59,
        182,
        172,
        44,
        171,
        35,
        8,
        194,
        48,
        160,
        133,
        170,
        162,
        44,
        44,
        179,
        39,
        35,
        212,
        76,
        185,
        178,
        116,
        180,
        159,
        132,
        65,
        24,
        8,
        45,
        86,
        151,
        101,
        89,
        51,
        91,
        146,
        162,
        102,
        205,
        86,
        149,
        165,
        197,
        130,
        48,
        8,
        2,
        86,
        129,
        43,
        139,
        170,
        242,
        204,
        140,
        164,
        168,
        57,
        112,
        85,
        93,
        211,
        66,
        97,
        16,
        4,
        134,
        149,
        226,
        171,
        178,
        170,
        28,
        51,
        33,
        25,
        106,
        62,
        124,
        93,
        87,
        158,
        214,
        48,
        38,
        8,
        2,
        195,
        138,
        170,
        139,
        170,
        116,
        60,
        152,
        100,
        168,
        249,
        113,
        117,
        93,
        179,
        108,
        98,
        130,
        192,
        4,
        172,
        60,
        91,
        85,
        85,
        205,
        131,
        72,
        142,
        154,
        43,
        111,
        107,
        107,
        89,
        14,
        9,
        140,
        49,
        129,
        176,
        62,
        92,
        85,
        151,
        181,
        231,
        190,
        36,
        71,
        205,
        159,
        173,
        173,
        101,
        129,
        68,
        76,
        96,
        140,
        97,
        45,
        121,
        91,
        213,
        149,
        227,
        62,
        164,
        64,
        45,
        134,
        181,
        214,
        57,
        207,
        124,
        25,
        49,
        87,
        132,
        117,
        231,
        170,
        186,
        174,
        61,
        83,
        146,
        2,
        181,
        64,
        214,
        89,
        231,
        60,
        51,
        39,
        70,
        140,
        17,
        99,
        216,
        36,
        222,
        214,
        117,
        237,
        152,
        130,
        148,
        168,
        5,
        243,
        222,
        93,
        241,
        204,
        128,
        17,
        35,
        98,
        196,
        8,
        155,
        202,
        217,
        186,
        174,
        61,
        147,
        145,
        18,
        181,
        28,
        222,
        121,
        239,
        188,
        243,
        158,
        105,
        201,
        91,
        70,
        68,
        80,
        87,
        108,
        93,
        215,
        142,
        187,
        73,
        137,
        90,
        50,
        127,
        5,
        239,
        61,
        30,
        15,
        158,
        15,
        9,
        8,
        130,
        8,
        34,
        200,
        24,
        234,
        58,
        206,
        213,
        182,
        246,
        220,
        74,
        42,
        84,
        219,
        120,
        222,
        17,
        212,
        84,
        156,
        29,
        243,
        220,
        68,
        42,
        148,
        90,
        47,
        174,
        118,
        214,
        121,
        174,
        33,
        21,
        74,
        173,
        33,
        103,
        157,
        117,
        158,
        15,
        73,
        141,
        82,
        235,
        202,
        57,
        103,
        157,
        227,
        11,
        82,
        163,
        212,
        90,
        243,
        206,
        122,
        235,
        61,
        99,
        82,
        163,
        212,
        6,
        112,
        206,
        59,
        39,
        22,
        165,
        54,
        133,
        65,
        169,
        141,
        97,
        80,
        106,
        99,
        24,
        148,
        218,
        24,
        6,
        165,
        54,
        134,
        65,
        169,
        141,
        17,
        10,
        74,
        109,
        10,
        131,
        82,
        27,
        195,
        160,
        212,
        198,
        48,
        40,
        181,
        49,
        12,
        74,
        109,
        12,
        131,
        82,
        27,
        195,
        160,
        212,
        198,
        48,
        40,
        181,
        49,
        12,
        74,
        109,
        12,
        131,
        82,
        27,
        67,
        60,
        74,
        109,
        10,
        131,
        82,
        27,
        195,
        160,
        212,
        198,
        48,
        40,
        181,
        49,
        12,
        74,
        109,
        12,
        131,
        82,
        27,
        195,
        160,
        212,
        198,
        48,
        40,
        181,
        49,
        12,
        74,
        109,
        140,
        208,
        211,
        16,
        148,
        90,
        115,
        225,
        75,
        195,
        152,
        0,
        34,
        140,
        9,
        136,
        17,
        65,
        198,
        16,
        17,
        4,
        17,
        4,
        225,
        29,
        65,
        169,
        213,
        20,
        138,
        103,
        204,
        51,
        1,
        193,
        32,
        99,
        24,
        100,
        12,
        131,
        92,
        65,
        132,
        251,
        16,
        148,
        90,
        172,
        80,
        152,
        130,
        227,
        122,
        50,
        134,
        65,
        4,
        131,
        140,
        33,
        24,
        68,
        48,
        220,
        194,
        243,
        112,
        130,
        82,
        147,
        11,
        133,
        89,
        240,
        30,
        44,
        215,
        16,
        17,
        68,
        16,
        17,
        100,
        12,
        193,
        32,
        130,
        136,
        48,
        11,
        158,
        251,
        18,
        212,
        230,
        9,
        133,
        249,
        242,
        158,
        27,
        136,
        8,
        34,
        136,
        8,
        34,
        8,
        34,
        130,
        96,
        16,
        132,
        249,
        243,
        204,
        134,
        160,
        86,
        71,
        40,
        44,
        141,
        247,
        220,
        68,
        4,
        17,
        68,
        16,
        68,
        4,
        65,
        16,
        17,
        4,
        17,
        218,
        197,
        243,
        32,
        130,
        90,
        160,
        144,
        86,
        242,
        158,
        27,
        9,
        130,
        136,
        32,
        8,
        6,
        65,
        16,
        4,
        17,
        68,
        16,
        86,
        140,
        231,
        97,
        4,
        53,
        133,
        80,
        88,
        61,
        30,
        207,
        77,
        4,
        65,
        4,
        65,
        16,
        4,
        193,
        32,
        8,
        130,
        32,
        136,
        160,
        54,
        89,
        40,
        172,
        27,
        143,
        231,
        70,
        130,
        32,
        8,
        34,
        32,
        8,
        130,
        32,
        8,
        8,
        130,
        32,
        130,
        90,
        99,
        161,
        176,
        97,
        60,
        158,
        219,
        8,
        130,
        32,
        32,
        8,
        130,
        128,
        32,
        8,
        34,
        8,
        8,
        130,
        90,
        89,
        161,
        160,
        126,
        134,
        199,
        115,
        27,
        65,
        64,
        16,
        16,
        4,
        4,
        1,
        65,
        64,
        16,
        16,
        16,
        4,
        213,
        70,
        33,
        106,
        90,
        30,
        207,
        221,
        4,
        1,
        1,
        1,
        65,
        64,
        64,
        16,
        16,
        16,
        16,
        16,
        16,
        64,
        80,
        11,
        19,
        10,
        106,
        78,
        60,
        120,
        38,
        32,
        128,
        128,
        128,
        128,
        128,
        48,
        38,
        32,
        32,
        128,
        128,
        128,
        128,
        0,
        130,
        154,
        152,
        199,
        227,
        241,
        30,
        143,
        199,
        227,
        241,
        161,
        160,
        90,
        192,
        131,
        103,
        66,
        2,
        8,
        32,
        188,
        33,
        128,
        0,
        2,
        8,
        32,
        128,
        240,
        134,
        0,
        2,
        8,
        99,
        194,
        250,
        240,
        128,
        7,
        15,
        120,
        192,
        131,
        199,
        131,
        199,
        131,
        7,
        15,
        30,
        207,
        199,
        66,
        65,
        173,
        32,
        15,
        120,
        238,
        65,
        24,
        19,
        222,
        17,
        198,
        132,
        55,
        132,
        55,
        132,
        247,
        8,
        239,
        8,
        95,
        16,
        190,
        36,
        76,
        205,
        243,
        5,
        79,
        195,
        211,
        240,
        188,
        227,
        25,
        243,
        140,
        121,
        198,
        60,
        111,
        120,
        240,
        76,
        68,
        248,
        88,
        136,
        218,
        40,
        158,
        49,
        207,
        134,
        10,
        5,
        165,
        54,
        69,
        40,
        40,
        181,
        41,
        12,
        74,
        109,
        140,
        80,
        80,
        106,
        83,
        132,
        130,
        82,
        155,
        194,
        160,
        212,
        198,
        8,
        5,
        165,
        54,
        69,
        40,
        40,
        181,
        41,
        12,
        74,
        109,
        140,
        80,
        80,
        106,
        83,
        132,
        130,
        82,
        155,
        194,
        160,
        212,
        198,
        8,
        5,
        165,
        218,
        203,
        15,
        104,
        216,
        11,
        26,
        213,
        136,
        70,
        145,
        210,
        200,
        114,
        26,
        163,
        146,
        198,
        101,
        77,
        227,
        194,
        241,
        70,
        136,
        82,
        141,
        34,
        165,
        145,
        229,
        52,
        210,
        146,
        198,
        101,
        77,
        227,
        220,
        209,
        24,
        120,
        222,
        242,
        3,
        26,
        246,
        146,
        70,
        53,
        164,
        81,
        164,
        52,
        178,
        156,
        198,
        168,
        164,
        49,
        172,
        105,
        156,
        59,
        26,
        3,
        207,
        60,
        132,
        130,
        90,
        134,
        203,
        154,
        198,
        185,
        163,
        49,
        240,
        188,
        229,
        207,
        105,
        216,
        11,
        26,
        213,
        144,
        70,
        145,
        210,
        200,
        114,
        26,
        163,
        146,
        198,
        101,
        77,
        227,
        220,
        209,
        56,
        247,
        188,
        229,
        7,
        52,
        236,
        5,
        141,
        106,
        200,
        198,
        8,
        89,
        127,
        126,
        64,
        195,
        94,
        208,
        168,
        134,
        52,
        138,
        140,
        70,
        150,
        211,
        24,
        149,
        52,
        46,
        107,
        26,
        231,
        142,
        198,
        192,
        243,
        150,
        31,
        208,
        176,
        23,
        52,
        234,
        33,
        141,
        34,
        165,
        145,
        229,
        52,
        70,
        37,
        106,
        137,
        66,
        97,
        166,
        138,
        148,
        70,
        150,
        211,
        24,
        149,
        52,
        46,
        107,
        26,
        231,
        142,
        198,
        192,
        243,
        150,
        31,
        208,
        176,
        151,
        52,
        170,
        33,
        141,
        34,
        165,
        145,
        229,
        52,
        70,
        37,
        141,
        203,
        154,
        198,
        185,
        163,
        49,
        240,
        40,
        245,
        1,
        249,
        219,
        57,
        141,
        81,
        73,
        227,
        178,
        166,
        113,
        238,
        104,
        12,
        60,
        111,
        249,
        1,
        13,
        123,
        65,
        163,
        26,
        162,
        84,
        251,
        253,
        127,
        243,
        255,
        52,
        92,
        123,
        181,
        191,
        173,
        0,
        0,
        0,
        0,
        73,
        69,
        78,
        68,
        174,
        66,
        96,
        130
      ]
    },
    "stat": {
      "dev": 16777220,
      "mode": 33188,
      "nlink": 1,
      "uid": 501,
      "gid": 20,
      "rdev": 0,
      "blksize": 4194304,
      "ino": 2088836,
      "size": 7445,
      "blocks": 16,
      "atime": "2018-04-17T07:59:11.798Z",
      "mtime": "2018-03-22T08:50:41.053Z",
      "ctime": "2018-03-22T08:50:41.053Z",
      "birthtime": "2018-03-22T08:50:41.053Z"
    },
    "history": [
      "/Users/jiangheng/Desktop/work-code/xxd-h5/src/mods/recharge/imgs/wave.png"
    ],
    "path": "/Users/jiangheng/Desktop/work-code/xxd-h5/src/mods/recharge/imgs/wave.png",
    "gulpCache$filePathChangedInsideTask": false,
    "gulpCache$fileBaseChangedInsideTask": false,
    "gulpCache$originalPath": "/Users/jiangheng/Desktop/work-code/xxd-h5/src/mods/recharge/imgs/wave.png",
    "gulpCache$originalBase": "/Users/jiangheng/Desktop/work-code/xxd-h5/src/mods/"
  }
]