[
  {
    "cwd": "/Users/jiangheng/Desktop/work-code/xxd-h5",
    "base": "/Users/jiangheng/Desktop/work-code/xxd-h5/src/mods/",
    "contents": {
      "type": "Buffer",
      "data": [
        137,
        80,
        78,
        71,
        13,
        10,
        26,
        10,
        0,
        0,
        0,
        13,
        73,
        72,
        68,
        82,
        0,
        0,
        0,
        26,
        0,
        0,
        0,
        26,
        8,
        3,
        0,
        0,
        0,
        158,
        148,
        188,
        252,
        0,
        0,
        0,
        66,
        80,
        76,
        84,
        69,
        180,
        180,
        180,
        255,
        255,
        255,
        180,
        180,
        180,
        180,
        180,
        180,
        180,
        180,
        180,
        180,
        180,
        180,
        180,
        180,
        180,
        180,
        180,
        180,
        180,
        180,
        180,
        180,
        180,
        180,
        180,
        180,
        180,
        180,
        180,
        180,
        180,
        180,
        180,
        180,
        180,
        180,
        180,
        180,
        180,
        180,
        180,
        180,
        180,
        180,
        180,
        180,
        180,
        180,
        180,
        180,
        180,
        180,
        180,
        180,
        180,
        180,
        180,
        180,
        180,
        180,
        28,
        239,
        233,
        4,
        0,
        0,
        0,
        21,
        116,
        82,
        78,
        83,
        0,
        0,
        15,
        19,
        21,
        25,
        26,
        27,
        28,
        32,
        34,
        45,
        118,
        120,
        125,
        133,
        137,
        138,
        201,
        211,
        220,
        206,
        97,
        251,
        202,
        0,
        0,
        0,
        149,
        73,
        68,
        65,
        84,
        40,
        207,
        109,
        210,
        203,
        22,
        131,
        48,
        8,
        69,
        209,
        75,
        74,
        213,
        62,
        108,
        173,
        200,
        255,
        255,
        106,
        7,
        73,
        8,
        160,
        119,
        186,
        39,
        44,
        214,
        193,
        244,
        97,
        248,
        81,
        93,
        89,
        159,
        88,
        85,
        248,
        76,
        101,
        215,
        13,
        55,
        137,
        214,
        229,
        152,
        1,
        142,
        214,
        101,
        33,
        100,
        51,
        33,
        100,
        51,
        33,
        100,
        51,
        169,
        228,
        205,
        164,
        209,
        176,
        33,
        157,
        186,
        57,
        49,
        170,
        230,
        101,
        16,
        88,
        84,
        188,
        56,
        2,
        139,
        122,
        241,
        84,
        118,
        85,
        225,
        43,
        42,
        187,
        30,
        226,
        45,
        200,
        194,
        222,
        130,
        180,
        59,
        35,
        53,
        9,
        150,
        164,
        218,
        60,
        200,
        9,
        136,
        197,
        189,
        215,
        11,
        200,
        44,
        11,
        200,
        44,
        11,
        200,
        44,
        75,
        205,
        134,
        69,
        143,
        59,
        222,
        81,
        90,
        108,
        44,
        250,
        195,
        99,
        155,
        174,
        18,
        229,
        239,
        235,
        15,
        23,
        96,
        13,
        88,
        184,
        165,
        124,
        136,
        0,
        0,
        0,
        0,
        73,
        69,
        78,
        68,
        174,
        66,
        96,
        130
      ]
    },
    "stat": {
      "dev": 16777220,
      "mode": 33188,
      "nlink": 1,
      "uid": 501,
      "gid": 20,
      "rdev": 0,
      "blksize": 4194304,
      "ino": 2088807,
      "size": 348,
      "blocks": 8,
      "atime": "2018-04-17T07:59:11.795Z",
      "mtime": "2018-03-22T08:50:41.046Z",
      "ctime": "2018-03-22T08:50:41.046Z",
      "birthtime": "2018-03-22T08:50:41.046Z"
    },
    "history": [
      "/Users/jiangheng/Desktop/work-code/xxd-h5/src/mods/product/imgs/close_icon.png"
    ],
    "path": "/Users/jiangheng/Desktop/work-code/xxd-h5/src/mods/product/imgs/close_icon.png",
    "gulpCache$filePathChangedInsideTask": false,
    "gulpCache$fileBaseChangedInsideTask": false,
    "gulpCache$originalPath": "/Users/jiangheng/Desktop/work-code/xxd-h5/src/mods/product/imgs/close_icon.png",
    "gulpCache$originalBase": "/Users/jiangheng/Desktop/work-code/xxd-h5/src/mods/"
  }
]