[
  {
    "cwd": "/Users/jiangheng/Desktop/work-code/xxd-h5",
    "base": "/Users/jiangheng/Desktop/work-code/xxd-h5/src/mods/",
    "contents": {
      "type": "Buffer",
      "data": [
        137,
        80,
        78,
        71,
        13,
        10,
        26,
        10,
        0,
        0,
        0,
        13,
        73,
        72,
        68,
        82,
        0,
        0,
        0,
        44,
        0,
        0,
        0,
        56,
        8,
        6,
        0,
        0,
        0,
        134,
        195,
        26,
        140,
        0,
        0,
        2,
        207,
        73,
        68,
        65,
        84,
        120,
        218,
        236,
        154,
        93,
        136,
        76,
        81,
        28,
        192,
        103,
        198,
        14,
        201,
        34,
        219,
        230,
        187,
        20,
        107,
        75,
        187,
        69,
        180,
        91,
        251,
        228,
        35,
        242,
        224,
        163,
        100,
        163,
        240,
        98,
        163,
        21,
        109,
        210,
        38,
        30,
        76,
        178,
        75,
        121,
        241,
        132,
        71,
        60,
        40,
        137,
        6,
        15,
        196,
        19,
        47,
        178,
        44,
        207,
        66,
        203,
        102,
        125,
        229,
        97,
        70,
        214,
        199,
        102,
        149,
        235,
        247,
        175,
        179,
        117,
        58,
        110,
        59,
        51,
        247,
        158,
        235,
        222,
        169,
        243,
        175,
        95,
        179,
        231,
        220,
        123,
        103,
        127,
        247,
        204,
        255,
        124,
        220,
        143,
        180,
        231,
        121,
        169,
        106,
        138,
        154,
        214,
        222,
        162,
        141,
        239,
        73,
        67,
        19,
        180,
        64,
        3,
        76,
        5,
        105,
        137,
        111,
        48,
        0,
        143,
        225,
        133,
        223,
        129,
        253,
        185,
        186,
        202,
        132,
        67,
        138,
        206,
        131,
        46,
        216,
        9,
        243,
        75,
        236,
        251,
        22,
        46,
        195,
        57,
        248,
        28,
        244,
        31,
        102,
        2,
        30,
        55,
        25,
        78,
        195,
        27,
        56,
        82,
        134,
        172,
        196,
        2,
        56,
        6,
        131,
        144,
        131,
        236,
        255,
        18,
        110,
        132,
        167,
        74,
        116,
        98,
        192,
        147,
        237,
        129,
        135,
        101,
        158,
        104,
        40,
        225,
        21,
        240,
        72,
        229,
        171,
        30,
        191,
        225,
        6,
        236,
        134,
        229,
        48,
        7,
        102,
        195,
        50,
        85,
        151,
        87,
        251,
        232,
        209,
        42,
        223,
        69,
        31,
        106,
        168,
        168,
        179,
        180,
        244,
        20,
        202,
        221,
        119,
        33,
        60,
        129,
        122,
        163,
        254,
        2,
        28,
        135,
        15,
        37,
        142,
        159,
        11,
        39,
        213,
        9,
        232,
        241,
        90,
        228,
        233,
        124,
        69,
        155,
        45,
        44,
        249,
        118,
        221,
        144,
        149,
        17,
        96,
        19,
        236,
        41,
        67,
        86,
        226,
        35,
        116,
        192,
        22,
        24,
        209,
        234,
        23,
        193,
        37,
        219,
        41,
        113,
        72,
        253,
        212,
        99,
        241,
        29,
        214,
        193,
        237,
        0,
        57,
        124,
        11,
        54,
        194,
        168,
        86,
        183,
        153,
        212,
        216,
        106,
        75,
        184,
        22,
        142,
        26,
        117,
        123,
        85,
        122,
        4,
        141,
        251,
        208,
        109,
        212,
        245,
        34,
        157,
        182,
        33,
        188,
        11,
        102,
        104,
        229,
        59,
        112,
        213,
        194,
        100,
        115,
        30,
        158,
        105,
        229,
        37,
        176,
        202,
        134,
        240,
        118,
        163,
        124,
        194,
        210,
        44,
        235,
        169,
        177,
        92,
        143,
        109,
        97,
        133,
        165,
        179,
        181,
        105,
        229,
        151,
        106,
        12,
        182,
        21,
        210,
        7,
        126,
        104,
        229,
        149,
        97,
        133,
        101,
        146,
        152,
        164,
        149,
        31,
        88,
        94,
        203,
        252,
        50,
        26,
        160,
        145,
        60,
        206,
        134,
        17,
        158,
        105,
        148,
        7,
        34,
        88,
        128,
        13,
        106,
        127,
        79,
        240,
        25,
        231,
        43,
        18,
        158,
        110,
        148,
        11,
        17,
        8,
        23,
        42,
        89,
        144,
        101,
        82,
        241,
        199,
        77,
        109,
        76,
        238,
        131,
        247,
        137,
        22,
        102,
        74,
        150,
        181,
        201,
        98,
        88,
        3,
        171,
        41,
        123,
        81,
        174,
        135,
        109,
        73,
        15,
        241,
        49,
        20,
        229,
        122,
        56,
        182,
        112,
        194,
        78,
        120,
        156,
        78,
        55,
        11,
        218,
        213,
        250,
        52,
        163,
        173,
        85,
        245,
        216,
        161,
        174,
        34,
        172,
        69,
        137,
        171,
        118,
        79,
        93,
        188,
        230,
        233,
        152,
        239,
        244,
        43,
        142,
        118,
        181,
        136,
        174,
        77,
        104,
        195,
        202,
        20,
        190,
        31,
        233,
        139,
        34,
        188,
        84,
        205,
        231,
        217,
        132,
        103,
        195,
        31,
        25,
        167,
        229,
        167,
        63,
        88,
        5,
        178,
        99,
        253,
        237,
        176,
        228,
        112,
        179,
        177,
        97,
        68,
        157,
        132,
        92,
        233,
        22,
        163,
        182,
        240,
        187,
        243,
        67,
        94,
        203,
        26,
        102,
        3,
        156,
        5,
        125,
        135,
        166,
        26,
        159,
        123,
        11,
        157,
        234,
        14,
        77,
        156,
        51,
        223,
        87,
        62,
        174,
        32,
        46,
        13,
        118,
        87,
        111,
        229,
        140,
        79,
        175,
        188,
        150,
        148,
        28,
        64,
        252,
        30,
        31,
        95,
        198,
        27,
        135,
        135,
        85,
        143,
        76,
        82,
        12,
        187,
        153,
        206,
        9,
        59,
        97,
        39,
        236,
        132,
        157,
        176,
        19,
        118,
        194,
        78,
        216,
        9,
        59,
        97,
        39,
        28,
        143,
        112,
        186,
        218,
        132,
        167,
        165,
        254,
        125,
        76,
        16,
        91,
        168,
        7,
        52,
        245,
        165,
        82,
        162,
        59,
        65,
        13,
        186,
        15,
        166,
        232,
        21,
        114,
        95,
        226,
        167,
        177,
        147,
        188,
        124,
        33,
        111,
        154,
        228,
        125,
        182,
        69,
        209,
        138,
        126,
        213,
        242,
        168,
        77,
        110,
        164,
        28,
        48,
        234,
        71,
        69,
        88,
        158,
        49,
        180,
        25,
        27,
        58,
        20,
        73,
        139,
        62,
        73,
        137,
        51,
        169,
        104,
        30,
        103,
        217,
        14,
        121,
        221,
        225,
        148,
        8,
        127,
        130,
        181,
        240,
        60,
        193,
        178,
        242,
        18,
        200,
        250,
        254,
        92,
        221,
        171,
        191,
        2,
        12,
        0,
        199,
        223,
        149,
        29,
        231,
        240,
        31,
        219,
        0,
        0,
        0,
        0,
        73,
        69,
        78,
        68,
        174,
        66,
        96,
        130
      ]
    },
    "stat": {
      "dev": 16777220,
      "mode": 33188,
      "nlink": 1,
      "uid": 501,
      "gid": 20,
      "rdev": 0,
      "blksize": 4194304,
      "ino": 2088677,
      "size": 1633,
      "blocks": 8,
      "atime": "2018-04-17T07:59:11.790Z",
      "mtime": "2018-03-22T08:50:41.016Z",
      "ctime": "2018-03-22T08:50:41.016Z",
      "birthtime": "2018-03-22T08:50:41.016Z"
    },
    "history": [
      "/Users/jiangheng/Desktop/work-code/xxd-h5/src/mods/login/imgs/lock_icon@3x.png"
    ],
    "path": "/Users/jiangheng/Desktop/work-code/xxd-h5/src/mods/login/imgs/lock_icon@3x.png",
    "gulpCache$filePathChangedInsideTask": false,
    "gulpCache$fileBaseChangedInsideTask": false,
    "gulpCache$originalPath": "/Users/jiangheng/Desktop/work-code/xxd-h5/src/mods/login/imgs/lock_icon@3x.png",
    "gulpCache$originalBase": "/Users/jiangheng/Desktop/work-code/xxd-h5/src/mods/"
  },
  {
    "cwd": "/Users/jiangheng/Desktop/work-code/xxd-h5",
    "base": "/Users/jiangheng/Desktop/work-code/xxd-h5/src/mods/",
    "contents": {
      "type": "Buffer",
      "data": [
        137,
        80,
        78,
        71,
        13,
        10,
        26,
        10,
        0,
        0,
        0,
        13,
        73,
        72,
        68,
        82,
        0,
        0,
        0,
        44,
        0,
        0,
        0,
        56,
        8,
        6,
        0,
        0,
        0,
        134,
        195,
        26,
        140,
        0,
        0,
        2,
        207,
        73,
        68,
        65,
        84,
        120,
        218,
        236,
        154,
        93,
        136,
        76,
        81,
        28,
        192,
        103,
        198,
        14,
        201,
        34,
        219,
        230,
        187,
        20,
        107,
        75,
        187,
        69,
        180,
        91,
        251,
        228,
        35,
        242,
        224,
        163,
        100,
        163,
        240,
        98,
        163,
        21,
        109,
        210,
        38,
        30,
        76,
        178,
        75,
        121,
        241,
        132,
        71,
        60,
        40,
        137,
        6,
        15,
        196,
        19,
        47,
        178,
        44,
        207,
        66,
        203,
        102,
        125,
        229,
        97,
        70,
        214,
        199,
        102,
        149,
        235,
        247,
        175,
        179,
        117,
        58,
        110,
        59,
        51,
        247,
        158,
        235,
        222,
        169,
        243,
        175,
        95,
        179,
        231,
        220,
        123,
        103,
        127,
        247,
        204,
        255,
        124,
        220,
        143,
        180,
        231,
        121,
        169,
        106,
        138,
        154,
        214,
        222,
        162,
        141,
        239,
        73,
        67,
        19,
        180,
        64,
        3,
        76,
        5,
        105,
        137,
        111,
        48,
        0,
        143,
        225,
        133,
        223,
        129,
        253,
        185,
        186,
        202,
        132,
        67,
        138,
        206,
        131,
        46,
        216,
        9,
        243,
        75,
        236,
        251,
        22,
        46,
        195,
        57,
        248,
        28,
        244,
        31,
        102,
        2,
        30,
        55,
        25,
        78,
        195,
        27,
        56,
        82,
        134,
        172,
        196,
        2,
        56,
        6,
        131,
        144,
        131,
        236,
        255,
        18,
        110,
        132,
        167,
        74,
        116,
        98,
        192,
        147,
        237,
        129,
        135,
        101,
        158,
        104,
        40,
        225,
        21,
        240,
        72,
        229,
        171,
        30,
        191,
        225,
        6,
        236,
        134,
        229,
        48,
        7,
        102,
        195,
        50,
        85,
        151,
        87,
        251,
        232,
        209,
        42,
        223,
        69,
        31,
        106,
        168,
        168,
        179,
        180,
        244,
        20,
        202,
        221,
        119,
        33,
        60,
        129,
        122,
        163,
        254,
        2,
        28,
        135,
        15,
        37,
        142,
        159,
        11,
        39,
        213,
        9,
        232,
        241,
        90,
        228,
        233,
        124,
        69,
        155,
        45,
        44,
        249,
        118,
        221,
        144,
        149,
        17,
        96,
        19,
        236,
        41,
        67,
        86,
        226,
        35,
        116,
        192,
        22,
        24,
        209,
        234,
        23,
        193,
        37,
        219,
        41,
        113,
        72,
        253,
        212,
        99,
        241,
        29,
        214,
        193,
        237,
        0,
        57,
        124,
        11,
        54,
        194,
        168,
        86,
        183,
        153,
        212,
        216,
        106,
        75,
        184,
        22,
        142,
        26,
        117,
        123,
        85,
        122,
        4,
        141,
        251,
        208,
        109,
        212,
        245,
        34,
        157,
        182,
        33,
        188,
        11,
        102,
        104,
        229,
        59,
        112,
        213,
        194,
        100,
        115,
        30,
        158,
        105,
        229,
        37,
        176,
        202,
        134,
        240,
        118,
        163,
        124,
        194,
        210,
        44,
        235,
        169,
        177,
        92,
        143,
        109,
        97,
        133,
        165,
        179,
        181,
        105,
        229,
        151,
        106,
        12,
        182,
        21,
        210,
        7,
        126,
        104,
        229,
        149,
        97,
        133,
        101,
        146,
        152,
        164,
        149,
        31,
        88,
        94,
        203,
        252,
        50,
        26,
        160,
        145,
        60,
        206,
        134,
        17,
        158,
        105,
        148,
        7,
        34,
        88,
        128,
        13,
        106,
        127,
        79,
        240,
        25,
        231,
        43,
        18,
        158,
        110,
        148,
        11,
        17,
        8,
        23,
        42,
        89,
        144,
        101,
        82,
        241,
        199,
        77,
        109,
        76,
        238,
        131,
        247,
        137,
        22,
        102,
        74,
        150,
        181,
        201,
        98,
        88,
        3,
        171,
        41,
        123,
        81,
        174,
        135,
        109,
        73,
        15,
        241,
        49,
        20,
        229,
        122,
        56,
        182,
        112,
        194,
        78,
        120,
        156,
        78,
        55,
        11,
        218,
        213,
        250,
        52,
        163,
        173,
        85,
        245,
        216,
        161,
        174,
        34,
        172,
        69,
        137,
        171,
        118,
        79,
        93,
        188,
        230,
        233,
        152,
        239,
        244,
        43,
        142,
        118,
        181,
        136,
        174,
        77,
        104,
        195,
        202,
        20,
        190,
        31,
        233,
        139,
        34,
        188,
        84,
        205,
        231,
        217,
        132,
        103,
        195,
        31,
        25,
        167,
        229,
        167,
        63,
        88,
        5,
        178,
        99,
        253,
        237,
        176,
        228,
        112,
        179,
        177,
        97,
        68,
        157,
        132,
        92,
        233,
        22,
        163,
        182,
        240,
        187,
        243,
        67,
        94,
        203,
        26,
        102,
        3,
        156,
        5,
        125,
        135,
        166,
        26,
        159,
        123,
        11,
        157,
        234,
        14,
        77,
        156,
        51,
        223,
        87,
        62,
        174,
        32,
        46,
        13,
        118,
        87,
        111,
        229,
        140,
        79,
        175,
        188,
        150,
        148,
        28,
        64,
        252,
        30,
        31,
        95,
        198,
        27,
        135,
        135,
        85,
        143,
        76,
        82,
        12,
        187,
        153,
        206,
        9,
        59,
        97,
        39,
        236,
        132,
        157,
        176,
        19,
        118,
        194,
        78,
        216,
        9,
        59,
        97,
        39,
        28,
        143,
        112,
        186,
        218,
        132,
        167,
        165,
        254,
        125,
        76,
        16,
        91,
        168,
        7,
        52,
        245,
        165,
        82,
        162,
        59,
        65,
        13,
        186,
        15,
        166,
        232,
        21,
        114,
        95,
        226,
        167,
        177,
        147,
        188,
        124,
        33,
        111,
        154,
        228,
        125,
        182,
        69,
        209,
        138,
        126,
        213,
        242,
        168,
        77,
        110,
        164,
        28,
        48,
        234,
        71,
        69,
        88,
        158,
        49,
        180,
        25,
        27,
        58,
        20,
        73,
        139,
        62,
        73,
        137,
        51,
        169,
        104,
        30,
        103,
        217,
        14,
        121,
        221,
        225,
        148,
        8,
        127,
        130,
        181,
        240,
        60,
        193,
        178,
        242,
        18,
        200,
        250,
        254,
        92,
        221,
        171,
        191,
        2,
        12,
        0,
        199,
        223,
        149,
        29,
        231,
        240,
        31,
        219,
        0,
        0,
        0,
        0,
        73,
        69,
        78,
        68,
        174,
        66,
        96,
        130
      ]
    },
    "stat": {
      "dev": 16777220,
      "mode": 33188,
      "nlink": 1,
      "uid": 501,
      "gid": 20,
      "rdev": 0,
      "blksize": 4194304,
      "ino": 2088865,
      "size": 1633,
      "blocks": 8,
      "atime": "2018-04-17T07:59:11.800Z",
      "mtime": "2018-03-22T08:50:41.060Z",
      "ctime": "2018-03-22T08:50:41.060Z",
      "birthtime": "2018-03-22T08:50:41.060Z"
    },
    "history": [
      "/Users/jiangheng/Desktop/work-code/xxd-h5/src/mods/register/imgs/lock_icon@3x.png"
    ],
    "path": "/Users/jiangheng/Desktop/work-code/xxd-h5/src/mods/register/imgs/lock_icon@3x.png",
    "gulpCache$filePathChangedInsideTask": true,
    "gulpCache$fileBaseChangedInsideTask": false,
    "gulpCache$originalPath": "/Users/jiangheng/Desktop/work-code/xxd-h5/src/mods/login/imgs/lock_icon@3x.png",
    "gulpCache$originalBase": "/Users/jiangheng/Desktop/work-code/xxd-h5/src/mods/"
  }
]