[
  {
    "cwd": "/Users/jiangheng/Desktop/work-code/xxd-h5",
    "base": "/Users/jiangheng/Desktop/work-code/xxd-h5/src/mods/",
    "contents": {
      "type": "Buffer",
      "data": [
        60,
        33,
        68,
        79,
        67,
        84,
        89,
        80,
        69,
        32,
        104,
        116,
        109,
        108,
        62,
        10,
        60,
        104,
        116,
        109,
        108,
        32,
        108,
        97,
        110,
        103,
        61,
        34,
        101,
        110,
        34,
        62,
        10,
        60,
        104,
        101,
        97,
        100,
        62,
        10,
        32,
        32,
        32,
        32,
        60,
        109,
        101,
        116,
        97,
        32,
        99,
        104,
        97,
        114,
        115,
        101,
        116,
        61,
        34,
        85,
        84,
        70,
        45,
        56,
        34,
        62,
        10,
        32,
        32,
        32,
        32,
        60,
        109,
        101,
        116,
        97,
        32,
        99,
        111,
        110,
        116,
        101,
        110,
        116,
        61,
        34,
        119,
        105,
        100,
        116,
        104,
        61,
        100,
        101,
        118,
        105,
        99,
        101,
        45,
        119,
        105,
        100,
        116,
        104,
        44,
        32,
        105,
        110,
        105,
        116,
        105,
        97,
        108,
        45,
        115,
        99,
        97,
        108,
        101,
        61,
        49,
        46,
        48,
        44,
        32,
        109,
        97,
        120,
        105,
        109,
        117,
        109,
        45,
        115,
        99,
        97,
        108,
        101,
        61,
        49,
        46,
        48,
        44,
        32,
        117,
        115,
        101,
        114,
        45,
        115,
        99,
        97,
        108,
        97,
        98,
        108,
        101,
        61,
        48,
        59,
        34,
        32,
        110,
        97,
        109,
        101,
        61,
        34,
        118,
        105,
        101,
        119,
        112,
        111,
        114,
        116,
        34,
        47,
        62,
        10,
        32,
        32,
        32,
        32,
        60,
        116,
        105,
        116,
        108,
        101,
        62,
        232,
        129,
        148,
        231,
        179,
        187,
        230,
        136,
        145,
        228,
        187,
        172,
        60,
        47,
        116,
        105,
        116,
        108,
        101,
        62,
        10,
        32,
        32,
        32,
        32,
        60,
        108,
        105,
        110,
        107,
        32,
        114,
        101,
        108,
        61,
        34,
        115,
        116,
        121,
        108,
        101,
        115,
        104,
        101,
        101,
        116,
        34,
        32,
        104,
        114,
        101,
        102,
        61,
        34,
        46,
        46,
        47,
        99,
        115,
        115,
        47,
        98,
        97,
        115,
        101,
        46,
        99,
        115,
        115,
        34,
        62,
        10,
        32,
        32,
        32,
        32,
        60,
        108,
        105,
        110,
        107,
        32,
        114,
        101,
        108,
        61,
        34,
        115,
        116,
        121,
        108,
        101,
        115,
        104,
        101,
        101,
        116,
        34,
        32,
        104,
        114,
        101,
        102,
        61,
        34,
        105,
        110,
        100,
        101,
        120,
        46,
        99,
        115,
        115,
        34,
        62,
        10,
        32,
        32,
        32,
        32,
        60,
        115,
        99,
        114,
        105,
        112,
        116,
        32,
        115,
        114,
        99,
        61,
        34,
        46,
        46,
        47,
        98,
        97,
        115,
        101,
        46,
        106,
        115,
        34,
        62,
        60,
        47,
        115,
        99,
        114,
        105,
        112,
        116,
        62,
        10,
        60,
        47,
        104,
        101,
        97,
        100,
        62,
        10,
        60,
        98,
        111,
        100,
        121,
        62,
        10,
        60,
        100,
        105,
        118,
        32,
        99,
        108,
        97,
        115,
        115,
        61,
        34,
        99,
        111,
        110,
        116,
        97,
        99,
        116,
        117,
        115,
        45,
        98,
        111,
        120,
        34,
        62,
        10,
        32,
        32,
        32,
        32,
        60,
        100,
        105,
        118,
        32,
        99,
        108,
        97,
        115,
        115,
        61,
        34,
        99,
        111,
        109,
        109,
        111,
        110,
        45,
        104,
        101,
        97,
        100,
        101,
        114,
        32,
        99,
        111,
        110,
        116,
        97,
        99,
        116,
        117,
        115,
        45,
        104,
        101,
        97,
        100,
        101,
        114,
        34,
        62,
        10,
        32,
        32,
        32,
        32,
        32,
        32,
        32,
        32,
        60,
        97,
        32,
        104,
        114,
        101,
        102,
        61,
        34,
        35,
        34,
        32,
        99,
        108,
        97,
        115,
        115,
        61,
        34,
        97,
        114,
        114,
        111,
        119,
        45,
        108,
        101,
        102,
        116,
        45,
        105,
        99,
        111,
        110,
        32,
        104,
        101,
        97,
        100,
        101,
        114,
        45,
        108,
        101,
        102,
        116,
        45,
        97,
        114,
        114,
        111,
        119,
        34,
        62,
        60,
        47,
        97,
        62,
        10,
        32,
        32,
        32,
        32,
        32,
        32,
        32,
        32,
        60,
        100,
        105,
        118,
        32,
        99,
        108,
        97,
        115,
        115,
        61,
        34,
        99,
        111,
        109,
        109,
        111,
        110,
        45,
        104,
        101,
        97,
        100,
        101,
        114,
        45,
        116,
        105,
        116,
        34,
        62,
        232,
        129,
        148,
        231,
        179,
        187,
        230,
        136,
        145,
        228,
        187,
        172,
        60,
        47,
        100,
        105,
        118,
        62,
        10,
        32,
        32,
        32,
        32,
        60,
        47,
        100,
        105,
        118,
        62,
        10,
        32,
        32,
        32,
        32,
        60,
        100,
        105,
        118,
        32,
        99,
        108,
        97,
        115,
        115,
        61,
        34,
        99,
        111,
        110,
        116,
        97,
        99,
        116,
        117,
        115,
        45,
        99,
        111,
        110,
        116,
        97,
        105,
        110,
        101,
        114,
        34,
        62,
        10,
        32,
        32,
        32,
        32,
        32,
        32,
        32,
        32,
        60,
        100,
        105,
        118,
        32,
        99,
        108,
        97,
        115,
        115,
        61,
        34,
        108,
        111,
        103,
        111,
        45,
        119,
        114,
        97,
        112,
        112,
        101,
        114,
        34,
        62,
        60,
        47,
        100,
        105,
        118,
        62,
        10,
        32,
        32,
        32,
        32,
        32,
        32,
        32,
        32,
        60,
        117,
        108,
        32,
        99,
        108,
        97,
        115,
        115,
        61,
        34,
        99,
        111,
        110,
        116,
        97,
        99,
        116,
        45,
        108,
        105,
        115,
        116,
        34,
        62,
        10,
        32,
        32,
        32,
        32,
        32,
        32,
        32,
        32,
        32,
        32,
        32,
        32,
        60,
        108,
        105,
        32,
        99,
        108,
        97,
        115,
        115,
        61,
        34,
        99,
        111,
        110,
        116,
        97,
        99,
        116,
        45,
        108,
        105,
        115,
        116,
        45,
        105,
        116,
        101,
        109,
        34,
        62,
        10,
        32,
        32,
        32,
        32,
        32,
        32,
        32,
        32,
        32,
        32,
        32,
        32,
        32,
        32,
        32,
        32,
        60,
        115,
        112,
        97,
        110,
        32,
        99,
        108,
        97,
        115,
        115,
        61,
        34,
        105,
        116,
        101,
        109,
        45,
        108,
        101,
        102,
        116,
        32,
        119,
        120,
        45,
        105,
        99,
        111,
        110,
        34,
        62,
        229,
        174,
        152,
        230,
        150,
        185,
        229,
        190,
        174,
        228,
        191,
        161,
        60,
        47,
        115,
        112,
        97,
        110,
        62,
        10,
        32,
        32,
        32,
        32,
        32,
        32,
        32,
        32,
        32,
        32,
        32,
        32,
        32,
        32,
        32,
        32,
        60,
        115,
        112,
        97,
        110,
        32,
        99,
        108,
        97,
        115,
        115,
        61,
        34,
        105,
        116,
        101,
        109,
        45,
        114,
        105,
        103,
        104,
        116,
        32,
        105,
        116,
        101,
        109,
        45,
        118,
        97,
        108,
        117,
        101,
        34,
        62,
        120,
        105,
        110,
        95,
        120,
        105,
        110,
        95,
        100,
        97,
        105,
        60,
        47,
        115,
        112,
        97,
        110,
        62,
        10,
        32,
        32,
        32,
        32,
        32,
        32,
        32,
        32,
        32,
        32,
        32,
        32,
        60,
        47,
        108,
        105,
        62,
        10,
        32,
        32,
        32,
        32,
        32,
        32,
        32,
        32,
        32,
        32,
        32,
        32,
        60,
        108,
        105,
        32,
        99,
        108,
        97,
        115,
        115,
        61,
        34,
        99,
        111,
        110,
        116,
        97,
        99,
        116,
        45,
        108,
        105,
        115,
        116,
        45,
        105,
        116,
        101,
        109,
        34,
        62,
        10,
        32,
        32,
        32,
        32,
        32,
        32,
        32,
        32,
        32,
        32,
        32,
        32,
        32,
        32,
        32,
        32,
        60,
        115,
        112,
        97,
        110,
        32,
        99,
        108,
        97,
        115,
        115,
        61,
        34,
        105,
        116,
        101,
        109,
        45,
        108,
        101,
        102,
        116,
        32,
        119,
        98,
        45,
        105,
        99,
        111,
        110,
        34,
        62,
        229,
        174,
        152,
        230,
        150,
        185,
        229,
        190,
        174,
        229,
        141,
        154,
        60,
        47,
        115,
        112,
        97,
        110,
        62,
        10,
        32,
        32,
        32,
        32,
        32,
        32,
        32,
        32,
        32,
        32,
        32,
        32,
        32,
        32,
        32,
        32,
        60,
        115,
        112,
        97,
        110,
        32,
        99,
        108,
        97,
        115,
        115,
        61,
        34,
        105,
        116,
        101,
        109,
        45,
        114,
        105,
        103,
        104,
        116,
        32,
        105,
        116,
        101,
        109,
        45,
        118,
        97,
        108,
        117,
        101,
        34,
        62,
        230,
        150,
        176,
        230,
        150,
        176,
        232,
        180,
        183,
        60,
        47,
        115,
        112,
        97,
        110,
        62,
        10,
        32,
        32,
        32,
        32,
        32,
        32,
        32,
        32,
        32,
        32,
        32,
        32,
        60,
        47,
        108,
        105,
        62,
        10,
        32,
        32,
        32,
        32,
        32,
        32,
        32,
        32,
        32,
        32,
        32,
        32,
        60,
        108,
        105,
        32,
        99,
        108,
        97,
        115,
        115,
        61,
        34,
        99,
        111,
        110,
        116,
        97,
        99,
        116,
        45,
        108,
        105,
        115,
        116,
        45,
        105,
        116,
        101,
        109,
        34,
        62,
        10,
        32,
        32,
        32,
        32,
        32,
        32,
        32,
        32,
        32,
        32,
        32,
        32,
        32,
        32,
        32,
        32,
        60,
        115,
        112,
        97,
        110,
        32,
        99,
        108,
        97,
        115,
        115,
        61,
        34,
        105,
        116,
        101,
        109,
        45,
        108,
        101,
        102,
        116,
        32,
        116,
        101,
        108,
        101,
        112,
        104,
        111,
        110,
        101,
        45,
        105,
        99,
        111,
        110,
        34,
        62,
        229,
        174,
        162,
        230,
        156,
        141,
        231,
        148,
        181,
        232,
        175,
        157,
        60,
        47,
        115,
        112,
        97,
        110,
        62,
        10,
        32,
        32,
        32,
        32,
        32,
        32,
        32,
        32,
        32,
        32,
        32,
        32,
        32,
        32,
        32,
        32,
        60,
        115,
        112,
        97,
        110,
        32,
        99,
        108,
        97,
        115,
        115,
        61,
        34,
        105,
        116,
        101,
        109,
        45,
        114,
        105,
        103,
        104,
        116,
        32,
        105,
        116,
        101,
        109,
        45,
        118,
        97,
        108,
        117,
        101,
        34,
        62,
        52,
        48,
        48,
        48,
        32,
        49,
        54,
        57,
        32,
        53,
        50,
        49,
        239,
        188,
        136,
        229,
        183,
        165,
        228,
        189,
        156,
        230,
        151,
        165,
        57,
        58,
        48,
        48,
        45,
        49,
        56,
        58,
        48,
        48,
        41,
        60,
        47,
        115,
        112,
        97,
        110,
        62,
        10,
        32,
        32,
        32,
        32,
        32,
        32,
        32,
        32,
        32,
        32,
        32,
        32,
        60,
        47,
        108,
        105,
        62,
        10,
        32,
        32,
        32,
        32,
        32,
        32,
        32,
        32,
        32,
        32,
        32,
        32,
        60,
        108,
        105,
        32,
        99,
        108,
        97,
        115,
        115,
        61,
        34,
        99,
        111,
        110,
        116,
        97,
        99,
        116,
        45,
        108,
        105,
        115,
        116,
        45,
        105,
        116,
        101,
        109,
        34,
        62,
        10,
        32,
        32,
        32,
        32,
        32,
        32,
        32,
        32,
        32,
        32,
        32,
        32,
        32,
        32,
        32,
        32,
        60,
        115,
        112,
        97,
        110,
        32,
        99,
        108,
        97,
        115,
        115,
        61,
        34,
        105,
        116,
        101,
        109,
        45,
        108,
        101,
        102,
        116,
        32,
        113,
        113,
        45,
        105,
        99,
        111,
        110,
        34,
        62,
        229,
        156,
        168,
        231,
        186,
        191,
        229,
        174,
        162,
        230,
        156,
        141,
        81,
        81,
        60,
        47,
        115,
        112,
        97,
        110,
        62,
        10,
        32,
        32,
        32,
        32,
        32,
        32,
        32,
        32,
        32,
        32,
        32,
        32,
        32,
        32,
        32,
        32,
        60,
        115,
        112,
        97,
        110,
        32,
        99,
        108,
        97,
        115,
        115,
        61,
        34,
        105,
        116,
        101,
        109,
        45,
        114,
        105,
        103,
        104,
        116,
        32,
        105,
        116,
        101,
        109,
        45,
        118,
        97,
        108,
        117,
        101,
        34,
        62,
        52,
        48,
        48,
        48,
        32,
        49,
        54,
        57,
        32,
        53,
        50,
        49,
        239,
        188,
        136,
        229,
        183,
        165,
        228,
        189,
        156,
        230,
        151,
        165,
        57,
        58,
        48,
        48,
        45,
        49,
        56,
        58,
        48,
        48,
        41,
        60,
        47,
        115,
        112,
        97,
        110,
        62,
        10,
        32,
        32,
        32,
        32,
        32,
        32,
        32,
        32,
        32,
        32,
        32,
        32,
        60,
        47,
        108,
        105,
        62,
        10,
        32,
        32,
        32,
        32,
        32,
        32,
        32,
        32,
        32,
        32,
        32,
        32,
        60,
        108,
        105,
        32,
        99,
        108,
        97,
        115,
        115,
        61,
        34,
        99,
        111,
        110,
        116,
        97,
        99,
        116,
        45,
        108,
        105,
        115,
        116,
        45,
        105,
        116,
        101,
        109,
        34,
        62,
        10,
        32,
        32,
        32,
        32,
        32,
        32,
        32,
        32,
        32,
        32,
        32,
        32,
        32,
        32,
        32,
        32,
        60,
        115,
        112,
        97,
        110,
        32,
        99,
        108,
        97,
        115,
        115,
        61,
        34,
        105,
        116,
        101,
        109,
        45,
        108,
        101,
        102,
        116,
        32,
        113,
        113,
        45,
        103,
        114,
        111,
        117,
        112,
        45,
        105,
        99,
        111,
        110,
        34,
        62,
        229,
        174,
        152,
        230,
        150,
        185,
        230,
        138,
        149,
        232,
        181,
        132,
        81,
        81,
        231,
        190,
        164,
        60,
        47,
        115,
        112,
        97,
        110,
        62,
        10,
        32,
        32,
        32,
        32,
        32,
        32,
        32,
        32,
        32,
        32,
        32,
        32,
        32,
        32,
        32,
        32,
        60,
        115,
        112,
        97,
        110,
        32,
        99,
        108,
        97,
        115,
        115,
        61,
        34,
        105,
        116,
        101,
        109,
        45,
        114,
        105,
        103,
        104,
        116,
        32,
        105,
        116,
        101,
        109,
        45,
        118,
        97,
        108,
        117,
        101,
        34,
        62,
        51,
        48,
        54,
        49,
        56,
        56,
        48,
        50,
        53,
        60,
        47,
        115,
        112,
        97,
        110,
        62,
        10,
        32,
        32,
        32,
        32,
        32,
        32,
        32,
        32,
        32,
        32,
        32,
        32,
        60,
        47,
        108,
        105,
        62,
        10,
        32,
        32,
        32,
        32,
        32,
        32,
        32,
        32,
        32,
        32,
        32,
        32,
        60,
        108,
        105,
        32,
        99,
        108,
        97,
        115,
        115,
        61,
        34,
        99,
        111,
        110,
        116,
        97,
        99,
        116,
        45,
        108,
        105,
        115,
        116,
        45,
        105,
        116,
        101,
        109,
        34,
        62,
        10,
        32,
        32,
        32,
        32,
        32,
        32,
        32,
        32,
        32,
        32,
        32,
        32,
        32,
        32,
        32,
        32,
        60,
        115,
        112,
        97,
        110,
        32,
        99,
        108,
        97,
        115,
        115,
        61,
        34,
        105,
        116,
        101,
        109,
        45,
        108,
        101,
        102,
        116,
        32,
        101,
        109,
        97,
        105,
        108,
        45,
        105,
        99,
        111,
        110,
        34,
        62,
        233,
        130,
        174,
        231,
        174,
        177,
        60,
        47,
        115,
        112,
        97,
        110,
        62,
        10,
        32,
        32,
        32,
        32,
        32,
        32,
        32,
        32,
        32,
        32,
        32,
        32,
        32,
        32,
        32,
        32,
        60,
        115,
        112,
        97,
        110,
        32,
        99,
        108,
        97,
        115,
        115,
        61,
        34,
        105,
        116,
        101,
        109,
        45,
        114,
        105,
        103,
        104,
        116,
        32,
        105,
        116,
        101,
        109,
        45,
        118,
        97,
        108,
        117,
        101,
        34,
        62,
        115,
        101,
        114,
        118,
        105,
        99,
        101,
        115,
        64,
        120,
        105,
        110,
        120,
        105,
        110,
        100,
        97,
        105,
        46,
        99,
        111,
        109,
        60,
        47,
        115,
        112,
        97,
        110,
        62,
        10,
        32,
        32,
        32,
        32,
        32,
        32,
        32,
        32,
        32,
        32,
        32,
        32,
        60,
        47,
        108,
        105,
        62,
        10,
        32,
        32,
        32,
        32,
        32,
        32,
        32,
        32,
        60,
        47,
        117,
        108,
        62,
        10,
        32,
        32,
        32,
        32,
        32,
        32,
        32,
        32,
        60,
        100,
        105,
        118,
        32,
        99,
        108,
        97,
        115,
        115,
        61,
        34,
        97,
        100,
        45,
        119,
        114,
        97,
        112,
        112,
        101,
        114,
        34,
        62,
        60,
        47,
        100,
        105,
        118,
        62,
        10,
        32,
        32,
        32,
        32,
        60,
        47,
        100,
        105,
        118,
        62,
        10,
        60,
        47,
        100,
        105,
        118,
        62,
        10,
        60,
        47,
        98,
        111,
        100,
        121,
        62,
        10,
        60,
        47,
        104,
        116,
        109,
        108,
        62
      ]
    },
    "stat": {
      "dev": 16777220,
      "mode": 33188,
      "nlink": 1,
      "uid": 501,
      "gid": 20,
      "rdev": 0,
      "blksize": 4194304,
      "ino": 2088615,
      "size": 2046,
      "blocks": 8,
      "atime": "2018-04-17T07:59:11.779Z",
      "mtime": "2018-03-22T08:50:40.992Z",
      "ctime": "2018-03-22T08:50:40.992Z",
      "birthtime": "2018-03-22T08:50:40.992Z"
    },
    "history": [
      "/Users/jiangheng/Desktop/work-code/xxd-h5/src/mods/contactus/index.html"
    ],
    "path": "/Users/jiangheng/Desktop/work-code/xxd-h5/src/mods/contactus/index.html",
    "gulpCache$filePathChangedInsideTask": false,
    "gulpCache$fileBaseChangedInsideTask": false,
    "gulpCache$originalPath": "/Users/jiangheng/Desktop/work-code/xxd-h5/src/mods/contactus/index.html",
    "gulpCache$originalBase": "/Users/jiangheng/Desktop/work-code/xxd-h5/src/mods/"
  }
]