[
  {
    "cwd": "/Users/jiangheng/Desktop/work-code/xxd-h5",
    "base": "/Users/jiangheng/Desktop/work-code/xxd-h5/src/mods/",
    "contents": {
      "type": "Buffer",
      "data": [
        137,
        80,
        78,
        71,
        13,
        10,
        26,
        10,
        0,
        0,
        0,
        13,
        73,
        72,
        68,
        82,
        0,
        0,
        2,
        197,
        0,
        0,
        0,
        170,
        8,
        3,
        0,
        0,
        0,
        114,
        40,
        194,
        140,
        0,
        0,
        2,
        34,
        80,
        76,
        84,
        69,
        242,
        239,
        240,
        242,
        239,
        240,
        242,
        239,
        240,
        242,
        239,
        240,
        242,
        239,
        240,
        242,
        239,
        240,
        242,
        239,
        240,
        242,
        239,
        240,
        242,
        239,
        240,
        242,
        239,
        240,
        242,
        239,
        240,
        242,
        239,
        240,
        242,
        239,
        240,
        242,
        239,
        240,
        242,
        239,
        240,
        242,
        239,
        240,
        242,
        239,
        240,
        242,
        239,
        240,
        242,
        239,
        240,
        242,
        239,
        240,
        242,
        239,
        240,
        242,
        239,
        240,
        242,
        239,
        240,
        242,
        239,
        240,
        242,
        239,
        240,
        242,
        239,
        240,
        242,
        239,
        240,
        242,
        239,
        240,
        242,
        239,
        240,
        242,
        239,
        240,
        242,
        239,
        240,
        242,
        239,
        240,
        242,
        239,
        240,
        242,
        239,
        240,
        242,
        239,
        240,
        242,
        239,
        240,
        242,
        239,
        240,
        242,
        239,
        240,
        242,
        239,
        240,
        242,
        239,
        240,
        242,
        239,
        240,
        241,
        239,
        240,
        242,
        239,
        240,
        242,
        239,
        240,
        242,
        239,
        240,
        242,
        239,
        240,
        242,
        239,
        240,
        242,
        239,
        240,
        242,
        239,
        240,
        241,
        240,
        240,
        242,
        239,
        240,
        241,
        239,
        240,
        242,
        239,
        240,
        240,
        240,
        240,
        240,
        240,
        240,
        241,
        240,
        240,
        242,
        239,
        240,
        241,
        239,
        240,
        242,
        239,
        240,
        241,
        239,
        240,
        241,
        239,
        240,
        241,
        240,
        240,
        241,
        239,
        240,
        240,
        240,
        240,
        240,
        240,
        240,
        241,
        239,
        240,
        241,
        240,
        240,
        241,
        239,
        240,
        241,
        239,
        240,
        241,
        240,
        240,
        241,
        239,
        240,
        241,
        240,
        240,
        241,
        240,
        240,
        241,
        240,
        240,
        241,
        240,
        240,
        241,
        240,
        240,
        241,
        240,
        240,
        241,
        240,
        240,
        241,
        240,
        240,
        241,
        240,
        240,
        241,
        240,
        240,
        241,
        240,
        240,
        241,
        240,
        240,
        240,
        240,
        240,
        240,
        240,
        240,
        241,
        240,
        240,
        241,
        240,
        240,
        241,
        240,
        240,
        241,
        240,
        240,
        240,
        240,
        240,
        241,
        240,
        240,
        240,
        240,
        240,
        240,
        240,
        240,
        240,
        240,
        240,
        241,
        240,
        240,
        240,
        240,
        240,
        240,
        240,
        240,
        240,
        240,
        240,
        240,
        240,
        240,
        240,
        240,
        240,
        240,
        240,
        240,
        240,
        240,
        240,
        240,
        240,
        240,
        240,
        240,
        240,
        240,
        240,
        240,
        240,
        240,
        240,
        240,
        240,
        240,
        240,
        240,
        240,
        240,
        240,
        240,
        240,
        240,
        240,
        240,
        240,
        240,
        240,
        240,
        240,
        240,
        240,
        240,
        240,
        240,
        240,
        240,
        240,
        240,
        240,
        240,
        240,
        240,
        240,
        240,
        240,
        240,
        240,
        240,
        240,
        240,
        240,
        240,
        240,
        240,
        240,
        240,
        240,
        240,
        240,
        240,
        240,
        240,
        240,
        240,
        240,
        240,
        240,
        240,
        240,
        240,
        240,
        240,
        240,
        240,
        240,
        240,
        240,
        240,
        240,
        240,
        240,
        240,
        240,
        240,
        240,
        240,
        240,
        240,
        240,
        240,
        240,
        240,
        240,
        240,
        240,
        175,
        175,
        175,
        176,
        176,
        176,
        177,
        177,
        177,
        178,
        178,
        178,
        179,
        179,
        179,
        180,
        180,
        180,
        183,
        183,
        183,
        185,
        185,
        185,
        186,
        186,
        186,
        187,
        187,
        187,
        188,
        188,
        188,
        190,
        190,
        190,
        191,
        191,
        191,
        194,
        194,
        194,
        195,
        195,
        195,
        196,
        196,
        196,
        199,
        199,
        199,
        202,
        202,
        202,
        206,
        206,
        206,
        209,
        209,
        209,
        210,
        210,
        210,
        212,
        212,
        212,
        213,
        213,
        213,
        215,
        215,
        215,
        217,
        217,
        217,
        219,
        219,
        219,
        223,
        223,
        223,
        225,
        225,
        225,
        227,
        227,
        227,
        229,
        229,
        229,
        232,
        232,
        232,
        239,
        239,
        239,
        240,
        240,
        240,
        241,
        241,
        241,
        242,
        242,
        242,
        243,
        243,
        243,
        244,
        244,
        244,
        245,
        245,
        245,
        246,
        246,
        246,
        247,
        247,
        247,
        248,
        248,
        248,
        249,
        249,
        249,
        250,
        250,
        250,
        251,
        251,
        251,
        252,
        252,
        252,
        253,
        253,
        253,
        254,
        254,
        254,
        255,
        255,
        255,
        150,
        47,
        196,
        127,
        0,
        0,
        0,
        134,
        116,
        82,
        78,
        83,
        28,
        30,
        31,
        32,
        33,
        35,
        59,
        60,
        61,
        62,
        63,
        64,
        65,
        66,
        67,
        68,
        69,
        70,
        71,
        72,
        73,
        74,
        75,
        76,
        77,
        78,
        79,
        80,
        82,
        83,
        84,
        85,
        86,
        87,
        88,
        89,
        90,
        91,
        92,
        93,
        94,
        95,
        95,
        96,
        97,
        99,
        100,
        102,
        103,
        104,
        105,
        106,
        107,
        109,
        112,
        116,
        116,
        117,
        118,
        120,
        121,
        122,
        123,
        125,
        128,
        128,
        128,
        129,
        130,
        130,
        131,
        132,
        136,
        137,
        139,
        141,
        142,
        143,
        144,
        146,
        148,
        151,
        155,
        156,
        158,
        159,
        160,
        164,
        168,
        169,
        170,
        173,
        174,
        178,
        180,
        185,
        188,
        189,
        193,
        196,
        198,
        200,
        201,
        203,
        206,
        210,
        213,
        215,
        216,
        217,
        218,
        220,
        221,
        224,
        225,
        227,
        230,
        232,
        233,
        234,
        235,
        237,
        241,
        242,
        243,
        244,
        246,
        247,
        248,
        250,
        251,
        252,
        253,
        254,
        48,
        232,
        13,
        149,
        0,
        0,
        4,
        52,
        73,
        68,
        65,
        84,
        120,
        218,
        237,
        221,
        207,
        79,
        28,
        101,
        28,
        192,
        225,
        121,
        103,
        103,
        139,
        197,
        162,
        181,
        208,
        136,
        63,
        98,
        250,
        195,
        180,
        69,
        81,
        164,
        122,
        104,
        83,
        141,
        177,
        103,
        47,
        222,
        61,
        250,
        199,
        121,
        52,
        94,
        60,
        171,
        177,
        38,
        166,
        66,
        45,
        166,
        109,
        104,
        161,
        198,
        98,
        74,
        11,
        74,
        43,
        32,
        176,
        187,
        51,
        35,
        203,
        178,
        80,
        168,
        145,
        147,
        201,
        188,
        238,
        243,
        192,
        38,
        48,
        225,
        50,
        223,
        253,
        228,
        205,
        59,
        187,
        59,
        109,
        8,
        239,
        141,
        191,
        56,
        146,
        64,
        156,
        110,
        62,
        152,
        188,
        90,
        134,
        79,
        47,
        175,
        172,
        229,
        49,
        159,
        198,
        152,
        103,
        178,
        151,
        149,
        121,
        227,
        139,
        207,
        179,
        15,
        231,
        77,
        130,
        120,
        133,
        44,
        251,
        100,
        46,
        93,
        54,
        8,
        226,
        118,
        232,
        237,
        116,
        195,
        20,
        136,
        91,
        237,
        120,
        90,
        154,
        2,
        145,
        123,
        61,
        53,
        3,
        162,
        167,
        98,
        84,
        12,
        42,
        6,
        21,
        131,
        138,
        81,
        49,
        168,
        24,
        84,
        12,
        42,
        70,
        197,
        160,
        98,
        80,
        49,
        168,
        24,
        21,
        131,
        138,
        65,
        197,
        160,
        98,
        84,
        12,
        42,
        6,
        21,
        131,
        138,
        81,
        49,
        168,
        24,
        84,
        12,
        42,
        70,
        197,
        160,
        98,
        80,
        49,
        168,
        24,
        21,
        131,
        138,
        65,
        197,
        160,
        98,
        84,
        12,
        42,
        6,
        21,
        131,
        138,
        81,
        49,
        168,
        24,
        84,
        12,
        42,
        70,
        197,
        160,
        98,
        80,
        49,
        168,
        24,
        21,
        131,
        138,
        65,
        197,
        160,
        98,
        84,
        12,
        42,
        6,
        21,
        131,
        138,
        81,
        49,
        168,
        24,
        84,
        12,
        42,
        70,
        197,
        160,
        98,
        80,
        49,
        168,
        24,
        21,
        131,
        138,
        225,
        191,
        150,
        13,
        55,
        243,
        181,
        13,
        115,
        32,
        102,
        181,
        245,
        123,
        11,
        249,
        185,
        122,
        43,
        143,
        246,
        12,
        134,
        61,
        137,
        189,
        44,
        111,
        54,
        27,
        69,
        232,
        79,
        211,
        218,
        240,
        232,
        137,
        145,
        229,
        213,
        72,
        79,
        99,
        204,
        51,
        217,
        187,
        9,
        55,
        110,
        204,
        47,
        61,
        254,
        189,
        17,
        14,
        215,
        210,
        205,
        175,
        236,
        252,
        232,
        169,
        69,
        21,
        19,
        147,
        102,
        227,
        187,
        217,
        159,
        150,
        243,
        162,
        200,
        179,
        206,
        129,
        98,
        242,
        214,
        165,
        51,
        71,
        86,
        77,
        134,
        88,
        148,
        235,
        87,
        166,
        166,
        138,
        246,
        78,
        184,
        76,
        178,
        238,
        193,
        141,
        175,
        31,
        143,
        15,
        254,
        105,
        56,
        68,
        178,
        16,
        255,
        124,
        227,
        74,
        115,
        231,
        234,
        174,
        158,
        134,
        16,
        210,
        205,
        175,
        176,
        184,
        54,
        248,
        92,
        211,
        213,
        29,
        81,
        68,
        60,
        241,
        253,
        100,
        94,
        118,
        213,
        234,
        237,
        134,
        67,
        218,
        126,
        44,
        21,
        67,
        65,
        197,
        68,
        160,
        53,
        241,
        237,
        221,
        162,
        221,
        111,
        81,
        22,
        73,
        89,
        166,
        229,
        246,
        46,
        163,
        253,
        125,
        243,
        206,
        144,
        1,
        17,
        193,
        158,
        120,
        234,
        199,
        185,
        110,
        182,
        237,
        199,
        206,
        123,
        119,
        91,
        25,
        79,
        222,
        237,
        55,
        34,
        42,
        111,
        99,
        122,
        166,
        19,
        236,
        118,
        186,
        123,
        223,
        129,
        110,
        206,
        12,
        24,
        17,
        85,
        151,
        255,
        112,
        237,
        137,
        136,
        55,
        127,
        216,
        173,
        120,
        235,
        216,
        157,
        95,
        234,
        134,
        68,
        213,
        151,
        226,
        219,
        251,
        222,
        106,
        78,
        183,
        250,
        221,
        89,
        154,
        155,
        191,
        29,
        49,
        36,
        42,
        190,
        43,
        158,
        156,
        221,
        89,
        118,
        119,
        43,
        222,
        221,
        37,
        39,
        201,
        210,
        51,
        166,
        68,
        181,
        53,
        239,
        231,
        187,
        235,
        110,
        217,
        169,
        184,
        220,
        243,
        23,
        15,
        237,
        40,
        168,
        122,
        197,
        127,
        236,
        89,
        120,
        119,
        215,
        226,
        157,
        223,
        87,
        102,
        125,
        226,
        152,
        106,
        43,
        22,
        246,
        110,
        48,
        246,
        127,
        74,
        126,
        243,
        64,
        163,
        102,
        76,
        84,
        218,
        244,
        234,
        190,
        165,
        247,
        233,
        123,
        61,
        210,
        210,
        152,
        168,
        244,
        197,
        93,
        51,
        217,
        183,
        13,
        126,
        170,
        226,
        218,
        217,
        150,
        57,
        81,
        105,
        233,
        129,
        71,
        94,
        40,
        76,
        137,
        74,
        11,
        231,
        234,
        7,
        85,
        60,
        228,
        30,
        60,
        170,
        190,
        22,
        31,
        251,
        247,
        138,
        67,
        114,
        108,
        205,
        148,
        168,
        182,
        218,
        1,
        21,
        39,
        207,
        190,
        178,
        98,
        74,
        84,
        91,
        125,
        48,
        9,
        251,
        43,
        14,
        219,
        171,
        240,
        150,
        145,
        33,
        47,
        81,
        80,
        113,
        217,
        203,
        207,
        255,
        243,
        90,
        28,
        58,
        143,
        193,
        147,
        143,
        12,
        137,
        170,
        27,
        57,
        155,
        60,
        177,
        244,
        134,
        78,
        197,
        161,
        187,
        18,
        215,
        223,
        61,
        238,
        37,
        10,
        42,
        175,
        239,
        228,
        75,
        59,
        11,
        111,
        103,
        117,
        126,
        242,
        218,
        238,
        194,
        27,
        11,
        70,
        68,
        245,
        189,
        249,
        104,
        113,
        101,
        123,
        29,
        14,
        123,
        175,
        238,
        66,
        184,
        116,
        65,
        196,
        196,
        224,
        208,
        197,
        11,
        123,
        62,
        40,
        81,
        203,
        218,
        247,
        63,
        167,
        155,
        223,
        253,
        151,
        47,
        62,
        140,
        241,
        140,
        220,
        61,
        218,
        139,
        23,
        120,
        175,
        181,
        238,
        237,
        222,
        2,
        93,
        118,
        43,
        78,
        207,
        124,
        52,
        26,
        231,
        74,
        172,
        226,
        94,
        84,
        63,
        145,
        62,
        88,
        239,
        70,
        156,
        116,
        238,
        228,
        79,
        79,
        127,
        240,
        113,
        255,
        82,
        162,
        98,
        226,
        89,
        141,
        7,
        210,
        251,
        221,
        138,
        195,
        225,
        90,
        118,
        250,
        228,
        171,
        227,
        171,
        209,
        190,
        196,
        230,
        223,
        105,
        235,
        81,
        249,
        198,
        55,
        211,
        147,
        173,
        34,
        47,
        138,
        34,
        124,
        118,
        228,
        232,
        169,
        181,
        191,
        34,
        126,
        223,
        89,
        197,
        61,
        171,
        213,
        184,
        58,
        247,
        235,
        237,
        149,
        188,
        200,
        198,
        90,
        141,
        57,
        243,
        32,
        202,
        93,
        69,
        246,
        126,
        179,
        149,
        95,
        95,
        110,
        102,
        203,
        134,
        65,
        180,
        210,
        190,
        190,
        228,
        82,
        177,
        226,
        46,
        59,
        34,
        23,
        106,
        254,
        119,
        26,
        254,
        15,
        75,
        178,
        17,
        160,
        98,
        80,
        49,
        168,
        24,
        84,
        140,
        138,
        65,
        197,
        160,
        98,
        80,
        49,
        42,
        6,
        21,
        131,
        138,
        65,
        197,
        168,
        24,
        84,
        12,
        42,
        6,
        21,
        163,
        98,
        80,
        49,
        168,
        24,
        84,
        140,
        138,
        65,
        197,
        160,
        98,
        80,
        49,
        42,
        6,
        21,
        131,
        138,
        65,
        197,
        168,
        24,
        84,
        12,
        42,
        6,
        21,
        163,
        98,
        80,
        49,
        168,
        24,
        84,
        140,
        138,
        65,
        197,
        160,
        98,
        80,
        49,
        42,
        6,
        21,
        131,
        138,
        65,
        197,
        168,
        24,
        84,
        12,
        42,
        6,
        21,
        163,
        98,
        80,
        49,
        168,
        24,
        84,
        140,
        138,
        65,
        197,
        160,
        98,
        80,
        49,
        42,
        134,
        106,
        87,
        28,
        204,
        128,
        200,
        205,
        164,
        125,
        134,
        64,
        220,
        242,
        133,
        116,
        192,
        20,
        136,
        91,
        227,
        122,
        237,
        232,
        91,
        73,
        94,
        198,
        124,
        14,
        195,
        158,
        198,
        94,
        86,
        230,
        235,
        95,
        126,
        21,
        178,
        243,
        239,
        12,
        159,
        51,
        12,
        34,
        117,
        107,
        254,
        218,
        68,
        241,
        55,
        93,
        38,
        28,
        139,
        45,
        206,
        66,
        187,
        0,
        0,
        0,
        0,
        73,
        69,
        78,
        68,
        174,
        66,
        96,
        130
      ]
    },
    "stat": {
      "dev": 16777220,
      "mode": 33188,
      "nlink": 1,
      "uid": 501,
      "gid": 20,
      "rdev": 0,
      "blksize": 4194304,
      "ino": 2088844,
      "size": 16691,
      "blocks": 40,
      "atime": "2018-04-17T07:59:11.798Z",
      "mtime": "2018-03-22T08:50:41.055Z",
      "ctime": "2018-03-22T08:50:41.055Z",
      "birthtime": "2018-03-22T08:50:41.055Z"
    },
    "history": [
      "/Users/jiangheng/Desktop/work-code/xxd-h5/src/mods/redpacket_list/imgs/overdue_redpacket_bg.png"
    ],
    "path": "/Users/jiangheng/Desktop/work-code/xxd-h5/src/mods/redpacket_list/imgs/overdue_redpacket_bg.png",
    "gulpCache$filePathChangedInsideTask": false,
    "gulpCache$fileBaseChangedInsideTask": false,
    "gulpCache$originalPath": "/Users/jiangheng/Desktop/work-code/xxd-h5/src/mods/redpacket_list/imgs/overdue_redpacket_bg.png",
    "gulpCache$originalBase": "/Users/jiangheng/Desktop/work-code/xxd-h5/src/mods/"
  },
  {
    "cwd": "/Users/jiangheng/Desktop/work-code/xxd-h5",
    "base": "/Users/jiangheng/Desktop/work-code/xxd-h5/src/mods/",
    "contents": {
      "type": "Buffer",
      "data": [
        137,
        80,
        78,
        71,
        13,
        10,
        26,
        10,
        0,
        0,
        0,
        13,
        73,
        72,
        68,
        82,
        0,
        0,
        2,
        197,
        0,
        0,
        0,
        170,
        8,
        3,
        0,
        0,
        0,
        114,
        40,
        194,
        140,
        0,
        0,
        2,
        34,
        80,
        76,
        84,
        69,
        242,
        239,
        240,
        242,
        239,
        240,
        242,
        239,
        240,
        242,
        239,
        240,
        242,
        239,
        240,
        242,
        239,
        240,
        242,
        239,
        240,
        242,
        239,
        240,
        242,
        239,
        240,
        242,
        239,
        240,
        242,
        239,
        240,
        242,
        239,
        240,
        242,
        239,
        240,
        242,
        239,
        240,
        242,
        239,
        240,
        242,
        239,
        240,
        242,
        239,
        240,
        242,
        239,
        240,
        242,
        239,
        240,
        242,
        239,
        240,
        242,
        239,
        240,
        242,
        239,
        240,
        242,
        239,
        240,
        242,
        239,
        240,
        242,
        239,
        240,
        242,
        239,
        240,
        242,
        239,
        240,
        242,
        239,
        240,
        242,
        239,
        240,
        242,
        239,
        240,
        242,
        239,
        240,
        242,
        239,
        240,
        242,
        239,
        240,
        242,
        239,
        240,
        242,
        239,
        240,
        242,
        239,
        240,
        242,
        239,
        240,
        242,
        239,
        240,
        242,
        239,
        240,
        242,
        239,
        240,
        242,
        239,
        240,
        241,
        239,
        240,
        242,
        239,
        240,
        242,
        239,
        240,
        242,
        239,
        240,
        242,
        239,
        240,
        242,
        239,
        240,
        242,
        239,
        240,
        242,
        239,
        240,
        241,
        240,
        240,
        242,
        239,
        240,
        241,
        239,
        240,
        242,
        239,
        240,
        240,
        240,
        240,
        240,
        240,
        240,
        241,
        240,
        240,
        242,
        239,
        240,
        241,
        239,
        240,
        242,
        239,
        240,
        241,
        239,
        240,
        241,
        239,
        240,
        241,
        240,
        240,
        241,
        239,
        240,
        240,
        240,
        240,
        240,
        240,
        240,
        241,
        239,
        240,
        241,
        240,
        240,
        241,
        239,
        240,
        241,
        239,
        240,
        241,
        240,
        240,
        241,
        239,
        240,
        241,
        240,
        240,
        241,
        240,
        240,
        241,
        240,
        240,
        241,
        240,
        240,
        241,
        240,
        240,
        241,
        240,
        240,
        241,
        240,
        240,
        241,
        240,
        240,
        241,
        240,
        240,
        241,
        240,
        240,
        241,
        240,
        240,
        241,
        240,
        240,
        240,
        240,
        240,
        240,
        240,
        240,
        241,
        240,
        240,
        241,
        240,
        240,
        241,
        240,
        240,
        241,
        240,
        240,
        240,
        240,
        240,
        241,
        240,
        240,
        240,
        240,
        240,
        240,
        240,
        240,
        240,
        240,
        240,
        241,
        240,
        240,
        240,
        240,
        240,
        240,
        240,
        240,
        240,
        240,
        240,
        240,
        240,
        240,
        240,
        240,
        240,
        240,
        240,
        240,
        240,
        240,
        240,
        240,
        240,
        240,
        240,
        240,
        240,
        240,
        240,
        240,
        240,
        240,
        240,
        240,
        240,
        240,
        240,
        240,
        240,
        240,
        240,
        240,
        240,
        240,
        240,
        240,
        240,
        240,
        240,
        240,
        240,
        240,
        240,
        240,
        240,
        240,
        240,
        240,
        240,
        240,
        240,
        240,
        240,
        240,
        240,
        240,
        240,
        240,
        240,
        240,
        240,
        240,
        240,
        240,
        240,
        240,
        240,
        240,
        240,
        240,
        240,
        240,
        240,
        240,
        240,
        240,
        240,
        240,
        240,
        240,
        240,
        240,
        240,
        240,
        240,
        240,
        240,
        240,
        240,
        240,
        240,
        240,
        240,
        240,
        240,
        240,
        240,
        240,
        240,
        240,
        240,
        240,
        240,
        240,
        240,
        240,
        240,
        175,
        175,
        175,
        176,
        176,
        176,
        177,
        177,
        177,
        178,
        178,
        178,
        179,
        179,
        179,
        180,
        180,
        180,
        183,
        183,
        183,
        185,
        185,
        185,
        186,
        186,
        186,
        187,
        187,
        187,
        188,
        188,
        188,
        190,
        190,
        190,
        191,
        191,
        191,
        194,
        194,
        194,
        195,
        195,
        195,
        196,
        196,
        196,
        199,
        199,
        199,
        202,
        202,
        202,
        206,
        206,
        206,
        209,
        209,
        209,
        210,
        210,
        210,
        212,
        212,
        212,
        213,
        213,
        213,
        215,
        215,
        215,
        217,
        217,
        217,
        219,
        219,
        219,
        223,
        223,
        223,
        225,
        225,
        225,
        227,
        227,
        227,
        229,
        229,
        229,
        232,
        232,
        232,
        239,
        239,
        239,
        240,
        240,
        240,
        241,
        241,
        241,
        242,
        242,
        242,
        243,
        243,
        243,
        244,
        244,
        244,
        245,
        245,
        245,
        246,
        246,
        246,
        247,
        247,
        247,
        248,
        248,
        248,
        249,
        249,
        249,
        250,
        250,
        250,
        251,
        251,
        251,
        252,
        252,
        252,
        253,
        253,
        253,
        254,
        254,
        254,
        255,
        255,
        255,
        150,
        47,
        196,
        127,
        0,
        0,
        0,
        134,
        116,
        82,
        78,
        83,
        28,
        30,
        31,
        32,
        33,
        35,
        59,
        60,
        61,
        62,
        63,
        64,
        65,
        66,
        67,
        68,
        69,
        70,
        71,
        72,
        73,
        74,
        75,
        76,
        77,
        78,
        79,
        80,
        82,
        83,
        84,
        85,
        86,
        87,
        88,
        89,
        90,
        91,
        92,
        93,
        94,
        95,
        95,
        96,
        97,
        99,
        100,
        102,
        103,
        104,
        105,
        106,
        107,
        109,
        112,
        116,
        116,
        117,
        118,
        120,
        121,
        122,
        123,
        125,
        128,
        128,
        128,
        129,
        130,
        130,
        131,
        132,
        136,
        137,
        139,
        141,
        142,
        143,
        144,
        146,
        148,
        151,
        155,
        156,
        158,
        159,
        160,
        164,
        168,
        169,
        170,
        173,
        174,
        178,
        180,
        185,
        188,
        189,
        193,
        196,
        198,
        200,
        201,
        203,
        206,
        210,
        213,
        215,
        216,
        217,
        218,
        220,
        221,
        224,
        225,
        227,
        230,
        232,
        233,
        234,
        235,
        237,
        241,
        242,
        243,
        244,
        246,
        247,
        248,
        250,
        251,
        252,
        253,
        254,
        48,
        232,
        13,
        149,
        0,
        0,
        4,
        52,
        73,
        68,
        65,
        84,
        120,
        218,
        237,
        221,
        207,
        79,
        28,
        101,
        28,
        192,
        225,
        121,
        103,
        103,
        139,
        197,
        162,
        181,
        208,
        136,
        63,
        98,
        250,
        195,
        180,
        69,
        81,
        164,
        122,
        104,
        83,
        141,
        177,
        103,
        47,
        222,
        61,
        250,
        199,
        121,
        52,
        94,
        60,
        171,
        177,
        38,
        166,
        66,
        45,
        166,
        109,
        104,
        161,
        198,
        98,
        74,
        11,
        74,
        43,
        32,
        176,
        187,
        51,
        35,
        203,
        178,
        80,
        168,
        145,
        147,
        201,
        188,
        238,
        243,
        192,
        38,
        48,
        225,
        50,
        223,
        253,
        228,
        205,
        59,
        187,
        59,
        109,
        8,
        239,
        141,
        191,
        56,
        146,
        64,
        156,
        110,
        62,
        152,
        188,
        90,
        134,
        79,
        47,
        175,
        172,
        229,
        49,
        159,
        198,
        152,
        103,
        178,
        151,
        149,
        121,
        227,
        139,
        207,
        179,
        15,
        231,
        77,
        130,
        120,
        133,
        44,
        251,
        100,
        46,
        93,
        54,
        8,
        226,
        118,
        232,
        237,
        116,
        195,
        20,
        136,
        91,
        237,
        120,
        90,
        154,
        2,
        145,
        123,
        61,
        53,
        3,
        162,
        167,
        98,
        84,
        12,
        42,
        6,
        21,
        131,
        138,
        81,
        49,
        168,
        24,
        84,
        12,
        42,
        70,
        197,
        160,
        98,
        80,
        49,
        168,
        24,
        21,
        131,
        138,
        65,
        197,
        160,
        98,
        84,
        12,
        42,
        6,
        21,
        131,
        138,
        81,
        49,
        168,
        24,
        84,
        12,
        42,
        70,
        197,
        160,
        98,
        80,
        49,
        168,
        24,
        21,
        131,
        138,
        65,
        197,
        160,
        98,
        84,
        12,
        42,
        6,
        21,
        131,
        138,
        81,
        49,
        168,
        24,
        84,
        12,
        42,
        70,
        197,
        160,
        98,
        80,
        49,
        168,
        24,
        21,
        131,
        138,
        65,
        197,
        160,
        98,
        84,
        12,
        42,
        6,
        21,
        131,
        138,
        81,
        49,
        168,
        24,
        84,
        12,
        42,
        70,
        197,
        160,
        98,
        80,
        49,
        168,
        24,
        21,
        131,
        138,
        225,
        191,
        150,
        13,
        55,
        243,
        181,
        13,
        115,
        32,
        102,
        181,
        245,
        123,
        11,
        249,
        185,
        122,
        43,
        143,
        246,
        12,
        134,
        61,
        137,
        189,
        44,
        111,
        54,
        27,
        69,
        232,
        79,
        211,
        218,
        240,
        232,
        137,
        145,
        229,
        213,
        72,
        79,
        99,
        204,
        51,
        217,
        187,
        9,
        55,
        110,
        204,
        47,
        61,
        254,
        189,
        17,
        14,
        215,
        210,
        205,
        175,
        236,
        252,
        232,
        169,
        69,
        21,
        19,
        147,
        102,
        227,
        187,
        217,
        159,
        150,
        243,
        162,
        200,
        179,
        206,
        129,
        98,
        242,
        214,
        165,
        51,
        71,
        86,
        77,
        134,
        88,
        148,
        235,
        87,
        166,
        166,
        138,
        246,
        78,
        184,
        76,
        178,
        238,
        193,
        141,
        175,
        31,
        143,
        15,
        254,
        105,
        56,
        68,
        178,
        16,
        255,
        124,
        227,
        74,
        115,
        231,
        234,
        174,
        158,
        134,
        16,
        210,
        205,
        175,
        176,
        184,
        54,
        248,
        92,
        211,
        213,
        29,
        81,
        68,
        60,
        241,
        253,
        100,
        94,
        118,
        213,
        234,
        237,
        134,
        67,
        218,
        126,
        44,
        21,
        67,
        65,
        197,
        68,
        160,
        53,
        241,
        237,
        221,
        162,
        221,
        111,
        81,
        22,
        73,
        89,
        166,
        229,
        246,
        46,
        163,
        253,
        125,
        243,
        206,
        144,
        1,
        17,
        193,
        158,
        120,
        234,
        199,
        185,
        110,
        182,
        237,
        199,
        206,
        123,
        119,
        91,
        25,
        79,
        222,
        237,
        55,
        34,
        42,
        111,
        99,
        122,
        166,
        19,
        236,
        118,
        186,
        123,
        223,
        129,
        110,
        206,
        12,
        24,
        17,
        85,
        151,
        255,
        112,
        237,
        137,
        136,
        55,
        127,
        216,
        173,
        120,
        235,
        216,
        157,
        95,
        234,
        134,
        68,
        213,
        151,
        226,
        219,
        251,
        222,
        106,
        78,
        183,
        250,
        221,
        89,
        154,
        155,
        191,
        29,
        49,
        36,
        42,
        190,
        43,
        158,
        156,
        221,
        89,
        118,
        119,
        43,
        222,
        221,
        37,
        39,
        201,
        210,
        51,
        166,
        68,
        181,
        53,
        239,
        231,
        187,
        235,
        110,
        217,
        169,
        184,
        220,
        243,
        23,
        15,
        237,
        40,
        168,
        122,
        197,
        127,
        236,
        89,
        120,
        119,
        215,
        226,
        157,
        223,
        87,
        102,
        125,
        226,
        152,
        106,
        43,
        22,
        246,
        110,
        48,
        246,
        127,
        74,
        126,
        243,
        64,
        163,
        102,
        76,
        84,
        218,
        244,
        234,
        190,
        165,
        247,
        233,
        123,
        61,
        210,
        210,
        152,
        168,
        244,
        197,
        93,
        51,
        217,
        183,
        13,
        126,
        170,
        226,
        218,
        217,
        150,
        57,
        81,
        105,
        233,
        129,
        71,
        94,
        40,
        76,
        137,
        74,
        11,
        231,
        234,
        7,
        85,
        60,
        228,
        30,
        60,
        170,
        190,
        22,
        31,
        251,
        247,
        138,
        67,
        114,
        108,
        205,
        148,
        168,
        182,
        218,
        1,
        21,
        39,
        207,
        190,
        178,
        98,
        74,
        84,
        91,
        125,
        48,
        9,
        251,
        43,
        14,
        219,
        171,
        240,
        150,
        145,
        33,
        47,
        81,
        80,
        113,
        217,
        203,
        207,
        255,
        243,
        90,
        28,
        58,
        143,
        193,
        147,
        143,
        12,
        137,
        170,
        27,
        57,
        155,
        60,
        177,
        244,
        134,
        78,
        197,
        161,
        187,
        18,
        215,
        223,
        61,
        238,
        37,
        10,
        42,
        175,
        239,
        228,
        75,
        59,
        11,
        111,
        103,
        117,
        126,
        242,
        218,
        238,
        194,
        27,
        11,
        70,
        68,
        245,
        189,
        249,
        104,
        113,
        101,
        123,
        29,
        14,
        123,
        175,
        238,
        66,
        184,
        116,
        65,
        196,
        196,
        224,
        208,
        197,
        11,
        123,
        62,
        40,
        81,
        203,
        218,
        247,
        63,
        167,
        155,
        223,
        253,
        151,
        47,
        62,
        140,
        241,
        140,
        220,
        61,
        218,
        139,
        23,
        120,
        175,
        181,
        238,
        237,
        222,
        2,
        93,
        118,
        43,
        78,
        207,
        124,
        52,
        26,
        231,
        74,
        172,
        226,
        94,
        84,
        63,
        145,
        62,
        88,
        239,
        70,
        156,
        116,
        238,
        228,
        79,
        79,
        127,
        240,
        113,
        255,
        82,
        162,
        98,
        226,
        89,
        141,
        7,
        210,
        251,
        221,
        138,
        195,
        225,
        90,
        118,
        250,
        228,
        171,
        227,
        171,
        209,
        190,
        196,
        230,
        223,
        105,
        235,
        81,
        249,
        198,
        55,
        211,
        147,
        173,
        34,
        47,
        138,
        34,
        124,
        118,
        228,
        232,
        169,
        181,
        191,
        34,
        126,
        223,
        89,
        197,
        61,
        171,
        213,
        184,
        58,
        247,
        235,
        237,
        149,
        188,
        200,
        198,
        90,
        141,
        57,
        243,
        32,
        202,
        93,
        69,
        246,
        126,
        179,
        149,
        95,
        95,
        110,
        102,
        203,
        134,
        65,
        180,
        210,
        190,
        190,
        228,
        82,
        177,
        226,
        46,
        59,
        34,
        23,
        106,
        254,
        119,
        26,
        254,
        15,
        75,
        178,
        17,
        160,
        98,
        80,
        49,
        168,
        24,
        84,
        140,
        138,
        65,
        197,
        160,
        98,
        80,
        49,
        42,
        6,
        21,
        131,
        138,
        65,
        197,
        168,
        24,
        84,
        12,
        42,
        6,
        21,
        163,
        98,
        80,
        49,
        168,
        24,
        84,
        140,
        138,
        65,
        197,
        160,
        98,
        80,
        49,
        42,
        6,
        21,
        131,
        138,
        65,
        197,
        168,
        24,
        84,
        12,
        42,
        6,
        21,
        163,
        98,
        80,
        49,
        168,
        24,
        84,
        140,
        138,
        65,
        197,
        160,
        98,
        80,
        49,
        42,
        6,
        21,
        131,
        138,
        65,
        197,
        168,
        24,
        84,
        12,
        42,
        6,
        21,
        163,
        98,
        80,
        49,
        168,
        24,
        84,
        140,
        138,
        65,
        197,
        160,
        98,
        80,
        49,
        42,
        134,
        106,
        87,
        28,
        204,
        128,
        200,
        205,
        164,
        125,
        134,
        64,
        220,
        242,
        133,
        116,
        192,
        20,
        136,
        91,
        227,
        122,
        237,
        232,
        91,
        73,
        94,
        198,
        124,
        14,
        195,
        158,
        198,
        94,
        86,
        230,
        235,
        95,
        126,
        21,
        178,
        243,
        239,
        12,
        159,
        51,
        12,
        34,
        117,
        107,
        254,
        218,
        68,
        241,
        55,
        93,
        38,
        28,
        139,
        45,
        206,
        66,
        187,
        0,
        0,
        0,
        0,
        73,
        69,
        78,
        68,
        174,
        66,
        96,
        130
      ]
    },
    "stat": {
      "dev": 16777220,
      "mode": 33188,
      "nlink": 1,
      "uid": 501,
      "gid": 20,
      "rdev": 0,
      "blksize": 4194304,
      "ino": 2088866,
      "size": 16691,
      "blocks": 40,
      "atime": "2018-04-17T07:59:11.800Z",
      "mtime": "2018-03-22T08:50:41.060Z",
      "ctime": "2018-03-22T08:50:41.060Z",
      "birthtime": "2018-03-22T08:50:41.060Z"
    },
    "history": [
      "/Users/jiangheng/Desktop/work-code/xxd-h5/src/mods/register/imgs/overdue_redpacket_bg.png"
    ],
    "path": "/Users/jiangheng/Desktop/work-code/xxd-h5/src/mods/register/imgs/overdue_redpacket_bg.png",
    "gulpCache$filePathChangedInsideTask": true,
    "gulpCache$fileBaseChangedInsideTask": false,
    "gulpCache$originalPath": "/Users/jiangheng/Desktop/work-code/xxd-h5/src/mods/redpacket_list/imgs/overdue_redpacket_bg.png",
    "gulpCache$originalBase": "/Users/jiangheng/Desktop/work-code/xxd-h5/src/mods/"
  }
]