[
  {
    "cwd": "/Users/jiangheng/Desktop/work-code/xxd-h5",
    "base": "/Users/jiangheng/Desktop/work-code/xxd-h5/src/mods/",
    "contents": {
      "type": "Buffer",
      "data": [
        137,
        80,
        78,
        71,
        13,
        10,
        26,
        10,
        0,
        0,
        0,
        13,
        73,
        72,
        68,
        82,
        0,
        0,
        0,
        20,
        0,
        0,
        0,
        20,
        8,
        6,
        0,
        0,
        0,
        141,
        137,
        29,
        13,
        0,
        0,
        2,
        106,
        73,
        68,
        65,
        84,
        120,
        218,
        172,
        84,
        207,
        107,
        19,
        65,
        20,
        158,
        153,
        236,
        143,
        236,
        110,
        182,
        141,
        177,
        160,
        98,
        15,
        26,
        68,
        168,
        9,
        86,
        4,
        193,
        139,
        160,
        104,
        15,
        66,
        193,
        131,
        135,
        234,
        81,
        188,
        213,
        147,
        189,
        120,
        17,
        15,
        94,
        60,
        120,
        17,
        122,
        241,
        168,
        7,
        193,
        191,
        160,
        24,
        170,
        136,
        23,
        207,
        234,
        69,
        171,
        182,
        145,
        106,
        36,
        13,
        77,
        210,
        38,
        217,
        100,
        119,
        118,
        50,
        227,
        219,
        205,
        174,
        108,
        67,
        147,
        93,
        208,
        129,
        97,
        102,
        222,
        206,
        247,
        189,
        111,
        222,
        143,
        197,
        66,
        8,
        244,
        63,
        135,
        84,
        92,
        90,
        143,
        187,
        131,
        205,
        122,
        254,
        54,
        194,
        136,
        181,
        115,
        27,
        207,
        225,
        60,
        86,
        1,
        73,
        224,
        52,
        5,
        100,
        151,
        96,
        157,
        243,
        247,
        113,
        10,
        163,
        135,
        76,
        227,
        248,
        20,
        8,
        82,
        58,
        185,
        141,
        223,
        81,
        167,
        156,
        176,
        183,
        176,
        58,
        195,
        2,
        204,
        70,
        126,
        90,
        32,
        97,
        117,
        114,
        229,
        230,
        126,
        10,
        9,
        70,
        120,
        17,
        11,
        252,
        9,
        136,
        11,
        161,
        81,
        107,
        31,
        214,
        17,
        230,
        101,
        152,
        63,
        253,
        125,
        232,
        188,
        121,
        108,
        22,
        9,
        252,
        1,
        48,
        183,
        162,
        60,
        81,
        133,
        184,
        103,
        86,
        159,
        166,
        219,
        135,
        10,
        0,
        46,
        26,
        187,
        211,
        53,
        194,
        148,
        199,
        96,
        190,
        9,
        223,
        148,
        129,
        119,
        213,
        134,
        120,
        190,
        232,
        75,
        244,
        30,
        28,
        207,
        8,
        204,
        87,
        186,
        147,
        149,
        103,
        30,
        246,
        47,
        73,
        225,
        238,
        247,
        168,
        90,
        13,
        166,
        174,
        118,
        15,
        154,
        74,
        47,
        91,
        130,
        253,
        137,
        253,
        35,
        37,
        62,
        59,
        122,
        243,
        42,
        213,
        154,
        22,
        28,
        186,
        48,
        109,
        152,
        124,
        248,
        201,
        158,
        161,
        7,
        179,
        45,
        219,
        19,
        143,
        70,
        147,
        249,
        58,
        102,
        192,
        225,
        67,
        239,
        110,
        148,
        44,
        124,
        50,
        206,
        52,
        242,
        243,
        88,
        160,
        115,
        32,
        124,
        133,
        201,
        214,
        15,
        44,
        200,
        245,
        216,
        90,
        18,
        100,
        33,
        109,
        77,
        45,
        201,
        206,
        196,
        41,
        40,
        164,
        57,
        192,
        190,
        135,
        178,
        42,
        73,
        131,
        82,
        16,
        231,
        225,
        202,
        69,
        200,
        88,
        21,
        115,
        57,
        155,
        164,
        60,
        96,
        168,
        132,
        165,
        103,
        1,
        115,
        26,
        18,
        115,
        25,
        86,
        175,
        62,
        87,
        253,
        164,
        64,
        218,
        33,
        248,
        104,
        217,
        147,
        175,
        239,
        30,
        189,
        144,
        184,
        45,
        192,
        59,
        96,
        189,
        164,
        188,
        12,
        194,
        133,
        165,
        224,
        253,
        97,
        96,
        5,
        83,
        173,
        181,
        20,
        75,
        247,
        19,
        168,
        116,
        93,
        181,
        245,
        37,
        32,
        10,
        227,
        200,
        73,
        176,
        161,
        129,
        145,
        210,
        244,
        206,
        150,
        32,
        236,
        117,
        156,
        56,
        78,
        220,
        146,
        171,
        118,
        154,
        81,
        108,
        72,
        184,
        167,
        30,
        188,
        142,
        112,
        244,
        198,
        125,
        168,
        177,
        234,
        40,
        50,
        248,
        246,
        203,
        49,
        234,
        15,
        2,
        18,
        17,
        215,
        203,
        212,
        85,
        219,
        223,
        236,
        76,
        109,
        129,
        167,
        220,
        119,
        209,
        146,
        128,
        193,
        120,
        138,
        190,
        177,
        205,
        173,
        27,
        76,
        177,
        214,
        3,
        194,
        209,
        189,
        28,
        169,
        71,
        11,
        0,
        31,
        1,
        124,
        71,
        182,
        39,
        175,
        16,
        46,
        157,
        28,
        60,
        147,
        173,
        185,
        218,
        206,
        42,
        172,
        149,
        32,
        238,
        60,
        9,
        161,
        175,
        196,
        35,
        213,
        90,
        71,
        102,
        8,
        151,
        159,
        236,
        1,
        184,
        250,
        188,
        149,
        221,
        252,
        10,
        219,
        126,
        236,
        223,
        102,
        88,
        169,
        117,
        96,
        243,
        85,
        202,
        213,
        138,
        208,
        138,
        139,
        208,
        172,
        188,
        103,
        212,
        150,
        185,
        68,
        43,
        227,
        254,
        137,
        227,
        8,
        61,
        16,
        149,
        169,
        193,
        73,
        95,
        62,
        235,
        57,
        144,
        29,
        19,
        57,
        82,
        157,
        254,
        11,
        161,
        107,
        27,
        219,
        101,
        100,
        108,
        95,
        11,
        108,
        173,
        32,
        28,
        35,
        9,
        255,
        8,
        48,
        0,
        205,
        251,
        254,
        242,
        14,
        213,
        64,
        147,
        0,
        0,
        0,
        0,
        73,
        69,
        78,
        68,
        174,
        66,
        96,
        130
      ]
    },
    "stat": {
      "dev": 16777220,
      "mode": 33188,
      "nlink": 1,
      "uid": 501,
      "gid": 20,
      "rdev": 0,
      "blksize": 4194304,
      "ino": 2088698,
      "size": 1527,
      "blocks": 8,
      "atime": "2018-04-17T07:59:11.791Z",
      "mtime": "2018-03-22T08:50:41.020Z",
      "ctime": "2018-03-22T08:50:41.020Z",
      "birthtime": "2018-03-22T08:50:41.020Z"
    },
    "history": [
      "/Users/jiangheng/Desktop/work-code/xxd-h5/src/mods/mypurse/imgs/feedback_icon.png"
    ],
    "path": "/Users/jiangheng/Desktop/work-code/xxd-h5/src/mods/mypurse/imgs/feedback_icon.png",
    "gulpCache$filePathChangedInsideTask": false,
    "gulpCache$fileBaseChangedInsideTask": false,
    "gulpCache$originalPath": "/Users/jiangheng/Desktop/work-code/xxd-h5/src/mods/mypurse/imgs/feedback_icon.png",
    "gulpCache$originalBase": "/Users/jiangheng/Desktop/work-code/xxd-h5/src/mods/"
  }
]