[
  {
    "cwd": "/Users/jiangheng/Desktop/work-code/xxd-h5",
    "base": "/Users/jiangheng/Desktop/work-code/xxd-h5/src/mods/",
    "contents": {
      "type": "Buffer",
      "data": [
        137,
        80,
        78,
        71,
        13,
        10,
        26,
        10,
        0,
        0,
        0,
        13,
        73,
        72,
        68,
        82,
        0,
        0,
        0,
        34,
        0,
        0,
        0,
        38,
        8,
        6,
        0,
        0,
        0,
        161,
        214,
        73,
        212,
        0,
        0,
        2,
        238,
        73,
        68,
        65,
        84,
        120,
        218,
        204,
        152,
        77,
        104,
        83,
        65,
        16,
        199,
        147,
        18,
        181,
        193,
        64,
        61,
        136,
        168,
        7,
        63,
        64,
        40,
        24,
        148,
        90,
        4,
        139,
        105,
        53,
        34,
        26,
        41,
        82,
        61,
        8,
        30,
        4,
        65,
        165,
        39,
        123,
        208,
        131,
        210,
        122,
        177,
        98,
        80,
        115,
        171,
        160,
        183,
        28,
        4,
        65,
        176,
        20,
        91,
        240,
        11,
        235,
        197,
        182,
        209,
        131,
        20,
        20,
        69,
        73,
        177,
        130,
        212,
        79,
        84,
        170,
        98,
        37,
        5,
        155,
        198,
        255,
        200,
        60,
        93,
        151,
        221,
        188,
        121,
        233,
        51,
        205,
        192,
        47,
        111,
        63,
        102,
        247,
        205,
        155,
        221,
        157,
        221,
        77,
        48,
        245,
        98,
        34,
        80,
        130,
        44,
        2,
        219,
        192,
        118,
        126,
        146,
        220,
        5,
        253,
        252,
        252,
        40,
        237,
        232,
        248,
        170,
        249,
        191,
        159,
        161,
        130,
        76,
        191,
        26,
        196,
        64,
        130,
        95,
        92,
        103,
        208,
        217,
        207,
        144,
        60,
        102,
        131,
        238,
        128,
        251,
        96,
        210,
        237,
        5,
        161,
        130,
        221,
        146,
        53,
        202,
        87,
        111,
        2,
        97,
        15,
        30,
        171,
        99,
        142,
        129,
        28,
        24,
        84,
        188,
        245,
        212,
        104,
        200,
        116,
        193,
        234,
        238,
        37,
        1,
        127,
        36,
        204,
        158,
        76,
        112,
        254,
        189,
        105,
        24,
        131,
        201,
        145,
        137,
        22,
        60,
        79,
        89,
        220,
        93,
        14,
        161,
        97,
        60,
        73,
        30,
        169,
        159,
        69,
        35,
        156,
        97,
        172,
        47,
        54,
        71,
        202,
        42,
        161,
        233,
        64,
        165,
        24,
        34,
        243,
        200,
        55,
        240,
        85,
        201,
        47,
        5,
        115,
        44,
        186,
        63,
        193,
        59,
        37,
        191,
        0,
        212,
        184,
        189,
        160,
        138,
        12,
        17,
        240,
        22,
        212,
        130,
        21,
        76,
        123,
        17,
        221,
        118,
        69,
        175,
        150,
        219,
        186,
        190,
        67,
        106,
        200,
        106,
        208,
        161,
        228,
        207,
        131,
        97,
        131,
        222,
        48,
        215,
        57,
        249,
        14,
        110,
        235,
        155,
        33,
        78,
        167,
        81,
        78,
        231,
        193,
        33,
        48,
        165,
        212,
        79,
        113,
        89,
        158,
        243,
        81,
        205,
        248,
        226,
        134,
        228,
        241,
        35,
        100,
        46,
        72,
        3,
        167,
        205,
        19,
        144,
        82,
        234,
        83,
        92,
        22,
        96,
        157,
        52,
        183,
        17,
        245,
        239,
        197,
        35,
        68,
        3,
        104,
        83,
        242,
        73,
        48,
        194,
        36,
        149,
        242,
        54,
        214,
        21,
        247,
        45,
        93,
        53,
        170,
        156,
        1,
        125,
        96,
        140,
        55,
        179,
        86,
        46,
        119,
        54,
        182,
        101,
        172,
        227,
        109,
        249,
        230,
        101,
        134,
        92,
        4,
        61,
        150,
        186,
        33,
        67,
        217,
        78,
        37,
        189,
        7,
        28,
        246,
        43,
        142,
        140,
        130,
        123,
        194,
        143,
        27,
        99,
        212,
        16,
        238,
        155,
        71,
        232,
        72,
        176,
        219,
        80,
        254,
        25,
        100,
        56,
        221,
        8,
        22,
        90,
        218,
        250,
        22,
        89,
        15,
        50,
        186,
        12,
        128,
        56,
        167,
        147,
        96,
        243,
        12,
        66,
        124,
        101,
        236,
        122,
        210,
        161,
        169,
        152,
        77,
        143,
        142,
        122,
        143,
        44,
        147,
        216,
        145,
        30,
        62,
        228,
        232,
        178,
        142,
        143,
        154,
        190,
        120,
        164,
        23,
        116,
        185,
        232,
        92,
        176,
        148,
        31,
        17,
        25,
        2,
        143,
        140,
        87,
        192,
        200,
        140,
        147,
        71,
        178,
        2,
        197,
        179,
        160,
        211,
        80,
        158,
        81,
        130,
        215,
        13,
        94,
        194,
        186,
        204,
        19,
        244,
        159,
        37,
        143,
        12,
        242,
        145,
        63,
        236,
        114,
        175,
        169,
        54,
        148,
        71,
        180,
        116,
        77,
        9,
        222,
        160,
        173,
        97,
        136,
        54,
        189,
        73,
        112,
        213,
        227,
        230,
        231,
        39,
        125,
        221,
        27,
        35,
        57,
        103,
        178,
        166,
        248,
        150,
        86,
        85,
        230,
        185,
        65,
        111,
        63,
        173,
        30,
        21,
        179,
        224,
        220,
        44,
        120,
        163,
        171,
        183,
        49,
        242,
        92,
        143,
        35,
        157,
        28,
        162,
        99,
        30,
        190,
        168,
        1,
        188,
        226,
        244,
        98,
        143,
        222,
        160,
        184,
        116,
        194,
        20,
        208,
        232,
        244,
        221,
        194,
        193,
        43,
        42,
        236,
        140,
        86,
        196,
        242,
        18,
        134,
        228,
        37,
        104,
        86,
        47,
        231,
        122,
        100,
        165,
        152,
        178,
        5,
        220,
        2,
        235,
        255,
        211,
        188,
        120,
        6,
        118,
        128,
        15,
        255,
        94,
        39,
        240,
        163,
        241,
        9,
        196,
        193,
        21,
        67,
        221,
        76,
        185,
        14,
        154,
        192,
        27,
        167,
        236,
        143,
        33,
        180,
        249,
        26,
        248,
        1,
        246,
        129,
        86,
        240,
        221,
        162,
        227,
        133,
        28,
        56,
        10,
        118,
        129,
        47,
        106,
        157,
        244,
        130,
        149,
        230,
        107,
        65,
        247,
        12,
        86,
        198,
        109,
        176,
        150,
        86,
        8,
        40,
        232,
        245,
        127,
        61,
        194,
        139,
        185,
        8,
        175,
        193,
        94,
        208,
        4,
        6,
        4,
        250,
        14,
        15,
        65,
        2,
        52,
        131,
        81,
        155,
        158,
        215,
        43,
        39,
        145,
        1,
        113,
        16,
        3,
        215,
        76,
        95,
        199,
        220,
        4,
        91,
        193,
        6,
        208,
        239,
        214,
        175,
        228,
        175,
        43,
        155,
        60,
        96,
        86,
        130,
        3,
        28,
        145,
        131,
        224,
        50,
        184,
        164,
        157,
        81,
        196,
        242,
        75,
        128,
        1,
        0,
        35,
        199,
        139,
        73,
        135,
        182,
        55,
        141,
        0,
        0,
        0,
        0,
        73,
        69,
        78,
        68,
        174,
        66,
        96,
        130
      ]
    },
    "stat": {
      "dev": 16777220,
      "mode": 33188,
      "nlink": 1,
      "uid": 501,
      "gid": 20,
      "rdev": 0,
      "blksize": 4194304,
      "ino": 2088657,
      "size": 1664,
      "blocks": 8,
      "atime": "2018-04-17T07:59:11.790Z",
      "mtime": "2018-03-22T08:50:41.011Z",
      "ctime": "2018-03-22T08:50:41.011Z",
      "birthtime": "2018-03-22T08:50:41.011Z"
    },
    "history": [
      "/Users/jiangheng/Desktop/work-code/xxd-h5/src/mods/home/imgs/risk_management_icon@2x.png"
    ],
    "path": "/Users/jiangheng/Desktop/work-code/xxd-h5/src/mods/home/imgs/risk_management_icon@2x.png",
    "gulpCache$filePathChangedInsideTask": false,
    "gulpCache$fileBaseChangedInsideTask": false,
    "gulpCache$originalPath": "/Users/jiangheng/Desktop/work-code/xxd-h5/src/mods/home/imgs/risk_management_icon@2x.png",
    "gulpCache$originalBase": "/Users/jiangheng/Desktop/work-code/xxd-h5/src/mods/"
  }
]