[
  {
    "cwd": "/Users/jiangheng/Desktop/work-code/xxd-h5",
    "base": "/Users/jiangheng/Desktop/work-code/xxd-h5/src/mods/",
    "contents": {
      "type": "Buffer",
      "data": [
        137,
        80,
        78,
        71,
        13,
        10,
        26,
        10,
        0,
        0,
        0,
        13,
        73,
        72,
        68,
        82,
        0,
        0,
        0,
        36,
        0,
        0,
        0,
        40,
        8,
        6,
        0,
        0,
        0,
        150,
        194,
        88,
        227,
        0,
        0,
        4,
        123,
        73,
        68,
        65,
        84,
        120,
        218,
        188,
        152,
        105,
        140,
        78,
        87,
        24,
        199,
        239,
        140,
        119,
        24,
        123,
        109,
        211,
        209,
        78,
        44,
        45,
        141,
        65,
        45,
        49,
        84,
        196,
        82,
        251,
        164,
        141,
        15,
        150,
        249,
        208,
        24,
        95,
        108,
        169,
        116,
        38,
        138,
        166,
        132,
        32,
        152,
        160,
        18,
        162,
        157,
        22,
        225,
        139,
        76,
        236,
        210,
        73,
        41,
        67,
        68,
        198,
        24,
        50,
        6,
        177,
        141,
        209,
        32,
        197,
        104,
        148,
        88,
        98,
        167,
        182,
        25,
        254,
        143,
        252,
        143,
        60,
        189,
        222,
        251,
        222,
        123,
        222,
        119,
        120,
        146,
        95,
        238,
        242,
        190,
        231,
        220,
        255,
        61,
        231,
        60,
        203,
        185,
        113,
        89,
        89,
        89,
        78,
        140,
        22,
        15,
        58,
        129,
        15,
        65,
        5,
        56,
        103,
        211,
        56,
        55,
        55,
        247,
        173,
        206,
        98,
        177,
        33,
        224,
        60,
        56,
        1,
        118,
        131,
        179,
        224,
        16,
        232,
        16,
        109,
        135,
        161,
        128,
        255,
        251,
        24,
        244,
        1,
        77,
        192,
        191,
        160,
        16,
        12,
        5,
        155,
        194,
        188,
        84,
        79,
        80,
        2,
        6,
        240,
        191,
        253,
        64,
        51,
        158,
        239,
        7,
        183,
        99,
        17,
        212,
        88,
        70,
        21,
        124,
        3,
        226,
        212,
        253,
        251,
        160,
        22,
        197,
        92,
        7,
        83,
        64,
        41,
        24,
        14,
        114,
        64,
        3,
        176,
        15,
        36,
        130,
        4,
        213,
        238,
        9,
        248,
        5,
        204,
        6,
        207,
        108,
        5,
        37,
        178,
        211,
        78,
        234,
        94,
        37,
        168,
        193,
        7,
        26,
        97,
        131,
        64,
        57,
        175,
        151,
        129,
        11,
        32,
        31,
        212,
        15,
        211,
        78,
        250,
        252,
        17,
        124,
        10,
        70,
        121,
        45,
        72,
        47,
        203,
        82,
        98,
        86,
        112,
        218,
        228,
        5,
        210,
        192,
        2,
        48,
        7,
        116,
        86,
        98,
        140,
        109,
        3,
        221,
        193,
        66,
        48,
        19,
        124,
        194,
        118,
        169,
        96,
        7,
        255,
        51,
        146,
        235,
        207,
        106,
        132,
        6,
        242,
        88,
        4,
        190,
        83,
        247,
        143,
        145,
        72,
        118,
        156,
        104,
        59,
        75,
        33,
        151,
        65,
        50,
        5,
        237,
        177,
        25,
        161,
        42,
        215,
        177,
        58,
        236,
        37,
        241,
        28,
        140,
        72,
        130,
        246,
        243,
        40,
        222,
        242,
        19,
        104,
        20,
        163,
        152,
        20,
        176,
        30,
        52,
        231,
        245,
        94,
        91,
        65,
        191,
        49,
        198,
        56,
        92,
        136,
        151,
        233,
        234,
        182,
        214,
        10,
        108,
        103,
        251,
        12,
        222,
        219,
        5,
        118,
        218,
        10,
        122,
        4,
        122,
        131,
        3,
        188,
        22,
        175,
        249,
        33,
        10,
        65,
        171,
        192,
        48,
        62,
        75,
        188,
        109,
        37,
        215,
        210,
        75,
        91,
        65,
        98,
        253,
        65,
        55,
        117,
        93,
        28,
        133,
        160,
        71,
        234,
        252,
        52,
        61,
        244,
        191,
        72,
        121,
        200,
        203,
        102,
        129,
        205,
        160,
        14,
        120,
        10,
        190,
        103,
        208,
        179,
        181,
        111,
        213,
        122,
        233,
        66,
        15,
        237,
        102,
        43,
        104,
        177,
        122,
        248,
        63,
        76,
        7,
        63,
        123,
        13,
        179,
        143,
        221,
        164,
        139,
        207,
        102,
        251,
        230,
        76,
        61,
        95,
        4,
        21,
        52,
        13,
        76,
        231,
        121,
        57,
        131,
        220,
        201,
        106,
        112,
        247,
        28,
        70,
        231,
        231,
        140,
        244,
        18,
        131,
        186,
        250,
        9,
        146,
        55,
        89,
        194,
        243,
        50,
        174,
        161,
        27,
        97,
        30,
        32,
        73,
        246,
        131,
        8,
        2,
        90,
        186,
        114,
        152,
        49,
        73,
        41,
        233,
        92,
        67,
        34,
        170,
        32,
        59,
        59,
        59,
        217,
        75,
        144,
        60,
        32,
        79,
        37,
        204,
        175,
        193,
        45,
        143,
        7,
        254,
        197,
        144,
        208,
        49,
        204,
        111,
        147,
        88,
        23,
        45,
        247,
        104,
        43,
        211,
        149,
        201,
        81,
        19,
        49,
        27,
        32,
        42,
        46,
        156,
        160,
        28,
        22,
        89,
        14,
        27,
        92,
        137,
        48,
        2,
        101,
        44,
        41,
        164,
        6,
        106,
        227,
        18,
        179,
        130,
        231,
        167,
        34,
        180,
        207,
        167,
        183,
        25,
        79,
        158,
        232,
        22,
        148,
        162,
        110,
        230,
        121,
        69,
        81,
        101,
        178,
        22,
        142,
        48,
        225,
        22,
        81,
        212,
        104,
        240,
        43,
        127,
        151,
        164,
        186,
        218,
        167,
        143,
        5,
        42,
        223,
        205,
        195,
        40,
        213,
        211,
        130,
        198,
        113,
        206,
        43,
        233,
        13,
        126,
        118,
        143,
        235,
        205,
        136,
        42,
        81,
        211,
        45,
        105,
        102,
        81,
        128,
        62,
        94,
        176,
        142,
        114,
        56,
        51,
        153,
        90,
        208,
        72,
        30,
        11,
        232,
        230,
        142,
        133,
        168,
        99,
        156,
        62,
        35,
        102,
        134,
        133,
        247,
        21,
        243,
        165,
        28,
        142,
        240,
        235,
        140,
        43,
        139,
        249,
        115,
        85,
        203,
        248,
        217,
        98,
        198,
        37,
        99,
        53,
        121,
        124,
        206,
        251,
        69,
        170,
        74,
        88,
        234,
        149,
        179,
        148,
        109,
        0,
        61,
        64,
        47,
        153,
        54,
        17,
        212,
        206,
        85,
        235,
        248,
        217,
        88,
        142,
        136,
        219,
        18,
        88,
        63,
        107,
        43,
        15,
        32,
        168,
        68,
        173,
        231,
        212,
        16,
        235,
        102,
        99,
        215,
        3,
        8,
        146,
        64,
        217,
        90,
        93,
        203,
        130,
        94,
        195,
        210,
        117,
        188,
        235,
        191,
        71,
        3,
        244,
        167,
        189,
        185,
        105,
        200,
        85,
        128,
        197,
        5,
        232,
        64,
        34,
        121,
        95,
        117,
        93,
        91,
        237,
        76,
        150,
        187,
        22,
        173,
        132,
        146,
        63,
        124,
        250,
        211,
        207,
        172,
        10,
        185,
        178,
        177,
        68,
        207,
        171,
        62,
        29,
        100,
        48,
        160,
        133,
        219,
        20,
        116,
        118,
        221,
        235,
        23,
        64,
        80,
        61,
        117,
        254,
        48,
        228,
        242,
        170,
        182,
        172,
        125,
        35,
        153,
        100,
        234,
        207,
        2,
        76,
        89,
        101,
        192,
        41,
        107,
        169,
        206,
        175,
        25,
        65,
        50,
        74,
        117,
        185,
        163,
        248,
        211,
        167,
        131,
        171,
        174,
        81,
        188,
        107,
        222,
        78,
        121,
        152,
        141,
        117,
        225,
        81,
        242,
        91,
        69,
        60,
        115,
        202,
        65,
        222,
        252,
        202,
        121,
        255,
        54,
        192,
        56,
        0,
        246,
        249,
        85,
        38,
        48,
        154,
        81,
        73,
        115,
        109,
        12,
        131,
        216,
        37,
        110,
        40,
        11,
        162,
        16,
        147,
        196,
        141,
        166,
        99,
        194,
        67,
        188,
        10,
        78,
        79,
        120,
        62,
        215,
        178,
        211,
        123,
        124,
        203,
        153,
        81,
        8,
        154,
        202,
        224,
        252,
        130,
        26,
        222,
        8,
        186,
        195,
        93,
        134,
        216,
        8,
        238,
        209,
        223,
        181,
        73,
        64,
        158,
        204,
        243,
        141,
        152,
        174,
        43,
        225,
        202,
        15,
        179,
        88,
        215,
        70,
        49,
        117,
        54,
        214,
        16,
        108,
        101,
        168,
        184,
        175,
        42,
        212,
        255,
        9,
        18,
        111,
        25,
        163,
        74,
        204,
        66,
        110,
        131,
        170,
        219,
        146,
        88,
        222,
        152,
        226,
        110,
        2,
        70,
        231,
        154,
        87,
        9,
        91,
        200,
        92,
        85,
        197,
        50,
        85,
        220,
        120,
        190,
        138,
        198,
        177,
        218,
        8,
        22,
        119,
        105,
        188,
        158,
        14,
        49,
        91,
        252,
        138,
        252,
        117,
        108,
        248,
        128,
        159,
        80,
        164,
        62,
        250,
        155,
        187,
        215,
        228,
        40,
        68,
        212,
        225,
        247,
        165,
        195,
        224,
        119,
        214,
        62,
        79,
        89,
        131,
        45,
        9,
        250,
        245,
        99,
        27,
        119,
        4,
        178,
        203,
        28,
        12,
        62,
        82,
        133,
        87,
        41,
        235,
        152,
        50,
        186,
        252,
        13,
        122,
        104,
        2,
        145,
        74,
        160,
        5,
        104,
        207,
        114,
        164,
        47,
        215,
        138,
        177,
        82,
        70,
        244,
        51,
        182,
        159,
        99,
        46,
        176,
        0,
        75,
        231,
        162,
        251,
        146,
        35,
        218,
        139,
        216,
        90,
        49,
        63,
        104,
        109,
        143,
        180,
        191,
        11,
        242,
        141,
        113,
        55,
        105,
        197,
        202,
        178,
        63,
        75,
        144,
        36,
        159,
        125,
        88,
        5,
        71,
        177,
        136,
        34,
        46,
        86,
        231,
        71,
        79,
        135,
        15,
        88,
        74,
        204,
        222,
        44,
        133,
        159,
        105,
        234,
        51,
        23,
        61,
        96,
        78,
        147,
        169,
        124,
        28,
        205,
        170,
        127,
        37,
        192,
        0,
        215,
        112,
        11,
        30,
        148,
        235,
        230,
        196,
        0,
        0,
        0,
        0,
        73,
        69,
        78,
        68,
        174,
        66,
        96,
        130
      ]
    },
    "stat": {
      "dev": 16777220,
      "mode": 33188,
      "nlink": 1,
      "uid": 501,
      "gid": 20,
      "rdev": 0,
      "blksize": 4194304,
      "ino": 2088648,
      "size": 2061,
      "blocks": 8,
      "atime": "2018-04-17T07:59:11.789Z",
      "mtime": "2018-03-22T08:50:41.001Z",
      "ctime": "2018-03-22T08:50:41.001Z",
      "birthtime": "2018-03-22T08:50:41.001Z"
    },
    "history": [
      "/Users/jiangheng/Desktop/work-code/xxd-h5/src/mods/home/imgs/my_xxd_icon@2x.png"
    ],
    "path": "/Users/jiangheng/Desktop/work-code/xxd-h5/src/mods/home/imgs/my_xxd_icon@2x.png",
    "gulpCache$filePathChangedInsideTask": false,
    "gulpCache$fileBaseChangedInsideTask": false,
    "gulpCache$originalPath": "/Users/jiangheng/Desktop/work-code/xxd-h5/src/mods/home/imgs/my_xxd_icon@2x.png",
    "gulpCache$originalBase": "/Users/jiangheng/Desktop/work-code/xxd-h5/src/mods/"
  }
]