[
  {
    "cwd": "/Users/jiangheng/Desktop/work-code/xxd-h5",
    "base": "/Users/jiangheng/Desktop/work-code/xxd-h5/src/mods/",
    "contents": {
      "type": "Buffer",
      "data": [
        137,
        80,
        78,
        71,
        13,
        10,
        26,
        10,
        0,
        0,
        0,
        13,
        73,
        72,
        68,
        82,
        0,
        0,
        2,
        206,
        0,
        0,
        0,
        133,
        8,
        3,
        0,
        0,
        0,
        124,
        50,
        142,
        152,
        0,
        0,
        0,
        195,
        80,
        76,
        84,
        69,
        199,
        215,
        239,
        199,
        215,
        239,
        199,
        215,
        239,
        199,
        215,
        239,
        199,
        215,
        239,
        199,
        215,
        239,
        199,
        215,
        239,
        199,
        215,
        239,
        199,
        215,
        239,
        211,
        221,
        236,
        199,
        215,
        239,
        199,
        215,
        239,
        218,
        225,
        234,
        199,
        215,
        239,
        199,
        215,
        239,
        199,
        215,
        239,
        213,
        222,
        236,
        199,
        215,
        239,
        199,
        215,
        239,
        199,
        215,
        239,
        199,
        215,
        239,
        199,
        215,
        239,
        199,
        215,
        239,
        199,
        215,
        239,
        199,
        215,
        239,
        199,
        215,
        239,
        199,
        215,
        239,
        199,
        215,
        239,
        199,
        215,
        239,
        229,
        230,
        231,
        229,
        230,
        231,
        230,
        230,
        231,
        229,
        230,
        232,
        230,
        230,
        231,
        228,
        230,
        232,
        228,
        230,
        232,
        230,
        231,
        231,
        231,
        231,
        231,
        230,
        231,
        231,
        230,
        231,
        231,
        231,
        231,
        231,
        231,
        231,
        231,
        231,
        231,
        231,
        231,
        231,
        231,
        231,
        231,
        231,
        231,
        231,
        231,
        231,
        231,
        231,
        231,
        231,
        231,
        231,
        231,
        231,
        237,
        237,
        237,
        241,
        241,
        241,
        242,
        242,
        242,
        243,
        243,
        243,
        244,
        244,
        244,
        245,
        245,
        245,
        246,
        246,
        246,
        247,
        247,
        247,
        248,
        248,
        248,
        249,
        249,
        249,
        250,
        250,
        250,
        251,
        251,
        251,
        252,
        252,
        252,
        253,
        253,
        253,
        254,
        254,
        254,
        255,
        255,
        255,
        143,
        0,
        225,
        50,
        0,
        0,
        0,
        48,
        116,
        82,
        78,
        83,
        0,
        1,
        2,
        3,
        4,
        5,
        6,
        7,
        8,
        8,
        9,
        10,
        10,
        11,
        13,
        14,
        14,
        15,
        16,
        17,
        18,
        22,
        27,
        30,
        31,
        33,
        39,
        45,
        49,
        85,
        86,
        89,
        90,
        90,
        99,
        100,
        141,
        168,
        176,
        177,
        216,
        220,
        224,
        226,
        229,
        243,
        249,
        250,
        254,
        123,
        147,
        7,
        0,
        0,
        7,
        96,
        73,
        68,
        65,
        84,
        120,
        218,
        237,
        157,
        235,
        118,
        211,
        70,
        24,
        0,
        99,
        91,
        118,
        130,
        13,
        129,
        144,
        4,
        40,
        180,
        133,
        182,
        208,
        150,
        66,
        169,
        18,
        221,
        172,
        187,
        223,
        255,
        169,
        186,
        43,
        69,
        190,
        197,
        1,
        75,
        218,
        93,
        73,
        57,
        51,
        191,
        137,
        146,
        131,
        39,
        155,
        209,
        39,
        105,
        117,
        114,
        178,
        102,
        36,
        24,
        3,
        12,
        10,
        105,
        237,
        201,
        61,
        164,
        201,
        19,
        203,
        154,
        2,
        12,
        10,
        203,
        154,
        72,
        167,
        247,
        101,
        158,
        60,
        253,
        237,
        211,
        63,
        223,
        108,
        128,
        65,
        241,
        239,
        223,
        159,
        222,
        63,
        157,
        236,
        8,
        45,
        108,
        182,
        126,
        249,
        204,
        127,
        13,
        12,
        147,
        207,
        191,
        90,
        91,
        62,
        139,
        165,
        249,
        201,
        71,
        219,
        190,
        241,
        211,
        124,
        5,
        112,
        12,
        121,
        22,
        47,
        61,
        231,
        182,
        46,
        142,
        183,
        140,
        211,
        60,
        207,
        147,
        40,
        112,
        235,
        127,
        245,
        206,
        97,
        178,
        82,
        214,
        60,
        241,
        111,
        108,
        251,
        227,
        19,
        177,
        64,
        87,
        107,
        243,
        100,
        42,
        108,
        246,
        248,
        140,
        160,
        142,
        205,
        126,
        19,
        155,
        131,
        72,
        172,
        153,
        121,
        42,
        108,
        190,
        109,
        131,
        227,
        175,
        125,
        22,
        120,
        194,
        231,
        233,
        228,
        110,
        125,
        22,
        54,
        127,
        176,
        237,
        152,
        207,
        8,
        106,
        217,
        236,
        54,
        92,
        155,
        75,
        155,
        157,
        86,
        58,
        223,
        186,
        59,
        62,
        199,
        182,
        253,
        65,
        248,
        92,
        166,
        134,
        245,
        226,
        171,
        237,
        243,
        25,
        129,
        246,
        210,
        8,
        84,
        217,
        188,
        211,
        27,
        2,
        223,
        254,
        250,
        194,
        42,
        114,
        99,
        52,
        153,
        253,
        110,
        223,
        240,
        25,
        193,
        209,
        54,
        167,
        13,
        75,
        99,
        169,
        166,
        52,
        54,
        189,
        177,
        57,
        217,
        187,
        177,
        255,
        152,
        21,
        203,
        243,
        120,
        58,
        255,
        147,
        197,
        25,
        6,
        84,
        26,
        7,
        122,
        195,
        183,
        255,
        154,
        79,
        199,
        178,
        53,
        102,
        207,
        190,
        216,
        41,
        159,
        18,
        24,
        152,
        105,
        40,
        180,
        121,
        183,
        55,
        82,
        251,
        203,
        179,
        153,
        168,
        141,
        209,
        228,
        244,
        249,
        55,
        155,
        9,
        29,
        12,
        99,
        166,
        241,
        192,
        124,
        35,
        183,
        255,
        123,
        126,
        42,
        106,
        99,
        100,
        157,
        93,
        216,
        54,
        31,
        19,
        28,
        223,
        205,
        110,
        31,
        214,
        230,
        170,
        55,
        238,
        250,
        217,
        182,
        47,
        206,
        44,
        169,
        243,
        252,
        18,
        157,
        97,
        104,
        165,
        177,
        223,
        27,
        182,
        125,
        57,
        23,
        58,
        139,
        51,
        193,
        43,
        116,
        134,
        193,
        149,
        198,
        206,
        47,
        138,
        212,
        249,
        74,
        158,
        11,
        142,
        167,
        11,
        116,
        6,
        205,
        51,
        141,
        194,
        230,
        68,
        189,
        205,
        27,
        159,
        133,
        206,
        11,
        116,
        6,
        131,
        165,
        225,
        171,
        45,
        141,
        157,
        222,
        64,
        103,
        48,
        87,
        26,
        185,
        250,
        110,
        222,
        204,
        55,
        66,
        225,
        51,
        58,
        131,
        153,
        153,
        70,
        217,
        205,
        229,
        202,
        238,
        168,
        70,
        28,
        210,
        13,
        132,
        207,
        232,
        12,
        38,
        74,
        163,
        56,
        11,
        92,
        101,
        73,
        24,
        120,
        174,
        30,
        60,
        95,
        252,
        198,
        160,
        51,
        152,
        41,
        13,
        249,
        245,
        89,
        18,
        45,
        131,
        130,
        165,
        82,
        202,
        67,
        134,
        49,
        58,
        131,
        169,
        210,
        40,
        14,
        144,
        196,
        26,
        73,
        137,
        13,
        48,
        48,
        211,
        136,
        170,
        155,
        222,
        242,
        76,
        43,
        156,
        10,
        130,
        145,
        153,
        198,
        42,
        55,
        2,
        58,
        67,
        13,
        155,
        155,
        207,
        52,
        178,
        52,
        17,
        164,
        122,
        73,
        208,
        25,
        52,
        151,
        70,
        121,
        245,
        36,
        142,
        194,
        130,
        72,
        35,
        97,
        136,
        206,
        160,
        125,
        66,
        39,
        175,
        158,
        44,
        3,
        223,
        0,
        232,
        12,
        90,
        103,
        26,
        213,
        61,
        116,
        158,
        235,
        58,
        174,
        118,
        208,
        25,
        116,
        174,
        205,
        197,
        141,
        65,
        242,
        171,
        139,
        75,
        219,
        142,
        110,
        208,
        25,
        52,
        217,
        236,
        84,
        215,
        2,
        87,
        114,
        113,
        214,
        114,
        163,
        198,
        61,
        208,
        25,
        142,
        42,
        141,
        250,
        54,
        187,
        126,
        53,
        111,
        206,
        146,
        208,
        119,
        209,
        25,
        6,
        92,
        26,
        174,
        183,
        126,
        228,
        73,
        28,
        33,
        244,
        29,
        116,
        134,
        225,
        118,
        179,
        235,
        175,
        175,
        5,
        54,
        157,
        89,
        163,
        51,
        104,
        176,
        185,
        145,
        137,
        110,
        16,
        101,
        219,
        71,
        49,
        210,
        27,
        232,
        12,
        63,
        92,
        155,
        27,
        121,
        40,
        87,
        231,
        237,
        227,
        24,
        233,
        103,
        116,
        6,
        245,
        165,
        177,
        126,
        220,
        105,
        235,
        80,
        70,
        124,
        70,
        103,
        80,
        61,
        211,
        88,
        199,
        115,
        184,
        181,
        29,
        162,
        156,
        62,
        235,
        247,
        25,
        157,
        65,
        125,
        55,
        175,
        39,
        117,
        91,
        219,
        33,
        26,
        233,
        13,
        116,
        6,
        13,
        165,
        113,
        104,
        187,
        90,
        19,
        189,
        129,
        206,
        160,
        161,
        52,
        118,
        30,
        175,
        54,
        216,
        27,
        232,
        12,
        15,
        219,
        236,
        181,
        117,
        175,
        216,
        14,
        209,
        224,
        124,
        3,
        157,
        65,
        79,
        105,
        172,
        125,
        78,
        12,
        206,
        55,
        208,
        25,
        30,
        60,
        11,
        84,
        113,
        93,
        218,
        245,
        195,
        196,
        92,
        111,
        160,
        51,
        40,
        159,
        105,
        236,
        251,
        108,
        174,
        55,
        208,
        25,
        180,
        149,
        198,
        214,
        250,
        188,
        223,
        27,
        14,
        58,
        195,
        112,
        102,
        26,
        63,
        234,
        13,
        143,
        167,
        81,
        192,
        160,
        205,
        42,
        123,
        224,
        126,
        111,
        84,
        155,
        33,
        169,
        6,
        157,
        65,
        103,
        105,
        28,
        236,
        141,
        60,
        75,
        99,
        61,
        207,
        114,
        163,
        51,
        104,
        154,
        105,
        124,
        175,
        55,
        202,
        109,
        55,
        212,
        111,
        180,
        129,
        206,
        160,
        183,
        52,
        14,
        246,
        198,
        42,
        151,
        219,
        123,
        169,
        220,
        255,
        168,
        60,
        44,
        58,
        131,
        230,
        210,
        216,
        188,
        94,
        42,
        219,
        251,
        94,
        146,
        140,
        77,
        189,
        96,
        80,
        165,
        113,
        184,
        55,
        214,
        201,
        161,
        4,
        98,
        3,
        14,
        219,
        172,
        235,
        26,
        199,
        126,
        111,
        148,
        219,
        61,
        171,
        5,
        157,
        65,
        127,
        105,
        28,
        190,
        158,
        82,
        102,
        58,
        115,
        103,
        208,
        119,
        22,
        168,
        115,
        255,
        128,
        189,
        222,
        168,
        222,
        148,
        194,
        85,
        65,
        24,
        204,
        76,
        227,
        94,
        111,
        108,
        124,
        206,
        210,
        72,
        177,
        207,
        232,
        12,
        70,
        74,
        227,
        80,
        111,
        228,
        202,
        215,
        103,
        116,
        6,
        221,
        51,
        141,
        239,
        223,
        191,
        161,
        244,
        47,
        2,
        58,
        67,
        181,
        78,
        26,
        217,
        167,
        104,
        175,
        55,
        20,
        239,
        39,
        131,
        206,
        32,
        72,
        83,
        3,
        165,
        113,
        240,
        122,
        138,
        218,
        251,
        159,
        209,
        25,
        4,
        177,
        49,
        155,
        245,
        62,
        159,
        130,
        206,
        32,
        88,
        46,
        125,
        83,
        54,
        107,
        237,
        13,
        116,
        6,
        129,
        111,
        104,
        255,
        101,
        221,
        189,
        129,
        206,
        32,
        8,
        2,
        147,
        58,
        235,
        155,
        111,
        160,
        51,
        148,
        177,
        97,
        218,
        103,
        45,
        189,
        129,
        206,
        80,
        156,
        10,
        134,
        6,
        227,
        89,
        223,
        243,
        221,
        232,
        12,
        242,
        175,
        189,
        185,
        215,
        151,
        104,
        237,
        13,
        116,
        134,
        85,
        241,
        112,
        72,
        28,
        62,
        130,
        222,
        64,
        103,
        80,
        61,
        94,
        232,
        112,
        190,
        129,
        206,
        80,
        253,
        185,
        239,
        188,
        55,
        218,
        255,
        0,
        232,
        12,
        170,
        199,
        11,
        141,
        239,
        127,
        110,
        255,
        3,
        160,
        51,
        116,
        214,
        27,
        142,
        242,
        222,
        64,
        103,
        232,
        89,
        111,
        120,
        60,
        92,
        5,
        138,
        124,
        238,
        120,
        190,
        33,
        126,
        128,
        136,
        71,
        95,
        225,
        241,
        204,
        55,
        90,
        237,
        85,
        128,
        206,
        208,
        175,
        222,
        40,
        247,
        127,
        105,
        184,
        71,
        18,
        58,
        67,
        247,
        189,
        177,
        191,
        159,
        204,
        138,
        93,
        144,
        96,
        184,
        189,
        17,
        222,
        219,
        239,
        43,
        203,
        216,
        114,
        17,
        6,
        220,
        27,
        187,
        54,
        167,
        73,
        204,
        134,
        184,
        240,
        56,
        122,
        67,
        110,
        0,
        29,
        178,
        93,
        57,
        12,
        179,
        55,
        156,
        123,
        251,
        229,
        54,
        220,
        239,
        11,
        157,
        161,
        143,
        189,
        81,
        220,
        47,
        90,
        255,
        14,
        108,
        116,
        134,
        62,
        246,
        70,
        222,
        108,
        191,
        47,
        116,
        134,
        62,
        206,
        55,
        100,
        61,
        55,
        240,
        25,
        157,
        161,
        159,
        189,
        209,
        104,
        207,
        60,
        116,
        134,
        222,
        246,
        70,
        253,
        93,
        243,
        208,
        25,
        122,
        218,
        27,
        77,
        118,
        129,
        68,
        103,
        120,
        68,
        189,
        129,
        206,
        240,
        131,
        222,
        112,
        58,
        236,
        141,
        186,
        243,
        58,
        116,
        134,
        239,
        245,
        70,
        220,
        121,
        111,
        212,
        250,
        133,
        66,
        103,
        232,
        91,
        63,
        239,
        95,
        79,
        241,
        208,
        25,
        30,
        73,
        111,
        172,
        210,
        168,
        198,
        239,
        19,
        58,
        67,
        31,
        231,
        27,
        91,
        239,
        3,
        138,
        2,
        116,
        6,
        165,
        62,
        59,
        157,
        249,
        156,
        179,
        58,
        131,
        226,
        222,
        88,
        26,
        239,
        141,
        59,
        159,
        243,
        154,
        239,
        106,
        67,
        103,
        232,
        229,
        124,
        163,
        60,
        31,
        148,
        175,
        57,
        246,
        152,
        108,
        128,
        218,
        245,
        217,
        244,
        253,
        207,
        94,
        16,
        165,
        101,
        105,
        4,
        158,
        195,
        220,
        25,
        52,
        204,
        55,
        76,
        234,
        92,
        236,
        86,
        80,
        92,
        21,
        44,
        214,
        102,
        231,
        72,
        208,
        25,
        250,
        215,
        27,
        174,
        88,
        156,
        51,
        121,
        18,
        42,
        22,
        103,
        215,
        113,
        120,
        26,
        5,
        6,
        60,
        223,
        144,
        54,
        231,
        197,
        45,
        117,
        225,
        50,
        240,
        235,
        128,
        206,
        112,
        244,
        124,
        195,
        204,
        171,
        7,
        29,
        55,
        8,
        147,
        188,
        252,
        21,
        138,
        163,
        80,
        112,
        228,
        99,
        220,
        226,
        95,
        162,
        51,
        28,
        221,
        27,
        70,
        222,
        7,
        36,
        108,
        142,
        146,
        252,
        238,
        91,
        214,
        220,
        102,
        131,
        77,
        189,
        160,
        150,
        207,
        142,
        169,
        210,
        40,
        190,
        35,
        187,
        32,
        129,
        86,
        159,
        117,
        247,
        134,
        83,
        218,
        92,
        108,
        82,
        87,
        27,
        116,
        134,
        58,
        62,
        167,
        186,
        123,
        163,
        178,
        89,
        84,
        115,
        65,
        141,
        205,
        67,
        197,
        63,
        78,
        209,
        25,
        250,
        212,
        27,
        149,
        205,
        113,
        216,
        96,
        115,
        231,
        40,
        206,
        208,
        25,
        122,
        211,
        27,
        213,
        218,
        44,
        254,
        8,
        4,
        94,
        109,
        130,
        48,
        102,
        203,
        69,
        232,
        77,
        111,
        108,
        217,
        236,
        187,
        78,
        93,
        188,
        32,
        74,
        88,
        157,
        161,
        55,
        189,
        81,
        217,
        44,
        239,
        161,
        171,
        253,
        29,
        156,
        226,
        174,
        127,
        116,
        134,
        126,
        244,
        198,
        214,
        218,
        220,
        224,
        240,
        197,
        93,
        30,
        249,
        10,
        157,
        161,
        201,
        250,
        236,
        246,
        207,
        102,
        57,
        173,
        70,
        103,
        232,
        69,
        111,
        172,
        75,
        35,
        104,
        97,
        51,
        58,
        67,
        31,
        122,
        67,
        73,
        105,
        160,
        51,
        244,
        98,
        190,
        209,
        206,
        102,
        249,
        46,
        183,
        187,
        235,
        226,
        232,
        12,
        221,
        247,
        70,
        187,
        210,
        240,
        151,
        235,
        39,
        101,
        209,
        25,
        186,
        238,
        13,
        85,
        165,
        129,
        206,
        208,
        253,
        124,
        163,
        125,
        105,
        108,
        118,
        229,
        64,
        103,
        104,
        209,
        207,
        142,
        202,
        210,
        88,
        54,
        44,
        141,
        116,
        179,
        199,
        12,
        58,
        67,
        167,
        189,
        177,
        89,
        155,
        131,
        182,
        165,
        129,
        206,
        208,
        113,
        111,
        168,
        44,
        13,
        116,
        134,
        142,
        231,
        27,
        202,
        102,
        26,
        232,
        12,
        93,
        247,
        70,
        249,
        92,
        96,
        222,
        226,
        90,
        224,
        222,
        187,
        233,
        209,
        25,
        218,
        158,
        15,
        186,
        173,
        108,
        206,
        228,
        62,
        116,
        65,
        131,
        99,
        184,
        187,
        103,
        129,
        232,
        12,
        221,
        246,
        134,
        226,
        210,
        64,
        103,
        232,
        174,
        55,
        170,
        29,
        8,
        178,
        70,
        119,
        235,
        187,
        222,
        1,
        155,
        55,
        58,
        207,
        47,
        109,
        128,
        193,
        115,
        57,
        23,
        58,
        143,
        172,
        179,
        11,
        254,
        43,
        96,
        248,
        92,
        156,
        89,
        35,
        161,
        243,
        233,
        249,
        245,
        155,
        183,
        239,
        126,
        6,
        24,
        44,
        239,
        222,
        190,
        185,
        62,
        63,
        149,
        58,
        79,
        102,
        139,
        151,
        215,
        175,
        94,
        255,
        4,
        48,
        88,
        94,
        191,
        186,
        126,
        185,
        152,
        77,
        132,
        206,
        99,
        107,
        182,
        56,
        191,
        184,
        188,
        2,
        24,
        44,
        151,
        23,
        231,
        139,
        153,
        53,
        30,
        157,
        20,
        62,
        159,
        158,
        205,
        23,
        0,
        131,
        101,
        126,
        118,
        90,
        218,
        124,
        50,
        26,
        141,
        39,
        150,
        53,
        5,
        24,
        48,
        150,
        53,
        25,
        143,
        164,
        206,
        82,
        104,
        161,
        52,
        192,
        128,
        145,
        14,
        11,
        149,
        255,
        7,
        113,
        97,
        83,
        129,
        2,
        156,
        150,
        33,
        0,
        0,
        0,
        0,
        73,
        69,
        78,
        68,
        174,
        66,
        96,
        130
      ]
    },
    "stat": {
      "dev": 16777220,
      "mode": 33188,
      "nlink": 1,
      "uid": 501,
      "gid": 20,
      "rdev": 0,
      "blksize": 4194304,
      "ino": 2088753,
      "size": 4342,
      "blocks": 16,
      "atime": "2018-04-17T07:59:11.793Z",
      "mtime": "2018-03-22T08:50:41.035Z",
      "ctime": "2018-03-22T08:50:41.035Z",
      "birthtime": "2018-03-22T08:50:41.035Z"
    },
    "history": [
      "/Users/jiangheng/Desktop/work-code/xxd-h5/src/mods/openaccount/yhimgs/hfyh_bg@2x.png"
    ],
    "path": "/Users/jiangheng/Desktop/work-code/xxd-h5/src/mods/openaccount/yhimgs/hfyh_bg@2x.png",
    "gulpCache$filePathChangedInsideTask": false,
    "gulpCache$fileBaseChangedInsideTask": false,
    "gulpCache$originalPath": "/Users/jiangheng/Desktop/work-code/xxd-h5/src/mods/openaccount/yhimgs/hfyh_bg@2x.png",
    "gulpCache$originalBase": "/Users/jiangheng/Desktop/work-code/xxd-h5/src/mods/"
  }
]