[
  {
    "cwd": "/Users/jiangheng/Desktop/work-code/xxd-h5",
    "base": "/Users/jiangheng/Desktop/work-code/xxd-h5/src/mods/",
    "contents": {
      "type": "Buffer",
      "data": [
        137,
        80,
        78,
        71,
        13,
        10,
        26,
        10,
        0,
        0,
        0,
        13,
        73,
        72,
        68,
        82,
        0,
        0,
        0,
        30,
        0,
        0,
        0,
        30,
        8,
        3,
        0,
        0,
        0,
        12,
        238,
        94,
        144,
        0,
        0,
        0,
        177,
        80,
        76,
        84,
        69,
        52,
        131,
        236,
        255,
        255,
        255,
        52,
        131,
        236,
        52,
        131,
        236,
        52,
        131,
        236,
        52,
        131,
        236,
        52,
        131,
        236,
        52,
        131,
        236,
        52,
        131,
        236,
        52,
        131,
        236,
        52,
        131,
        236,
        52,
        131,
        236,
        52,
        131,
        236,
        52,
        131,
        236,
        52,
        131,
        236,
        52,
        131,
        236,
        52,
        131,
        236,
        52,
        131,
        236,
        52,
        131,
        236,
        52,
        131,
        236,
        52,
        131,
        236,
        52,
        131,
        236,
        52,
        131,
        236,
        52,
        131,
        236,
        52,
        131,
        236,
        52,
        131,
        236,
        52,
        131,
        236,
        52,
        131,
        236,
        52,
        131,
        236,
        52,
        131,
        236,
        52,
        131,
        236,
        52,
        131,
        236,
        52,
        131,
        236,
        52,
        131,
        236,
        52,
        131,
        236,
        52,
        131,
        236,
        52,
        131,
        236,
        52,
        131,
        236,
        52,
        131,
        236,
        52,
        131,
        236,
        52,
        131,
        236,
        52,
        131,
        236,
        52,
        131,
        236,
        52,
        131,
        236,
        52,
        131,
        236,
        52,
        131,
        236,
        52,
        131,
        236,
        52,
        131,
        236,
        52,
        131,
        236,
        52,
        131,
        236,
        52,
        131,
        236,
        52,
        131,
        236,
        52,
        131,
        236,
        52,
        131,
        236,
        52,
        131,
        236,
        52,
        131,
        236,
        52,
        131,
        236,
        52,
        131,
        236,
        52,
        131,
        236,
        83,
        179,
        46,
        175,
        0,
        0,
        0,
        58,
        116,
        82,
        78,
        83,
        0,
        0,
        1,
        2,
        3,
        7,
        9,
        20,
        21,
        25,
        26,
        28,
        41,
        42,
        46,
        55,
        66,
        70,
        74,
        77,
        79,
        81,
        82,
        83,
        85,
        87,
        89,
        90,
        96,
        108,
        109,
        129,
        132,
        134,
        136,
        146,
        147,
        148,
        151,
        157,
        160,
        165,
        166,
        183,
        190,
        194,
        200,
        202,
        212,
        214,
        218,
        235,
        240,
        246,
        248,
        249,
        250,
        251,
        9,
        63,
        132,
        136,
        0,
        0,
        0,
        230,
        73,
        68,
        65,
        84,
        40,
        207,
        125,
        210,
        101,
        19,
        194,
        48,
        12,
        6,
        224,
        172,
        20,
        119,
        103,
        48,
        100,
        184,
        187,
        230,
        255,
        255,
        48,
        42,
        83,
        214,
        240,
        126,
        202,
        245,
        185,
        220,
        181,
        105,
        0,
        128,
        117,
        38,
        85,
        8,
        98,
        197,
        34,
        14,
        150,
        136,
        184,
        224,
        20,
        119,
        81,
        102,
        77,
        241,
        73,
        49,
        142,
        204,
        92,
        208,
        138,
        239,
        178,
        145,
        27,
        30,
        227,
        129,
        153,
        216,
        241,
        25,
        237,
        255,
        188,
        50,
        113,
        61,
        224,
        166,
        137,
        243,
        190,
        110,
        205,
        15,
        59,
        107,
        189,
        229,
        204,
        60,
        213,
        60,
        32,
        198,
        82,
        81,
        250,
        224,
        212,
        204,
        143,
        146,
        63,
        105,
        138,
        109,
        213,
        222,
        167,
        56,
        117,
        145,
        124,
        205,
        16,
        12,
        109,
        213,
        62,
        167,
        24,
        118,
        244,
        80,
        101,
        138,
        119,
        201,
        175,
        26,
        193,
        222,
        74,
        60,
        109,
        159,
        155,
        171,
        30,
        139,
        48,
        184,
        122,
        54,
        243,
        140,
        228,
        236,
        70,
        148,
        251,
        82,
        132,
        217,
        90,
        251,
        181,
        159,
        230,
        131,
        155,
        42,
        95,
        195,
        144,
        129,
        123,
        142,
        159,
        71,
        248,
        195,
        60,
        96,
        96,
        46,
        38,
        50,
        11,
        89,
        220,
        239,
        158,
        240,
        200,
        254,
        139,
        247,
        237,
        126,
        121,
        12,
        177,
        180,
        46,
        113,
        110,
        199,
        25,
        82,
        246,
        49,
        162,
        75,
        6,
        191,
        177,
        42,
        83,
        111,
        127,
        78,
        29,
        203,
        74,
        178,
        72,
        190,
        238,
        56,
        141,
        130,
        172,
        190,
        216,
        162,
        65,
        39,
        148,
        134,
        113,
        5,
        0,
        0,
        0,
        0,
        73,
        69,
        78,
        68,
        174,
        66,
        96,
        130
      ]
    },
    "stat": {
      "dev": 16777220,
      "mode": 33188,
      "nlink": 1,
      "uid": 501,
      "gid": 20,
      "rdev": 0,
      "blksize": 4194304,
      "ino": 2088605,
      "size": 1409,
      "blocks": 8,
      "atime": "2018-04-17T07:59:11.785Z",
      "mtime": "2018-03-22T08:50:40.990Z",
      "ctime": "2018-03-22T08:50:40.990Z",
      "birthtime": "2018-03-22T08:50:40.990Z"
    },
    "history": [
      "/Users/jiangheng/Desktop/work-code/xxd-h5/src/mods/contactus/imgs/phone_icon@2x.png"
    ],
    "path": "/Users/jiangheng/Desktop/work-code/xxd-h5/src/mods/contactus/imgs/phone_icon@2x.png",
    "gulpCache$filePathChangedInsideTask": false,
    "gulpCache$fileBaseChangedInsideTask": false,
    "gulpCache$originalPath": "/Users/jiangheng/Desktop/work-code/xxd-h5/src/mods/contactus/imgs/phone_icon@2x.png",
    "gulpCache$originalBase": "/Users/jiangheng/Desktop/work-code/xxd-h5/src/mods/"
  }
]