[
  {
    "cwd": "/Users/jiangheng/Desktop/work-code/xxd-h5",
    "base": "/Users/jiangheng/Desktop/work-code/xxd-h5/src/mods/",
    "contents": {
      "type": "Buffer",
      "data": [
        137,
        80,
        78,
        71,
        13,
        10,
        26,
        10,
        0,
        0,
        0,
        13,
        73,
        72,
        68,
        82,
        0,
        0,
        0,
        40,
        0,
        0,
        0,
        40,
        8,
        3,
        0,
        0,
        0,
        187,
        32,
        72,
        95,
        0,
        0,
        1,
        89,
        80,
        76,
        84,
        69,
        108,
        108,
        108,
        255,
        255,
        255,
        108,
        108,
        108,
        108,
        108,
        108,
        108,
        108,
        108,
        108,
        108,
        108,
        108,
        108,
        108,
        108,
        108,
        108,
        108,
        108,
        108,
        108,
        108,
        108,
        108,
        108,
        108,
        108,
        108,
        108,
        108,
        108,
        108,
        108,
        108,
        108,
        108,
        108,
        108,
        108,
        108,
        108,
        108,
        108,
        108,
        108,
        108,
        108,
        108,
        108,
        108,
        108,
        108,
        108,
        108,
        108,
        108,
        108,
        108,
        108,
        108,
        108,
        108,
        108,
        108,
        108,
        108,
        108,
        108,
        108,
        108,
        108,
        108,
        108,
        108,
        108,
        108,
        108,
        108,
        108,
        108,
        108,
        108,
        108,
        108,
        108,
        108,
        108,
        108,
        108,
        108,
        108,
        108,
        108,
        108,
        108,
        108,
        108,
        108,
        108,
        108,
        108,
        108,
        108,
        108,
        108,
        108,
        108,
        108,
        108,
        108,
        108,
        108,
        108,
        108,
        108,
        108,
        108,
        108,
        108,
        108,
        108,
        108,
        108,
        108,
        108,
        108,
        108,
        108,
        108,
        108,
        108,
        108,
        108,
        108,
        108,
        108,
        108,
        108,
        108,
        108,
        108,
        108,
        108,
        108,
        108,
        108,
        108,
        108,
        108,
        108,
        108,
        108,
        108,
        108,
        108,
        108,
        108,
        108,
        108,
        108,
        108,
        108,
        108,
        108,
        108,
        108,
        108,
        108,
        108,
        108,
        108,
        108,
        108,
        108,
        108,
        108,
        108,
        108,
        108,
        108,
        108,
        108,
        108,
        108,
        108,
        108,
        108,
        108,
        108,
        108,
        108,
        108,
        108,
        108,
        108,
        108,
        108,
        108,
        108,
        108,
        108,
        108,
        108,
        108,
        108,
        108,
        108,
        108,
        108,
        108,
        108,
        108,
        108,
        108,
        108,
        108,
        108,
        108,
        108,
        108,
        108,
        108,
        108,
        108,
        108,
        108,
        108,
        108,
        108,
        108,
        108,
        108,
        108,
        108,
        108,
        108,
        108,
        108,
        108,
        108,
        108,
        108,
        108,
        108,
        108,
        108,
        108,
        108,
        108,
        108,
        108,
        108,
        108,
        108,
        108,
        108,
        108,
        108,
        108,
        108,
        108,
        108,
        108,
        108,
        108,
        108,
        108,
        108,
        108,
        108,
        108,
        108,
        108,
        108,
        108,
        108,
        108,
        108,
        108,
        108,
        108,
        108,
        108,
        108,
        108,
        108,
        108,
        108,
        108,
        108,
        108,
        108,
        108,
        108,
        108,
        108,
        108,
        108,
        108,
        108,
        108,
        108,
        108,
        108,
        108,
        108,
        108,
        108,
        108,
        108,
        108,
        108,
        108,
        108,
        108,
        108,
        108,
        108,
        108,
        108,
        108,
        108,
        108,
        108,
        108,
        108,
        108,
        108,
        108,
        108,
        108,
        108,
        108,
        108,
        108,
        108,
        108,
        108,
        244,
        169,
        137,
        102,
        0,
        0,
        0,
        114,
        116,
        82,
        78,
        83,
        0,
        0,
        1,
        2,
        4,
        5,
        6,
        7,
        10,
        13,
        17,
        18,
        19,
        20,
        21,
        22,
        23,
        24,
        25,
        28,
        30,
        35,
        36,
        40,
        41,
        42,
        49,
        50,
        53,
        55,
        56,
        57,
        59,
        60,
        61,
        68,
        70,
        71,
        86,
        87,
        88,
        89,
        90,
        91,
        92,
        93,
        95,
        96,
        97,
        98,
        100,
        101,
        102,
        106,
        107,
        117,
        120,
        121,
        135,
        136,
        149,
        150,
        151,
        152,
        153,
        160,
        163,
        164,
        167,
        168,
        172,
        176,
        177,
        179,
        180,
        182,
        185,
        186,
        187,
        188,
        189,
        195,
        200,
        202,
        208,
        210,
        211,
        212,
        213,
        214,
        215,
        216,
        219,
        220,
        221,
        222,
        224,
        226,
        227,
        228,
        234,
        235,
        236,
        237,
        238,
        245,
        246,
        247,
        248,
        249,
        250,
        251,
        252,
        253,
        169,
        183,
        17,
        240,
        0,
        0,
        2,
        62,
        73,
        68,
        65,
        84,
        56,
        203,
        141,
        213,
        251,
        91,
        210,
        80,
        24,
        7,
        240,
        3,
        140,
        137,
        57,
        149,
        130,
        18,
        209,
        21,
        93,
        213,
        81,
        166,
        104,
        9,
        12,
        183,
        44,
        90,
        216,
        5,
        176,
        196,
        180,
        27,
        121,
        97,
        168,
        56,
        28,
        223,
        255,
        255,
        135,
        118,
        193,
        121,
        206,
        216,
        124,
        122,
        127,
        218,
        51,
        62,
        15,
        231,
        246,
        158,
        239,
        8,
        161,
        43,
        38,
        22,
        181,
        86,
        247,
        226,
        162,
        219,
        210,
        138,
        98,
        204,
        121,
        21,
        25,
        22,
        205,
        82,
        229,
        67,
        80,
        117,
        88,
        78,
        5,
        66,
        161,
        98,
        0,
        127,
        148,
        252,
        156,
        192,
        243,
        194,
        92,
        94,
        105,
        3,
        70,
        69,
        24,
        133,
        207,
        58,
        24,
        188,
        127,
        64,
        253,
        127,
        244,
        97,
        117,
        128,
        206,
        130,
        15,
        114,
        10,
        208,
        156,
        37,
        190,
        154,
        109,
        2,
        10,
        71,
        195,
        196,
        54,
        122,
        175,
        73,
        64,
        189,
        234,
        97,
        59,
        113,
        13,
        185,
        26,
        116,
        145,
        4,
        150,
        168,
        163,
        198,
        121,
        80,
        197,
        201,
        12,
        9,
        169,
        153,
        19,
        168,
        87,
        112,
        1,
        231,
        98,
        152,
        35,
        17,
        241,
        12,
        75,
        46,
        20,
        58,
        88,
        39,
        225,
        48,
        178,
        142,
        238,
        148,
        3,
        21,
        124,
        25,
        190,
        156,
        248,
        253,
        117,
        234,
        10,
        76,
        127,
        251,
        117,
        107,
        120,
        50,
        77,
        123,
        112,
        66,
        210,
        253,
        203,
        204,
        240,
        199,
        123,
        38,
        190,
        79,
        187,
        143,
        201,
        125,
        152,
        119,
        135,
        48,
        115,
        217,
        79,
        91,
        176,
        140,
        183,
        222,
        56,
        171,
        3,
        236,
        59,
        242,
        246,
        1,
        204,
        21,
        239,
        172,
        223,
        161,
        28,
        33,
        177,
        35,
        228,
        8,
        35,
        147,
        174,
        91,
        38,
        30,
        124,
        132,
        163,
        24,
        17,
        209,
        142,
        82,
        115,
        95,
        49,
        113,
        144,
        188,
        243,
        195,
        115,
        14,
        140,
        182,
        33,
        146,
        18,
        84,
        102,
        149,
        47,
        45,
        249,
        19,
        230,
        11,
        66,
        193,
        136,
        138,
        34,
        209,
        144,
        103,
        247,
        99,
        217,
        4,
        204,
        231,
        132,
        129,
        121,
        104,
        100,
        15,
        89,
        223,
        206,
        21,
        128,
        85,
        194,
        194,
        44,
        246,
        136,
        14,
        193,
        123,
        153,
        124,
        108,
        151,
        4,
        72,
        206,
        67,
        210,
        131,
        2,
        116,
        98,
        128,
        247,
        32,
        211,
        224,
        192,
        95,
        15,
        242,
        48,
        24,
        88,
        99,
        225,
        7,
        6,
        210,
        67,
        187,
        149,
        6,
        210,
        190,
        57,
        78,
        88,
        67,
        143,
        46,
        38,
        0,
        218,
        139,
        97,
        183,
        103,
        124,
        171,
        94,
        223,
        1,
        118,
        234,
        245,
        173,
        113,
        223,
        246,
        148,
        160,
        80,
        240,
        233,
        245,
        12,
        159,
        80,
        80,
        177,
        54,
        252,
        62,
        115,
        132,
        220,
        134,
        44,
        111,
        2,
        155,
        178,
        188,
        193,
        249,
        142,
        144,
        109,
        138,
        224,
        57,
        230,
        236,
        166,
        96,
        218,
        44,
        4,
        86,
        237,
        54,
        35,
        41,
        195,
        107,
        220,
        16,
        152,
        25,
        24,
        41,
        251,
        42,
        84,
        240,
        249,
        102,
        216,
        128,
        226,
        94,
        46,
        29,
        107,
        55,
        193,
        53,
        232,
        130,
        123,
        93,
        23,
        113,
        70,
        95,
        215,
        177,
        221,
        221,
        49,
        246,
        186,
        74,
        255,
        25,
        0,
        111,
        188,
        164,
        224,
        173,
        72,
        153,
        15,
        118,
        243,
        86,
        164,
        240,
        84,
        72,
        125,
        66,
        175,
        16,
        228,
        10,
        231,
        248,
        152,
        160,
        99,
        47,
        174,
        2,
        141,
        145,
        216,
        203,
        52,
        0,
        53,
        238,
        11,
        210,
        69,
        43,
        72,
        171,
        76,
        144,
        230,
        236,
        32,
        93,
        26,
        141,
        230,
        73,
        197,
        137,
        102,
        41,
        43,
        196,
        227,
        66,
        86,
        114,
        162,
        89,
        153,
        12,
        14,
        123,
        249,
        152,
        110,
        240,
        99,
        57,
        21,
        242,
        85,
        176,
        63,
        31,
        37,
        173,
        117,
        218,
        239,
        159,
        182,
        180,
        146,
        239,
        243,
        241,
        15,
        193,
        14,
        161,
        90,
        111,
        46,
        143,
        195,
        0,
        0,
        0,
        0,
        73,
        69,
        78,
        68,
        174,
        66,
        96,
        130
      ]
    },
    "stat": {
      "dev": 16777220,
      "mode": 33188,
      "nlink": 1,
      "uid": 501,
      "gid": 20,
      "rdev": 0,
      "blksize": 4194304,
      "ino": 2088639,
      "size": 2074,
      "blocks": 8,
      "atime": "2018-04-17T07:59:11.787Z",
      "mtime": "2018-03-22T08:50:40.999Z",
      "ctime": "2018-03-22T08:50:40.999Z",
      "birthtime": "2018-03-22T08:50:40.999Z"
    },
    "history": [
      "/Users/jiangheng/Desktop/work-code/xxd-h5/src/mods/home/imgs/financial_icon@2x.png"
    ],
    "path": "/Users/jiangheng/Desktop/work-code/xxd-h5/src/mods/home/imgs/financial_icon@2x.png",
    "gulpCache$filePathChangedInsideTask": false,
    "gulpCache$fileBaseChangedInsideTask": false,
    "gulpCache$originalPath": "/Users/jiangheng/Desktop/work-code/xxd-h5/src/mods/home/imgs/financial_icon@2x.png",
    "gulpCache$originalBase": "/Users/jiangheng/Desktop/work-code/xxd-h5/src/mods/"
  }
]