[
  {
    "cwd": "/Users/jiangheng/Desktop/work-code/xxd-h5",
    "base": "/Users/jiangheng/Desktop/work-code/xxd-h5/src/mods/",
    "contents": {
      "type": "Buffer",
      "data": [
        137,
        80,
        78,
        71,
        13,
        10,
        26,
        10,
        0,
        0,
        0,
        13,
        73,
        72,
        68,
        82,
        0,
        0,
        5,
        156,
        0,
        0,
        1,
        10,
        8,
        3,
        0,
        0,
        0,
        161,
        121,
        96,
        215,
        0,
        0,
        1,
        47,
        80,
        76,
        84,
        69,
        199,
        215,
        239,
        199,
        215,
        239,
        199,
        215,
        239,
        199,
        215,
        239,
        199,
        215,
        239,
        199,
        215,
        239,
        199,
        215,
        239,
        199,
        215,
        239,
        208,
        220,
        237,
        199,
        215,
        239,
        199,
        215,
        239,
        199,
        215,
        239,
        212,
        221,
        236,
        199,
        215,
        239,
        211,
        221,
        236,
        199,
        215,
        239,
        199,
        215,
        239,
        204,
        217,
        238,
        199,
        215,
        239,
        199,
        215,
        239,
        199,
        215,
        239,
        199,
        215,
        239,
        218,
        224,
        234,
        199,
        215,
        239,
        199,
        215,
        239,
        199,
        215,
        239,
        199,
        215,
        239,
        199,
        215,
        239,
        199,
        215,
        239,
        199,
        215,
        239,
        223,
        227,
        233,
        199,
        215,
        239,
        199,
        215,
        239,
        221,
        226,
        233,
        199,
        215,
        239,
        222,
        227,
        233,
        199,
        215,
        239,
        199,
        215,
        239,
        226,
        229,
        232,
        199,
        215,
        239,
        199,
        215,
        239,
        199,
        215,
        239,
        199,
        215,
        239,
        199,
        215,
        239,
        199,
        215,
        239,
        223,
        227,
        233,
        199,
        215,
        239,
        199,
        215,
        239,
        199,
        215,
        239,
        199,
        215,
        239,
        199,
        215,
        239,
        199,
        215,
        239,
        199,
        215,
        239,
        228,
        230,
        232,
        226,
        229,
        232,
        229,
        230,
        231,
        229,
        230,
        231,
        229,
        230,
        232,
        229,
        230,
        232,
        230,
        231,
        231,
        229,
        230,
        232,
        229,
        230,
        232,
        230,
        231,
        231,
        230,
        230,
        231,
        230,
        231,
        231,
        230,
        231,
        231,
        230,
        231,
        231,
        230,
        231,
        231,
        231,
        231,
        231,
        230,
        230,
        231,
        230,
        231,
        231,
        230,
        231,
        231,
        231,
        231,
        231,
        230,
        231,
        231,
        231,
        231,
        231,
        231,
        231,
        231,
        231,
        231,
        231,
        231,
        231,
        231,
        231,
        231,
        231,
        231,
        231,
        231,
        231,
        231,
        231,
        231,
        231,
        231,
        231,
        231,
        231,
        234,
        234,
        234,
        236,
        236,
        236,
        237,
        237,
        237,
        238,
        238,
        238,
        242,
        242,
        242,
        243,
        243,
        243,
        244,
        244,
        244,
        245,
        245,
        245,
        246,
        246,
        246,
        247,
        247,
        247,
        248,
        248,
        248,
        249,
        249,
        249,
        250,
        250,
        250,
        251,
        251,
        251,
        252,
        252,
        252,
        253,
        253,
        253,
        254,
        254,
        254,
        255,
        255,
        255,
        179,
        21,
        120,
        251,
        0,
        0,
        0,
        82,
        116,
        82,
        78,
        83,
        0,
        1,
        2,
        3,
        4,
        5,
        6,
        7,
        7,
        8,
        9,
        10,
        10,
        11,
        11,
        12,
        13,
        13,
        14,
        15,
        16,
        17,
        17,
        18,
        19,
        20,
        21,
        22,
        24,
        25,
        25,
        26,
        27,
        27,
        28,
        29,
        30,
        33,
        33,
        34,
        35,
        36,
        37,
        39,
        40,
        40,
        42,
        43,
        44,
        47,
        49,
        51,
        52,
        60,
        65,
        91,
        92,
        93,
        95,
        123,
        128,
        129,
        138,
        141,
        152,
        154,
        155,
        156,
        174,
        178,
        180,
        182,
        211,
        214,
        227,
        229,
        236,
        237,
        238,
        248,
        249,
        250,
        183,
        88,
        59,
        144,
        0,
        0,
        23,
        151,
        73,
        68,
        65,
        84,
        24,
        25,
        237,
        193,
        77,
        143,
        101,
        137,
        154,
        80,
        231,
        181,
        118,
        238,
        170,
        186,
        221,
        125,
        221,
        130,
        166,
        145,
        48,
        242,
        192,
        88,
        102,
        200,
        160,
        37,
        144,
        248,
        255,
        83,
        36,
        60,
        240,
        220,
        30,
        161,
        6,
        9,
        25,
        6,
        254,
        162,
        171,
        50,
        22,
        251,
        156,
        19,
        17,
        25,
        153,
        149,
        85,
        241,
        181,
        79,
        196,
        190,
        113,
        223,
        231,
        145,
        239,
        145,
        49,
        198,
        24,
        111,
        35,
        190,
        67,
        126,
        69,
        54,
        50,
        198,
        24,
        227,
        250,
        98,
        19,
        223,
        146,
        175,
        9,
        8,
        200,
        70,
        198,
        24,
        99,
        92,
        75,
        108,
        2,
        2,
        226,
        43,
        242,
        144,
        128,
        32,
        34,
        27,
        25,
        99,
        140,
        113,
        29,
        177,
        137,
        8,
        2,
        226,
        1,
        249,
        66,
        64,
        68,
        63,
        253,
        171,
        31,
        255,
        98,
        253,
        209,
        79,
        140,
        49,
        198,
        184,
        150,
        207,
        253,
        195,
        47,
        255,
        223,
        63,
        252,
        239,
        159,
        139,
        8,
        136,
        123,
        114,
        79,
        16,
        209,
        127,
        241,
        207,
        254,
        248,
        7,
        198,
        24,
        99,
        188,
        133,
        255,
        255,
        255,
        254,
        143,
        255,
        103,
        17,
        65,
        220,
        145,
        59,
        130,
        168,
        255,
        227,
        255,
        242,
        143,
        22,
        198,
        24,
        99,
        188,
        149,
        155,
        255,
        250,
        127,
        252,
        125,
        69,
        16,
        183,
        228,
        150,
        136,
        155,
        191,
        251,
        167,
        63,
        50,
        198,
        24,
        227,
        45,
        253,
        195,
        127,
        254,
        247,
        109,
        136,
        184,
        144,
        11,
        17,
        245,
        167,
        127,
        243,
        143,
        57,
        113,
        253,
        97,
        93,
        148,
        49,
        198,
        120,
        103,
        213,
        77,
        55,
        21,
        1,
        114,
        4,
        1,
        162,
        46,
        46,
        42,
        47,
        84,
        55,
        191,
        252,
        252,
        75,
        156,
        252,
        151,
        127,
        247,
        223,
        42,
        34,
        206,
        228,
        76,
        68,
        253,
        199,
        127,
        247,
        87,
        108,
        150,
        31,
        255,
        146,
        49,
        198,
        56,
        132,
        234,
        166,
        155,
        138,
        0,
        57,
        130,
        0,
        81,
        23,
        23,
        149,
        87,
        249,
        127,
        255,
        225,
        134,
        205,
        255,
        243,
        191,
        253,
        151,
        138,
        136,
        147,
        79,
        156,
        136,
        232,
        242,
        23,
        255,
        250,
        143,
        108,
        126,
        250,
        235,
        31,
        24,
        99,
        140,
        195,
        136,
        184,
        37,
        71,
        33,
        222,
        225,
        85,
        126,
        248,
        195,
        205,
        103,
        224,
        199,
        191,
        249,
        79,
        159,
        1,
        145,
        147,
        79,
        108,
        4,
        117,
        249,
        244,
        111,
        255,
        26,
        248,
        244,
        199,
        63,
        48,
        198,
        24,
        7,
        18,
        113,
        75,
        142,
        66,
        188,
        195,
        43,
        253,
        184,
        126,
        14,
        126,
        252,
        39,
        255,
        129,
        51,
        217,
        124,
        98,
        35,
        110,
        150,
        191,
        251,
        91,
        96,
        253,
        235,
        79,
        140,
        49,
        198,
        145,
        68,
        220,
        146,
        163,
        16,
        239,
        240,
        90,
        159,
        126,
        250,
        229,
        6,
        254,
        240,
        63,
        252,
        61,
        247,
        22,
        64,
        68,
        151,
        127,
        254,
        79,
        128,
        79,
        127,
        148,
        49,
        198,
        24,
        111,
        202,
        63,
        126,
        2,
        254,
        246,
        127,
        90,
        20,
        17,
        88,
        56,
        83,
        63,
        253,
        139,
        31,
        129,
        191,
        92,
        24,
        99,
        140,
        241,
        198,
        150,
        191,
        2,
        214,
        255,
        249,
        147,
        202,
        217,
        39,
        16,
        117,
        249,
        244,
        191,
        254,
        115,
        225,
        167,
        63,
        48,
        198,
        24,
        7,
        19,
        113,
        75,
        142,
        66,
        188,
        195,
        14,
        150,
        155,
        207,
        240,
        19,
        255,
        53,
        54,
        194,
        194,
        153,
        250,
        55,
        194,
        242,
        87,
        140,
        49,
        198,
        120,
        7,
        127,
        181,
        128,
        127,
        163,
        114,
        182,
        0,
        110,
        150,
        159,
        254,
        8,
        252,
        200,
        24,
        99,
        140,
        119,
        241,
        35,
        240,
        199,
        159,
        22,
        55,
        192,
        130,
        128,
        46,
        255,
        242,
        39,
        240,
        47,
        25,
        99,
        140,
        241,
        46,
        254,
        82,
        248,
        233,
        95,
        46,
        10,
        200,
        2,
        162,
        203,
        242,
        19,
        176,
        50,
        198,
        24,
        227,
        157,
        172,
        192,
        143,
        203,
        162,
        8,
        11,
        224,
        102,
        249,
        3,
        240,
        3,
        99,
        140,
        113,
        56,
        241,
        231,
        225,
        7,
        224,
        47,
        22,
        55,
        192,
        34,
        39,
        126,
        90,
        129,
        149,
        49,
        198,
        24,
        239,
        100,
        5,
        214,
        79,
        114,
        226,
        2,
        232,
        178,
        184,
        2,
        11,
        99,
        140,
        113,
        64,
        113,
        88,
        177,
        155,
        5,
        88,
        93,
        22,
        5,
        22,
        20,
        92,
        92,
        1,
        25,
        99,
        140,
        241,
        78,
        4,
        86,
        23,
        65,
        89,
        0,
        197,
        79,
        2,
        50,
        198,
        24,
        199,
        18,
        127,
        54,
        4,
        252,
        36,
        10,
        44,
        156,
        184,
        48,
        198,
        24,
        227,
        185,
        98,
        119,
        139,
        156,
        44,
        108,
        150,
        5,
        25,
        99,
        140,
        67,
        138,
        63,
        39,
        178,
        44,
        108,
        22,
        206,
        148,
        49,
        198,
        24,
        47,
        17,
        59,
        82,
        206,
        22,
        144,
        49,
        198,
        56,
        190,
        56,
        148,
        184,
        136,
        253,
        9,
        11,
        32,
        32,
        99,
        140,
        49,
        222,
        157,
        128,
        192,
        194,
        24,
        99,
        28,
        89,
        28,
        92,
        92,
        195,
        194,
        153,
        140,
        49,
        198,
        56,
        0,
        57,
        91,
        24,
        99,
        140,
        113,
        56,
        11,
        99,
        140,
        49,
        14,
        103,
        225,
        100,
        97,
        140,
        49,
        198,
        33,
        44,
        156,
        44,
        140,
        49,
        198,
        56,
        156,
        133,
        49,
        198,
        24,
        135,
        179,
        48,
        198,
        24,
        227,
        112,
        22,
        198,
        24,
        99,
        28,
        206,
        194,
        24,
        99,
        140,
        195,
        89,
        24,
        99,
        140,
        15,
        174,
        248,
        13,
        197,
        65,
        173,
        140,
        49,
        198,
        135,
        22,
        191,
        39,
        228,
        136,
        86,
        198,
        24,
        227,
        163,
        147,
        91,
        114,
        17,
        23,
        198,
        65,
        173,
        140,
        49,
        198,
        135,
        38,
        183,
        228,
        158,
        16,
        39,
        114,
        80,
        43,
        99,
        140,
        241,
        103,
        64,
        54,
        114,
        39,
        132,
        56,
        174,
        149,
        49,
        198,
        248,
        224,
        100,
        35,
        39,
        114,
        18,
        2,
        9,
        196,
        49,
        173,
        140,
        49,
        198,
        71,
        38,
        32,
        27,
        217,
        200,
        189,
        4,
        18,
        226,
        128,
        86,
        198,
        24,
        227,
        227,
        18,
        4,
        1,
        57,
        145,
        123,
        198,
        89,
        18,
        135,
        179,
        50,
        198,
        24,
        31,
        149,
        32,
        130,
        32,
        27,
        185,
        144,
        0,
        227,
        34,
        137,
        131,
        89,
        25,
        99,
        140,
        15,
        74,
        80,
        68,
        16,
        144,
        47,
        36,
        48,
        140,
        77,
        24,
        199,
        178,
        50,
        198,
        24,
        31,
        150,
        162,
        136,
        32,
        95,
        147,
        48,
        54,
        73,
        28,
        205,
        202,
        24,
        99,
        124,
        76,
        162,
        168,
        136,
        200,
        175,
        24,
        23,
        73,
        198,
        161,
        172,
        140,
        49,
        198,
        135,
        36,
        138,
        27,
        20,
        228,
        123,
        140,
        147,
        36,
        227,
        72,
        86,
        198,
        24,
        227,
        35,
        18,
        193,
        19,
        148,
        141,
        124,
        45,
        228,
        78,
        152,
        113,
        32,
        43,
        99,
        140,
        241,
        1,
        137,
        120,
        129,
        200,
        175,
        9,
        36,
        183,
        50,
        227,
        56,
        22,
        198,
        24,
        227,
        227,
        17,
        241,
        4,
        16,
        249,
        13,
        34,
        224,
        9,
        34,
        199,
        177,
        48,
        198,
        24,
        31,
        142,
        136,
        10,
        168,
        200,
        111,
        18,
        21,
        80,
        17,
        57,
        140,
        149,
        49,
        198,
        248,
        136,
        20,
        60,
        65,
        126,
        135,
        201,
        38,
        36,
        14,
        100,
        101,
        140,
        49,
        62,
        26,
        81,
        240,
        4,
        228,
        119,
        25,
        178,
        9,
        201,
        56,
        136,
        149,
        49,
        198,
        248,
        136,
        60,
        1,
        121,
        148,
        33,
        155,
        56,
        144,
        133,
        49,
        198,
        248,
        56,
        42,
        54,
        114,
        161,
        200,
        35,
        68,
        185,
        144,
        77,
        197,
        251,
        91,
        25,
        99,
        140,
        143,
        199,
        11,
        158,
        72,
        206,
        226,
        48,
        22,
        198,
        24,
        227,
        79,
        130,
        60,
        159,
        200,
        163,
        68,
        158,
        79,
        174,
        106,
        97,
        140,
        49,
        62,
        36,
        229,
        25,
        148,
        67,
        89,
        24,
        99,
        140,
        131,
        139,
        23,
        16,
        20,
        121,
        2,
        81,
        144,
        35,
        89,
        24,
        99,
        140,
        113,
        56,
        11,
        99,
        140,
        49,
        94,
        42,
        174,
        100,
        97,
        140,
        49,
        198,
        225,
        44,
        140,
        49,
        198,
        113,
        197,
        159,
        169,
        133,
        49,
        198,
        24,
        135,
        179,
        48,
        198,
        24,
        227,
        85,
        98,
        127,
        11,
        99,
        140,
        49,
        14,
        103,
        97,
        140,
        49,
        198,
        225,
        44,
        140,
        49,
        198,
        56,
        156,
        133,
        49,
        198,
        248,
        168,
        34,
        158,
        32,
        226,
        104,
        22,
        198,
        24,
        227,
        35,
        138,
        103,
        138,
        35,
        89,
        24,
        99,
        140,
        113,
        56,
        11,
        99,
        140,
        49,
        14,
        103,
        97,
        140,
        49,
        62,
        168,
        120,
        178,
        56,
        152,
        133,
        49,
        198,
        24,
        135,
        179,
        48,
        198,
        24,
        31,
        82,
        241,
        12,
        197,
        161,
        44,
        140,
        49,
        198,
        56,
        156,
        133,
        49,
        198,
        24,
        135,
        179,
        48,
        198,
        24,
        227,
        112,
        22,
        198,
        24,
        99,
        28,
        206,
        194,
        24,
        99,
        140,
        195,
        89,
        24,
        99,
        140,
        113,
        56,
        11,
        99,
        140,
        49,
        14,
        103,
        97,
        140,
        49,
        198,
        225,
        44,
        140,
        49,
        198,
        56,
        156,
        133,
        49,
        198,
        24,
        135,
        179,
        48,
        198,
        24,
        227,
        112,
        22,
        198,
        24,
        99,
        28,
        206,
        194,
        24,
        99,
        140,
        195,
        89,
        24,
        99,
        140,
        113,
        56,
        11,
        99,
        140,
        49,
        14,
        103,
        97,
        140,
        49,
        142,
        45,
        206,
        226,
        80,
        226,
        44,
        174,
        99,
        97,
        140,
        49,
        14,
        175,
        226,
        207,
        203,
        202,
        24,
        99,
        140,
        151,
        8,
        228,
        90,
        22,
        198,
        24,
        99,
        28,
        206,
        194,
        24,
        99,
        252,
        233,
        136,
        63,
        19,
        11,
        99,
        140,
        49,
        14,
        103,
        97,
        140,
        49,
        254,
        116,
        200,
        51,
        197,
        163,
        34,
        14,
        103,
        97,
        140,
        49,
        142,
        77,
        80,
        57,
        28,
        21,
        228,
        58,
        22,
        198,
        24,
        227,
        184,
        100,
        35,
        39,
        202,
        179,
        197,
        53,
        196,
        70,
        238,
        201,
        254,
        86,
        198,
        24,
        227,
        200,
        36,
        100,
        19,
        18,
        7,
        16,
        95,
        200,
        149,
        172,
        140,
        49,
        198,
        129,
        25,
        66,
        32,
        129,
        64,
        242,
        142,
        226,
        66,
        4,
        4,
        228,
        26,
        86,
        198,
        24,
        227,
        208,
        36,
        132,
        132,
        56,
        9,
        228,
        157,
        196,
        23,
        42,
        40,
        87,
        177,
        50,
        198,
        24,
        71,
        102,
        200,
        69,
        6,
        24,
        239,
        79,
        100,
        163,
        128,
        92,
        193,
        202,
        24,
        99,
        28,
        156,
        156,
        36,
        25,
        32,
        239,
        77,
        16,
        55,
        92,
        205,
        202,
        24,
        99,
        28,
        155,
        33,
        247,
        226,
        61,
        201,
        133,
        168,
        200,
        213,
        172,
        140,
        49,
        198,
        209,
        153,
        156,
        101,
        18,
        239,
        77,
        68,
        17,
        21,
        146,
        253,
        173,
        140,
        49,
        198,
        49,
        197,
        45,
        51,
        57,
        49,
        206,
        226,
        221,
        8,
        136,
        40,
        202,
        89,
        156,
        200,
        158,
        86,
        198,
        24,
        227,
        128,
        226,
        36,
        132,
        0,
        147,
        91,
        73,
        18,
        239,
        66,
        16,
        68,
        20,
        17,
        72,
        206,
        2,
        217,
        205,
        202,
        24,
        99,
        28,
        79,
        16,
        16,
        119,
        100,
        99,
        152,
        1,
        73,
        64,
        108,
        228,
        202,
        2,
        100,
        35,
        136,
        136,
        136,
        8,
        2,
        113,
        33,
        201,
        94,
        86,
        198,
        24,
        227,
        112,
        130,
        8,
        136,
        19,
        217,
        200,
        198,
        184,
        136,
        123,
        201,
        53,
        197,
        29,
        65,
        20,
        81,
        144,
        147,
        184,
        99,
        146,
        236,
        100,
        101,
        140,
        49,
        142,
        38,
        34,
        130,
        72,
        48,
        100,
        35,
        27,
        3,
        146,
        77,
        72,
        92,
        159,
        156,
        137,
        136,
        162,
        8,
        2,
        5,
        196,
        61,
        147,
        125,
        172,
        140,
        49,
        198,
        193,
        68,
        68,
        65,
        92,
        152,
        8,
        201,
        189,
        204,
        64,
        174,
        77,
        46,
        68,
        20,
        69,
        65,
        110,
        69,
        156,
        152,
        153,
        201,
        46,
        86,
        198,
        24,
        227,
        80,
        130,
        40,
        138,
        128,
        100,
        99,
        38,
        146,
        220,
        201,
        140,
        183,
        34,
        34,
        162,
        34,
        114,
        22,
        20,
        241,
        128,
        33,
        59,
        88,
        25,
        99,
        140,
        3,
        9,
        34,
        162,
        136,
        56,
        51,
        204,
        4,
        67,
        30,
        138,
        135,
        98,
        23,
        201,
        67,
        2,
        34,
        34,
        138,
        8,
        6,
        17,
        17,
        113,
        199,
        192,
        144,
        87,
        91,
        25,
        99,
        140,
        163,
        8,
        136,
        136,
        40,
        34,
        48,
        206,
        204,
        16,
        195,
        100,
        99,
        92,
        196,
        157,
        216,
        36,
        175,
        17,
        155,
        228,
        158,
        32,
        136,
        136,
        40,
        8,
        4,
        17,
        69,
        196,
        215,
        12,
        228,
        117,
        86,
        198,
        24,
        227,
        24,
        2,
        34,
        34,
        162,
        136,
        77,
        24,
        183,
        140,
        19,
        147,
        47,
        146,
        56,
        137,
        253,
        4,
        114,
        38,
        130,
        136,
        136,
        8,
        114,
        18,
        17,
        69,
        16,
        24,
        15,
        72,
        200,
        107,
        172,
        140,
        49,
        198,
        33,
        4,
        17,
        17,
        81,
        4,
        241,
        43,
        178,
        145,
        52,
        204,
        216,
        100,
        236,
        47,
        1,
        65,
        20,
        17,
        65,
        16,
        8,
        136,
        136,
        130,
        216,
        132,
        65,
        114,
        75,
        146,
        87,
        88,
        25,
        99,
        140,
        35,
        8,
        138,
        136,
        34,
        136,
        184,
        200,
        140,
        100,
        99,
        200,
        70,
        210,
        56,
        203,
        140,
        221,
        9,
        8,
        138,
        40,
        34,
        32,
        16,
        4,
        17,
        5,
        65,
        108,
        140,
        147,
        228,
        150,
        201,
        203,
        173,
        140,
        49,
        198,
        1,
        68,
        68,
        81,
        68,
        16,
        16,
        39,
        198,
        89,
        38,
        152,
        156,
        200,
        3,
        25,
        72,
        236,
        69,
        78,
        68,
        68,
        69,
        68,
        206,
        34,
        34,
        34,
        130,
        184,
        8,
        140,
        77,
        114,
        98,
        38,
        47,
        182,
        50,
        198,
        24,
        239,
        47,
        162,
        40,
        138,
        32,
        32,
        46,
        194,
        120,
        72,
        64,
        66,
        46,
        146,
        77,
        32,
        177,
        11,
        217,
        8,
        162,
        40,
        138,
        92,
        68,
        20,
        17,
        17,
        155,
        56,
        147,
        184,
        103,
        152,
        201,
        75,
        173,
        140,
        49,
        198,
        59,
        11,
        136,
        162,
        162,
        8,
        136,
        7,
        226,
        78,
        98,
        32,
        32,
        153,
        92,
        100,
        18,
        24,
        15,
        36,
        79,
        19,
        39,
        177,
        49,
        16,
        16,
        68,
        68,
        69,
        228,
        34,
        138,
        34,
        34,
        136,
        123,
        1,
        198,
        183,
        228,
        69,
        86,
        198,
        24,
        227,
        61,
        197,
        38,
        162,
        168,
        136,
        136,
        95,
        137,
        7,
        204,
        16,
        48,
        147,
        47,
        194,
        216,
        4,
        200,
        243,
        20,
        113,
        34,
        32,
        130,
        136,
        40,
        34,
        103,
        65,
        81,
        17,
        65,
        124,
        35,
        204,
        216,
        24,
        96,
        18,
        200,
        243,
        173,
        140,
        49,
        198,
        251,
        9,
        136,
        32,
        138,
        162,
        32,
        190,
        145,
        64,
        108,
        140,
        91,
        198,
        70,
        54,
        134,
        25,
        155,
        144,
        91,
        129,
        60,
        85,
        197,
        38,
        64,
        16,
        17,
        68,
        65,
        228,
        34,
        136,
        162,
        34,
        226,
        123,
        98,
        99,
        124,
        33,
        33,
        207,
        181,
        50,
        198,
        24,
        239,
        38,
        136,
        32,
        162,
        136,
        34,
        78,
        146,
        123,
        17,
        2,
        25,
        15,
        200,
        137,
        153,
        92,
        36,
        177,
        73,
        94,
        67,
        20,
        17,
        17,
        100,
        19,
        155,
        32,
        138,
        34,
        98,
        19,
        200,
        157,
        64,
        32,
        227,
        86,
        38,
        32,
        201,
        51,
        173,
        140,
        49,
        198,
        123,
        9,
        138,
        136,
        136,
        136,
        136,
        77,
        144,
        60,
        20,
        66,
        102,
        64,
        114,
        33,
        32,
        96,
        102,
        156,
        5,
        114,
        39,
        147,
        223,
        23,
        241,
        21,
        81,
        81,
        4,
        185,
        19,
        68,
        68,
        68,
        4,
        196,
        183,
        66,
        200,
        140,
        175,
        152,
        60,
        207,
        202,
        24,
        99,
        188,
        147,
        136,
        40,
        34,
        34,
        136,
        184,
        144,
        47,
        36,
        46,
        50,
        99,
        147,
        108,
        12,
        1,
        73,
        206,
        146,
        228,
        229,
        12,
        68,
        69,
        69,
        64,
        8,
        8,
        34,
        34,
        130,
        136,
        91,
        114,
        207,
        184,
        200,
        140,
        123,
        102,
        38,
        207,
        178,
        50,
        198,
        24,
        239,
        35,
        162,
        40,
        138,
        32,
        136,
        11,
        249,
        154,
        220,
        202,
        184,
        200,
        4,
        147,
        141,
        220,
        74,
        2,
        228,
        69,
        76,
        192,
        13,
        42,
        114,
        43,
        34,
        34,
        130,
        128,
        56,
        145,
        175,
        201,
        173,
        140,
        77,
        38,
        103,
        102,
        242,
        28,
        43,
        99,
        140,
        241,
        30,
        130,
        168,
        40,
        10,
        130,
        120,
        92,
        72,
        124,
        97,
        130,
        132,
        201,
        38,
        57,
        81,
        158,
        207,
        100,
        163,
        160,
        34,
        103,
        17,
        81,
        68,
        196,
        38,
        30,
        19,
        18,
        198,
        23,
        134,
        60,
        221,
        202,
        24,
        99,
        188,
        181,
        216,
        68,
        20,
        21,
        17,
        196,
        211,
        196,
        55,
        36,
        12,
        147,
        7,
        84,
        158,
        67,
        72,
        18,
        20,
        21,
        57,
        139,
        168,
        136,
        8,
        226,
        105,
        226,
        196,
        184,
        48,
        48,
        64,
        158,
        102,
        101,
        140,
        49,
        222,
        86,
        64,
        16,
        81,
        20,
        17,
        241,
        28,
        113,
        207,
        64,
        2,
        76,
        238,
        9,
        200,
        147,
        73,
        8,
        41,
        136,
        114,
        39,
        162,
        162,
        136,
        120,
        150,
        140,
        175,
        73,
        200,
        83,
        172,
        140,
        49,
        198,
        155,
        10,
        34,
        136,
        162,
        136,
        136,
        147,
        144,
        71,
        5,
        8,
        153,
        97,
        92,
        200,
        153,
        128,
        177,
        17,
        217,
        200,
        19,
        24,
        32,
        27,
        217,
        136,
        8,
        113,
        18,
        81,
        17,
        17,
        16,
        242,
        100,
        97,
        198,
        38,
        147,
        19,
        73,
        158,
        96,
        101,
        140,
        49,
        222,
        82,
        68,
        68,
        68,
        68,
        68,
        108,
        226,
        201,
        18,
        50,
        227,
        1,
        217,
        200,
        45,
        65,
        228,
        137,
        204,
        76,
        206,
        4,
        57,
        11,
        162,
        136,
        136,
        128,
        32,
        228,
        201,
        50,
        51,
        78,
        146,
        19,
        147,
        199,
        173,
        140,
        49,
        198,
        27,
        138,
        136,
        34,
        34,
        34,
        136,
        231,
        74,
        200,
        216,
        100,
        178,
        49,
        78,
        228,
        66,
        64,
        158,
        204,
        228,
        158,
        108,
        130,
        32,
        34,
        34,
        8,
        136,
        167,
        75,
        54,
        25,
        95,
        49,
        147,
        71,
        173,
        140,
        49,
        198,
        219,
        137,
        40,
        138,
        130,
        8,
        226,
        66,
        158,
        68,
        238,
        36,
        25,
        155,
        76,
        144,
        141,
        33,
        103,
        2,
        242,
        36,
        134,
        33,
        95,
        4,
        17,
        17,
        4,
        65,
        156,
        24,
        242,
        52,
        114,
        22,
        198,
        61,
        195,
        76,
        30,
        179,
        50,
        198,
        24,
        111,
        37,
        40,
        138,
        162,
        32,
        136,
        151,
        11,
        227,
        78,
        130,
        128,
        124,
        33,
        32,
        143,
        48,
        48,
        228,
        78,
        16,
        17,
        17,
        65,
        64,
        156,
        137,
        60,
        91,
        24,
        95,
        49,
        228,
        247,
        173,
        140,
        49,
        198,
        219,
        8,
        34,
        138,
        138,
        8,
        226,
        117,
        2,
        3,
        146,
        51,
        73,
        144,
        103,
        19,
        226,
        94,
        20,
        17,
        17,
        196,
        107,
        197,
        61,
        195,
        192,
        144,
        223,
        179,
        50,
        198,
        24,
        215,
        23,
        155,
        136,
        168,
        136,
        34,
        246,
        16,
        95,
        49,
        121,
        72,
        30,
        101,
        156,
        200,
        38,
        136,
        168,
        40,
        130,
        216,
        71,
        198,
        87,
        12,
        144,
        223,
        178,
        50,
        198,
        24,
        87,
        23,
        4,
        17,
        81,
        20,
        17,
        16,
        32,
        175,
        21,
        198,
        133,
        201,
        235,
        68,
        81,
        17,
        17,
        187,
        9,
        51,
        30,
        146,
        228,
        55,
        172,
        140,
        49,
        198,
        181,
        69,
        16,
        17,
        69,
        68,
        4,
        196,
        38,
        121,
        177,
        56,
        145,
        184,
        99,
        152,
        220,
        146,
        167,
        144,
        248,
        34,
        168,
        40,
        2,
        226,
        68,
        94,
        33,
        54,
        66,
        102,
        64,
        114,
        199,
        228,
        251,
        86,
        198,
        24,
        227,
        202,
        34,
        34,
        138,
        136,
        32,
        2,
        98,
        31,
        9,
        25,
        103,
        134,
        9,
        200,
        211,
        9,
        4,
        68,
        208,
        9,
        17,
        16,
        59,
        73,
        200,
        140,
        77,
        102,
        154,
        153,
        124,
        215,
        202,
        24,
        99,
        92,
        87,
        20,
        81,
        68,
        4,
        65,
        220,
        147,
        151,
        147,
        184,
        149,
        25,
        27,
        73,
        64,
        158,
        201,
        128,
        232,
        140,
        8,
        136,
        29,
        24,
        32,
        155,
        140,
        111,
        152,
        124,
        207,
        202,
        24,
        99,
        92,
        83,
        80,
        20,
        69,
        68,
        64,
        156,
        201,
        235,
        153,
        92,
        100,
        18,
        27,
        73,
        94,
        34,
        136,
        179,
        136,
        141,
        64,
        242,
        74,
        114,
        39,
        36,
        190,
        48,
        12,
        249,
        181,
        149,
        49,
        198,
        184,
        158,
        32,
        138,
        162,
        136,
        32,
        118,
        37,
        15,
        36,
        175,
        213,
        134,
        141,
        113,
        33,
        123,
        10,
        140,
        175,
        24,
        242,
        173,
        149,
        49,
        198,
        184,
        146,
        128,
        136,
        168,
        40,
        130,
        184,
        22,
        1,
        57,
        75,
        94,
        65,
        194,
        48,
        174,
        35,
        190,
        48,
        54,
        6,
        242,
        149,
        149,
        49,
        198,
        184,
        138,
        32,
        136,
        136,
        162,
        136,
        216,
        83,
        200,
        29,
        65,
        68,
        5,
        228,
        229,
        36,
        36,
        73,
        136,
        147,
        12,
        217,
        83,
        102,
        24,
        247,
        12,
        121,
        96,
        101,
        140,
        49,
        174,
        33,
        130,
        136,
        40,
        34,
        34,
        32,
        144,
        61,
        4,
        132,
        156,
        8,
        130,
        168,
        40,
        200,
        139,
        24,
        38,
        36,
        36,
        33,
        177,
        9,
        2,
        217,
        65,
        128,
        144,
        25,
        144,
        156,
        25,
        198,
        3,
        43,
        99,
        140,
        113,
        5,
        17,
        17,
        81,
        68,
        68,
        108,
        98,
        127,
        130,
        32,
        162,
        34,
        2,
        242,
        108,
        6,
        102,
        98,
        102,
        64,
        24,
        24,
        187,
        10,
        137,
        91,
        153,
        9,
        38,
        15,
        172,
        140,
        49,
        198,
        254,
        162,
        136,
        40,
        34,
        136,
        184,
        144,
        253,
        200,
        70,
        4,
        81,
        68,
        20,
        228,
        133,
        228,
        91,
        25,
        24,
        32,
        123,
        48,
        238,
        101,
        252,
        150,
        149,
        49,
        198,
        216,
        91,
        80,
        20,
        69,
        4,
        65,
        156,
        201,
        94,
        228,
        66,
        68,
        20,
        81,
        68,
        54,
        242,
        2,
        6,
        114,
        98,
        6,
        100,
        102,
        32,
        187,
        145,
        91,
        97,
        220,
        73,
        140,
        7,
        86,
        198,
        24,
        99,
        95,
        65,
        68,
        69,
        17,
        65,
        92,
        139,
        136,
        136,
        162,
        136,
        108,
        228,
        101,
        132,
        144,
        175,
        37,
        113,
        21,
        33,
        241,
        125,
        43,
        99,
        140,
        177,
        163,
        128,
        136,
        168,
        40,
        130,
        184,
        18,
        65,
        16,
        69,
        81,
        4,
        121,
        21,
        249,
        90,
        66,
        66,
        92,
        67,
        96,
        108,
        12,
        228,
        129,
        149,
        49,
        198,
        216,
        77,
        64,
        68,
        68,
        69,
        68,
        92,
        137,
        32,
        136,
        40,
        138,
        8,
        242,
        122,
        146,
        124,
        45,
        33,
        174,
        33,
        204,
        248,
        214,
        202,
        24,
        99,
        236,
        37,
        136,
        136,
        136,
        34,
        34,
        54,
        201,
        78,
        2,
        57,
        17,
        68,
        68,
        68,
        68,
        65,
        246,
        33,
        201,
        153,
        113,
        17,
        18,
        155,
        0,
        217,
        81,
        6,
        70,
        60,
        176,
        50,
        198,
        24,
        59,
        137,
        136,
        136,
        136,
        34,
        8,
        8,
        146,
        61,
        196,
        29,
        17,
        17,
        17,
        17,
        17,
        217,
        143,
        153,
        156,
        152,
        113,
        18,
        198,
        69,
        200,
        30,
        2,
        33,
        137,
        111,
        172,
        140,
        49,
        198,
        62,
        162,
        136,
        40,
        34,
        136,
        216,
        155,
        156,
        136,
        136,
        136,
        136,
        8,
        34,
        123,
        50,
        147,
        11,
        227,
        44,
        3,
        137,
        157,
        133,
        25,
        15,
        173,
        140,
        49,
        198,
        46,
        162,
        40,
        138,
        8,
        130,
        56,
        147,
        189,
        200,
        153,
        136,
        40,
        162,
        32,
        8,
        178,
        47,
        147,
        141,
        25,
        39,
        153,
        25,
        32,
        123,
        145,
        91,
        25,
        242,
        192,
        202,
        24,
        99,
        236,
        32,
        34,
        42,
        138,
        8,
        226,
        74,
        4,
        81,
        20,
        69,
        16,
        144,
        221,
        73,
        200,
        133,
        177,
        73,
        32,
        174,
        33,
        140,
        7,
        86,
        198,
        24,
        227,
        181,
        2,
        162,
        168,
        136,
        130,
        184,
        18,
        65,
        68,
        84,
        68,
        1,
        185,
        14,
        33,
        100,
        147,
        156,
        101,
        18,
        215,
        16,
        15,
        173,
        140,
        49,
        198,
        171,
        4,
        4,
        81,
        20,
        69,
        196,
        85,
        8,
        8,
        34,
        162,
        34,
        34,
        215,
        36,
        100,
        242,
        141,
        184,
        178,
        149,
        49,
        198,
        120,
        133,
        128,
        8,
        162,
        40,
        34,
        2,
        2,
        217,
        67,
        128,
        156,
        8,
        130,
        136,
        136,
        34,
        34,
        215,
        102,
        66,
        114,
        39,
        73,
        226,
        44,
        228,
        26,
        86,
        198,
        24,
        227,
        229,
        130,
        136,
        136,
        136,
        40,
        8,
        8,
        72,
        94,
        45,
        238,
        8,
        34,
        130,
        136,
        136,
        130,
        92,
        159,
        36,
        39,
        102,
        96,
        64,
        18,
        103,
        33,
        175,
        23,
        95,
        91,
        25,
        99,
        140,
        23,
        11,
        138,
        136,
        136,
        136,
        32,
        32,
        246,
        36,
        103,
        138,
        136,
        136,
        32,
        130,
        188,
        9,
        51,
        147,
        141,
        113,
        145,
        113,
        61,
        43,
        99,
        140,
        241,
        82,
        17,
        81,
        20,
        65,
        4,
        113,
        79,
        94,
        79,
        46,
        68,
        68,
        17,
        17,
        65,
        64,
        222,
        136,
        201,
        67,
        153,
        25,
        200,
        62,
        36,
        30,
        90,
        25,
        99,
        140,
        23,
        138,
        40,
        138,
        34,
        8,
        136,
        51,
        217,
        151,
        136,
        162,
        40,
        136,
        108,
        228,
        237,
        24,
        178,
        49,
        110,
        101,
        18,
        187,
        145,
        135,
        86,
        198,
        24,
        227,
        69,
        130,
        34,
        42,
        138,
        32,
        174,
        67,
        16,
        17,
        21,
        69,
        64,
        222,
        152,
        64,
        242,
        181,
        36,
        174,
        98,
        101,
        140,
        49,
        158,
        47,
        32,
        162,
        168,
        136,
        136,
        171,
        16,
        16,
        68,
        81,
        20,
        65,
        222,
        133,
        132,
        156,
        37,
        144,
        36,
        196,
        254,
        86,
        198,
        24,
        227,
        185,
        130,
        32,
        162,
        40,
        138,
        184,
        10,
        65,
        16,
        68,
        81,
        68,
        228,
        221,
        72,
        66,
        114,
        102,
        108,
        146,
        216,
        219,
        202,
        24,
        99,
        60,
        83,
        4,
        17,
        81,
        68,
        17,
        39,
        129,
        188,
        94,
        128,
        156,
        136,
        32,
        34,
        34,
        162,
        32,
        239,
        201,
        144,
        228,
        94,
        146,
        113,
        18,
        200,
        62,
        86,
        198,
        24,
        227,
        121,
        34,
        162,
        136,
        136,
        136,
        216,
        196,
        222,
        68,
        68,
        68,
        68,
        68,
        144,
        247,
        101,
        200,
        87,
        50,
        99,
        95,
        43,
        99,
        140,
        241,
        44,
        17,
        69,
        17,
        17,
        68,
        108,
        2,
        100,
        39,
        178,
        17,
        69,
        20,
        17,
        4,
        65,
        222,
        155,
        97,
        2,
        102,
        198,
        173,
        64,
        118,
        179,
        50,
        198,
        24,
        207,
        17,
        69,
        69,
        68,
        4,
        196,
        137,
        236,
        69,
        78,
        68,
        68,
        69,
        68,
        16,
        144,
        3,
        144,
        228,
        158,
        145,
        153,
        177,
        163,
        149,
        49,
        198,
        120,
        186,
        160,
        104,
        67,
        68,
        64,
        92,
        131,
        32,
        138,
        162,
        136,
        108,
        228,
        32,
        36,
        228,
        34,
        217,
        100,
        18,
        187,
        89,
        25,
        99,
        140,
        39,
        139,
        136,
        78,
        136,
        136,
        235,
        16,
        68,
        20,
        69,
        17,
        228,
        80,
        4,
        146,
        175,
        36,
        196,
        62,
        86,
        198,
        24,
        227,
        169,
        34,
        138,
        54,
        20,
        196,
        21,
        8,
        8,
        34,
        138,
        40,
        34,
        7,
        36,
        153,
        60,
        148,
        16,
        59,
        88,
        25,
        99,
        140,
        39,
        138,
        168,
        104,
        67,
        196,
        21,
        8,
        136,
        32,
        138,
        136,
        130,
        28,
        147,
        9,
        9,
        24,
        23,
        97,
        188,
        222,
        202,
        24,
        99,
        60,
        77,
        68,
        39,
        20,
        17,
        155,
        100,
        87,
        130,
        160,
        160,
        136,
        136,
        32,
        71,
        101,
        200,
        133,
        89,
        38,
        25,
        175,
        182,
        50,
        198,
        24,
        79,
        18,
        209,
        25,
        5,
        177,
        137,
        125,
        9,
        34,
        138,
        136,
        8,
        130,
        28,
        151,
        97,
        114,
        203,
        32,
        51,
        94,
        107,
        101,
        140,
        49,
        158,
        34,
        162,
        11,
        34,
        206,
        100,
        111,
        162,
        40,
        34,
        130,
        128,
        28,
        153,
        36,
        9,
        24,
        103,
        153,
        241,
        74,
        43,
        99,
        140,
        241,
        4,
        17,
        93,
        80,
        92,
        135,
        40,
        138,
        162,
        200,
        70,
        174,
        34,
        78,
        100,
        15,
        146,
        96,
        220,
        201,
        140,
        215,
        89,
        25,
        99,
        140,
        199,
        5,
        116,
        65,
        113,
        29,
        34,
        168,
        40,
        34,
        178,
        151,
        56,
        147,
        139,
        184,
        8,
        217,
        131,
        16,
        114,
        150,
        16,
        24,
        175,
        178,
        50,
        198,
        24,
        143,
        10,
        138,
        139,
        130,
        64,
        246,
        38,
        226,
        6,
        69,
        145,
        189,
        4,
        4,
        18,
        8,
        1,
        113,
        102,
        200,
        46,
        132,
        228,
        36,
        129,
        120,
        165,
        149,
        49,
        198,
        120,
        130,
        162,
        91,
        16,
        87,
        32,
        226,
        6,
        21,
        145,
        157,
        4,
        113,
        18,
        72,
        156,
        68,
        108,
        12,
        67,
        246,
        97,
        38,
        16,
        72,
        198,
        107,
        172,
        140,
        49,
        198,
        99,
        34,
        232,
        130,
        43,
        242,
        4,
        69,
        100,
        39,
        65,
        4,
        9,
        38,
        39,
        69,
        220,
        146,
        100,
        31,
        102,
        114,
        18,
        102,
        188,
        194,
        202,
        24,
        99,
        60,
        65,
        103,
        64,
        16,
        87,
        32,
        202,
        137,
        34,
        178,
        147,
        160,
        8,
        2,
        51,
        129,
        160,
        56,
        51,
        48,
        217,
        135,
        153,
        156,
        197,
        235,
        172,
        140,
        49,
        198,
        163,
        42,
        10,
        138,
        43,
        17,
        193,
        11,
        144,
        157,
        68,
        20,
        17,
        103,
        114,
        82,
        17,
        144,
        128,
        153,
        236,
        195,
        12,
        3,
        36,
        227,
        229,
        86,
        198,
        24,
        227,
        17,
        177,
        9,
        42,
        2,
        228,
        42,
        188,
        133,
        236,
        37,
        162,
        40,
        98,
        35,
        36,
        177,
        41,
        206,
        12,
        51,
        217,
        135,
        73,
        2,
        97,
        198,
        139,
        173,
        140,
        49,
        198,
        83,
        180,
        129,
        184,
        14,
        145,
        59,
        178,
        147,
        136,
        40,
        138,
        64,
        32,
        129,
        206,
        120,
        192,
        144,
        93,
        152,
        64,
        96,
        188,
        198,
        202,
        24,
        99,
        60,
        174,
        216,
        196,
        21,
        121,
        135,
        61,
        196,
        38,
        162,
        168,
        128,
        216,
        8,
        113,
        18,
        129,
        113,
        199,
        0,
        121,
        61,
        3,
        132,
        48,
        227,
        165,
        86,
        198,
        24,
        227,
        81,
        1,
        21,
        113,
        29,
        34,
        187,
        10,
        34,
        34,
        162,
        8,
        228,
        129,
        136,
        140,
        135,
        36,
        100,
        55,
        198,
        43,
        172,
        140,
        49,
        198,
        99,
        2,
        2,
        226,
        122,
        100,
        163,
        178,
        131,
        32,
        34,
        34,
        162,
        56,
        73,
        30,
        138,
        48,
        140,
        11,
        67,
        146,
        87,
        147,
        77,
        198,
        107,
        172,
        140,
        49,
        198,
        19,
        196,
        69,
        178,
        63,
        217,
        184,
        97,
        23,
        65,
        17,
        17,
        17,
        17,
        152,
        156,
        25,
        183,
        50,
        227,
        36,
        51,
        65,
        146,
        93,
        24,
        152,
        241,
        66,
        43,
        99,
        140,
        241,
        116,
        113,
        29,
        178,
        159,
        160,
        40,
        34,
        34,
        98,
        147,
        124,
        35,
        50,
        78,
        18,
        48,
        67,
        146,
        35,
        88,
        25,
        99,
        140,
        39,
        41,
        78,
        146,
        99,
        139,
        40,
        138,
        34,
        8,
        2,
        249,
        158,
        48,
        78,
        146,
        228,
        196,
        228,
        0,
        86,
        198,
        24,
        227,
        3,
        9,
        162,
        168,
        40,
        8,
        226,
        66,
        80,
        190,
        17,
        198,
        29,
        195,
        12,
        121,
        119,
        43,
        99,
        140,
        241,
        36,
        18,
        27,
        57,
        174,
        128,
        136,
        162,
        34,
        34,
        238,
        200,
        247,
        5,
        102,
        124,
        97,
        32,
        239,
        107,
        101,
        140,
        49,
        62,
        134,
        128,
        136,
        40,
        138,
        34,
        158,
        36,
        54,
        6,
        198,
        153,
        132,
        188,
        167,
        149,
        49,
        198,
        120,
        58,
        227,
        160,
        130,
        32,
        34,
        138,
        34,
        98,
        19,
        200,
        111,
        136,
        141,
        64,
        198,
        38,
        185,
        99,
        200,
        107,
        197,
        75,
        173,
        140,
        49,
        198,
        251,
        75,
        46,
        146,
        23,
        9,
        34,
        34,
        138,
        136,
        8,
        136,
        71,
        133,
        144,
        25,
        95,
        152,
        36,
        47,
        81,
        84,
        64,
        188,
        220,
        202,
        24,
        99,
        60,
        129,
        113,
        38,
        87,
        144,
        64,
        156,
        200,
        75,
        21,
        81,
        68,
        68,
        16,
        16,
        79,
        145,
        144,
        25,
        100,
        38,
        39,
        146,
        188,
        72,
        64,
        241,
        26,
        43,
        99,
        140,
        241,
        24,
        3,
        3,
        227,
        106,
        146,
        151,
        11,
        138,
        162,
        136,
        32,
        136,
        11,
        121,
        140,
        177,
        201,
        48,
        238,
        24,
        146,
        188,
        92,
        188,
        194,
        202,
        24,
        99,
        60,
        202,
        64,
        200,
        184,
        138,
        76,
        146,
        151,
        9,
        162,
        40,
        138,
        8,
        226,
        66,
        238,
        200,
        119,
        201,
        70,
        78,
        226,
        87,
        12,
        121,
        129,
        54,
        64,
        188,
        216,
        202,
        24,
        99,
        60,
        206,
        216,
        152,
        113,
        45,
        25,
        242,
        2,
        65,
        20,
        21,
        69,
        16,
        79,
        36,
        95,
        11,
        227,
        150,
        177,
        49,
        121,
        182,
        216,
        68,
        188,
        220,
        202,
        24,
        99,
        60,
        129,
        108,
        226,
        90,
        50,
        129,
        144,
        228,
        233,
        98,
        19,
        81,
        84,
        68,
        196,
        239,
        144,
        223,
        23,
        102,
        124,
        67,
        158,
        44,
        138,
        215,
        91,
        25,
        99,
        140,
        39,
        51,
        227,
        90,
        18,
        8,
        121,
        178,
        128,
        32,
        138,
        40,
        162,
        216,
        132,
        124,
        69,
        158,
        44,
        51,
        227,
        11,
        9,
        121,
        170,
        128,
        54,
        196,
        43,
        172,
        140,
        49,
        198,
        35,
        12,
        57,
        203,
        184,
        142,
        204,
        144,
        231,
        8,
        34,
        34,
        162,
        136,
        8,
        8,
        72,
        126,
        77,
        126,
        79,
        108,
        132,
        140,
        77,
        114,
        79,
        146,
        39,
        137,
        77,
        108,
        226,
        53,
        86,
        198,
        24,
        227,
        81,
        198,
        137,
        132,
        113,
        21,
        9,
        132,
        144,
        60,
        73,
        80,
        68,
        68,
        68,
        68,
        188,
        82,
        66,
        146,
        25,
        95,
        72,
        242,
        68,
        197,
        235,
        173,
        140,
        49,
        198,
        19,
        200,
        38,
        48,
        54,
        33,
        187,
        11,
        36,
        144,
        39,
        137,
        136,
        162,
        136,
        32,
        136,
        77,
        108,
        228,
        217,
        132,
        144,
        77,
        24,
        144,
        153,
        128,
        129,
        201,
        227,
        162,
        160,
        19,
        94,
        101,
        101,
        140,
        49,
        30,
        99,
        6,
        178,
        9,
        99,
        119,
        33,
        9,
        33,
        144,
        60,
        46,
        162,
        40,
        138,
        32,
        136,
        51,
        121,
        49,
        185,
        21,
        198,
        67,
        102,
        242,
        152,
        232,
        132,
        215,
        91,
        25,
        99,
        140,
        39,
        16,
        146,
        132,
        0,
        185,
        150,
        0,
        147,
        223,
        23,
        80,
        20,
        69,
        17,
        196,
        163,
        228,
        25,
        2,
        227,
        33,
        67,
        126,
        87,
        196,
        73,
        113,
        18,
        242,
        82,
        43,
        99,
        140,
        241,
        40,
        67,
        8,
        3,
        140,
        235,
        136,
        91,
        38,
        191,
        45,
        54,
        17,
        69,
        69,
        68,
        92,
        65,
        152,
        177,
        49,
        12,
        12,
        228,
        55,
        69,
        116,
        2,
        197,
        235,
        172,
        140,
        49,
        198,
        227,
        36,
        185,
        21,
        87,
        144,
        36,
        23,
        97,
        242,
        27,
        2,
        130,
        136,
        162,
        40,
        226,
        74,
        98,
        99,
        124,
        97,
        32,
        223,
        21,
        209,
        5,
        39,
        33,
        47,
        182,
        50,
        198,
        24,
        79,
        97,
        2,
        177,
        49,
        174,
        35,
        206,
        36,
        147,
        239,
        10,
        34,
        136,
        34,
        138,
        136,
        77,
        32,
        251,
        137,
        141,
        144,
        97,
        64,
        114,
        33,
        201,
        111,
        232,
        4,
        136,
        215,
        90,
        25,
        99,
        140,
        39,
        49,
        64,
        194,
        216,
        155,
        156,
        36,
        113,
        102,
        242,
        93,
        65,
        17,
        17,
        17,
        17,
        1,
        241,
        8,
        121,
        129,
        132,
        140,
        139,
        76,
        78,
        76,
        126,
        45,
        58,
        163,
        34,
        64,
        94,
        97,
        101,
        140,
        49,
        158,
        72,
        2,
        9,
        227,
        58,
        50,
        206,
        36,
        249,
        181,
        136,
        136,
        34,
        34,
        136,
        184,
        6,
        227,
        86,
        102,
        220,
        51,
        51,
        249,
        86,
        180,
        33,
        42,
        226,
        181,
        86,
        198,
        24,
        227,
        40,
        50,
        227,
        194,
        228,
        91,
        17,
        69,
        17,
        17,
        1,
        113,
        34,
        123,
        147,
        59,
        25,
        103,
        201,
        153,
        153,
        124,
        45,
        42,
        136,
        138,
        120,
        181,
        149,
        49,
        198,
        120,
        162,
        226,
        202,
        50,
        137,
        51,
        147,
        175,
        4,
        81,
        84,
        68,
        4,
        196,
        27,
        8,
        9,
        48,
        54,
        134,
        25,
        242,
        64,
        20,
        116,
        70,
        188,
        222,
        202,
        24,
        99,
        60,
        65,
        188,
        137,
        12,
        227,
        251,
        34,
        138,
        138,
        8,
        226,
        173,
        196,
        175,
        24,
        15,
        68,
        209,
        25,
        177,
        131,
        149,
        49,
        198,
        120,
        84,
        64,
        84,
        196,
        117,
        101,
        72,
        220,
        146,
        59,
        65,
        68,
        81,
        68,
        196,
        219,
        202,
        192,
        120,
        72,
        32,
        54,
        17,
        157,
        64,
        236,
        97,
        101,
        140,
        49,
        30,
        17,
        16,
        17,
        68,
        113,
        85,
        25,
        24,
        223,
        8,
        136,
        40,
        138,
        136,
        231,
        144,
        29,
        132,
        241,
        181,
        184,
        21,
        69,
        69,
        236,
        99,
        101,
        140,
        49,
        126,
        95,
        16,
        17,
        81,
        65,
        92,
        85,
        198,
        119,
        4,
        17,
        69,
        68,
        108,
        66,
        222,
        70,
        32,
        144,
        25,
        23,
        201,
        23,
        65,
        81,
        68,
        236,
        98,
        101,
        140,
        49,
        126,
        87,
        68,
        68,
        20,
        69,
        16,
        215,
        148,
        177,
        201,
        36,
        185,
        8,
        34,
        34,
        136,
        120,
        157,
        120,
        182,
        4,
        50,
        131,
        76,
        146,
        123,
        17,
        17,
        17,
        251,
        88,
        25,
        99,
        140,
        223,
        19,
        17,
        69,
        20,
        17,
        196,
        117,
        101,
        198,
        215,
        130,
        136,
        32,
        136,
        51,
        121,
        43,
        66,
        156,
        100,
        24,
        223,
        8,
        34,
        130,
        216,
        201,
        202,
        24,
        99,
        252,
        182,
        32,
        138,
        138,
        136,
        128,
        184,
        182,
        140,
        147,
        36,
        57,
        9,
        130,
        8,
        226,
        69,
        84,
        190,
        21,
        242,
        84,
        114,
        22,
        134,
        177,
        73,
        110,
        5,
        17,
        196,
        110,
        86,
        198,
        24,
        227,
        183,
        4,
        17,
        81,
        81,
        4,
        196,
        27,
        8,
        3,
        12,
        227,
        44,
        136,
        32,
        222,
        91,
        24,
        95,
        11,
        130,
        216,
        209,
        202,
        24,
        99,
        124,
        79,
        108,
        34,
        34,
        42,
        34,
        226,
        173,
        132,
        241,
        64,
        16,
        196,
        94,
        42,
        94,
        42,
        48,
        48,
        110,
        5,
        196,
        174,
        86,
        198,
        24,
        227,
        59,
        130,
        32,
        34,
        162,
        34,
        136,
        55,
        20,
        134,
        33,
        4,
        4,
        113,
        24,
        33,
        129,
        108,
        2,
        98,
        103,
        43,
        99,
        140,
        241,
        107,
        17,
        68,
        68,
        68,
        17,
        241,
        198,
        146,
        48,
        54,
        1,
        177,
        137,
        141,
        188,
        163,
        228,
        36,
        144,
        56,
        139,
        147,
        64,
        246,
        178,
        50,
        198,
        24,
        191,
        18,
        17,
        17,
        17,
        17,
        17,
        111,
        46,
        33,
        110,
        197,
        38,
        222,
        95,
        114,
        17,
        2,
        113,
        17,
        123,
        90,
        25,
        99,
        140,
        111,
        69,
        17,
        81,
        68,
        16,
        196,
        59,
        8,
        228,
        36,
        30,
        144,
        247,
        36,
        95,
        196,
        67,
        178,
        159,
        149,
        49,
        198,
        248,
        90,
        80,
        20,
        69,
        4,
        65,
        188,
        151,
        120,
        72,
        14,
        75,
        246,
        180,
        50,
        198,
        24,
        15,
        4,
        68,
        84,
        20,
        17,
        16,
        31,
        82,
        28,
        215,
        202,
        24,
        99,
        220,
        138,
        147,
        136,
        168,
        136,
        136,
        24,
        111,
        111,
        101,
        140,
        49,
        206,
        2,
        2,
        34,
        162,
        34,
        34,
        198,
        123,
        88,
        25,
        99,
        140,
        147,
        32,
        8,
        34,
        138,
        136,
        136,
        241,
        46,
        86,
        198,
        24,
        99,
        19,
        68,
        68,
        68,
        68,
        4,
        1,
        113,
        34,
        227,
        45,
        173,
        140,
        49,
        198,
        89,
        68,
        17,
        17,
        65,
        16,
        227,
        157,
        172,
        140,
        49,
        198,
        69,
        81,
        20,
        65,
        64,
        156,
        201,
        199,
        33,
        127,
        42,
        86,
        198,
        24,
        227,
        36,
        160,
        40,
        34,
        136,
        63,
        11,
        201,
        49,
        173,
        140,
        49,
        6,
        4,
        21,
        84,
        68,
        124,
        16,
        129,
        124,
        33,
        114,
        102,
        66,
        6,
        201,
        33,
        45,
        140,
        49,
        198,
        157,
        54,
        68,
        108,
        226,
        79,
        95,
        64,
        113,
        71,
        190,
        35,
        14,
        105,
        101,
        140,
        49,
        30,
        138,
        32,
        32,
        228,
        195,
        50,
        48,
        3,
        2,
        228,
        104,
        22,
        198,
        24,
        227,
        43,
        65,
        124,
        100,
        42,
        168,
        128,
        92,
        196,
        209,
        44,
        140,
        49,
        198,
        199,
        231,
        9,
        247,
        148,
        141,
        32,
        7,
        181,
        112,
        114,
        195,
        24,
        99,
        220,
        18,
        228,
        3,
        17,
        228,
        87,
        220,
        32,
        40,
        27,
        57,
        142,
        27,
        78,
        86,
        206,
        138,
        205,
        255,
        197,
        24,
        99,
        140,
        247,
        84,
        156,
        45,
        64,
        16,
        99,
        140,
        49,
        14,
        32,
        8,
        88,
        32,
        184,
        225,
        134,
        49,
        198,
        24,
        239,
        238,
        134,
        27,
        8,
        22,
        54,
        55,
        220,
        220,
        48,
        198,
        24,
        227,
        221,
        221,
        220,
        112,
        195,
        198,
        205,
        178,
        124,
        250,
        225,
        135,
        31,
        214,
        159,
        214,
        79,
        235,
        162,
        50,
        198,
        24,
        227,
        109,
        85,
        55,
        191,
        124,
        254,
        229,
        191,
        253,
        242,
        243,
        207,
        63,
        127,
        190,
        185,
        169,
        21,
        168,
        110,
        54,
        63,
        83,
        203,
        162,
        140,
        49,
        198,
        120,
        91,
        117,
        115,
        243,
        249,
        243,
        207,
        55,
        155,
        10,
        88,
        33,
        187,
        249,
        188,
        40,
        55,
        63,
        124,
        118,
        89,
        24,
        99,
        140,
        241,
        214,
        110,
        110,
        186,
        249,
        249,
        230,
        243,
        47,
        159,
        63,
        223,
        68,
        176,
        146,
        89,
        191,
        72,
        203,
        141,
        159,
        92,
        24,
        99,
        140,
        241,
        214,
        110,
        250,
        220,
        205,
        205,
        47,
        159,
        127,
        41,
        34,
        86,
        54,
        241,
        153,
        159,
        107,
        113,
        249,
        140,
        140,
        49,
        198,
        120,
        107,
        113,
        115,
        211,
        205,
        231,
        95,
        110,
        62,
        23,
        155,
        53,
        9,
        248,
        204,
        207,
        55,
        139,
        11,
        202,
        24,
        99,
        140,
        183,
        86,
        220,
        116,
        243,
        185,
        207,
        109,
        160,
        21,
        50,
        224,
        179,
        41,
        11,
        44,
        140,
        49,
        198,
        120,
        91,
        55,
        112,
        67,
        221,
        116,
        66,
        32,
        130,
        168,
        40,
        11,
        99,
        140,
        49,
        222,
        199,
        13,
        69,
        69,
        144,
        32,
        136,
        136,
        128,
        140,
        49,
        198,
        120,
        123,
        1,
        17,
        17,
        132,
        128,
        32,
        32,
        32,
        99,
        140,
        49,
        222,
        67,
        64,
        64,
        16,
        200,
        70,
        54,
        50,
        198,
        24,
        227,
        125,
        197,
        38,
        64,
        46,
        100,
        140,
        49,
        198,
        251,
        139,
        179,
        255,
        14,
        219,
        219,
        156,
        213,
        207,
        54,
        255,
        206,
        0,
        0,
        0,
        0,
        73,
        69,
        78,
        68,
        174,
        66,
        96,
        130
      ]
    },
    "stat": {
      "dev": 16777220,
      "mode": 33188,
      "nlink": 1,
      "uid": 501,
      "gid": 20,
      "rdev": 0,
      "blksize": 4194304,
      "ino": 2088775,
      "size": 9999,
      "blocks": 24,
      "atime": "2018-04-17T07:59:11.794Z",
      "mtime": "2018-03-22T08:50:41.040Z",
      "ctime": "2018-03-22T08:50:41.040Z",
      "birthtime": "2018-03-22T08:50:41.040Z"
    },
    "history": [
      "/Users/jiangheng/Desktop/work-code/xxd-h5/src/mods/openaccount/yhimgs/zgyh_bg@2x.png"
    ],
    "path": "/Users/jiangheng/Desktop/work-code/xxd-h5/src/mods/openaccount/yhimgs/zgyh_bg@2x.png",
    "gulpCache$filePathChangedInsideTask": false,
    "gulpCache$fileBaseChangedInsideTask": false,
    "gulpCache$originalPath": "/Users/jiangheng/Desktop/work-code/xxd-h5/src/mods/openaccount/yhimgs/zgyh_bg@2x.png",
    "gulpCache$originalBase": "/Users/jiangheng/Desktop/work-code/xxd-h5/src/mods/"
  }
]