[
  {
    "cwd": "/Users/jiangheng/Desktop/work-code/xxd-h5",
    "base": "/Users/jiangheng/Desktop/work-code/xxd-h5/src/mods/",
    "contents": {
      "type": "Buffer",
      "data": [
        137,
        80,
        78,
        71,
        13,
        10,
        26,
        10,
        0,
        0,
        0,
        13,
        73,
        72,
        68,
        82,
        0,
        0,
        0,
        30,
        0,
        0,
        0,
        26,
        8,
        6,
        0,
        0,
        0,
        160,
        161,
        236,
        180,
        0,
        0,
        2,
        95,
        73,
        68,
        65,
        84,
        120,
        218,
        172,
        150,
        91,
        136,
        77,
        81,
        24,
        199,
        247,
        62,
        198,
        56,
        106,
        152,
        152,
        24,
        18,
        26,
        19,
        165,
        228,
        133,
        145,
        145,
        68,
        46,
        47,
        99,
        92,
        30,
        38,
        38,
        133,
        7,
        229,
        69,
        194,
        11,
        105,
        20,
        145,
        34,
        15,
        202,
        35,
        202,
        101,
        228,
        193,
        3,
        146,
        146,
        75,
        242,
        50,
        145,
        23,
        153,
        7,
        20,
        185,
        107,
        112,
        78,
        50,
        83,
        36,
        151,
        241,
        91,
        245,
        223,
        181,
        219,
        237,
        125,
        214,
        58,
        107,
        159,
        175,
        126,
        157,
        203,
        186,
        252,
        215,
        250,
        214,
        247,
        125,
        107,
        133,
        243,
        15,
        151,
        2,
        7,
        107,
        130,
        201,
        48,
        4,
        159,
        224,
        119,
        212,
        240,
        184,
        167,
        41,
        240,
        177,
        66,
        133,
        182,
        122,
        216,
        1,
        253,
        80,
        210,
        231,
        27,
        125,
        63,
        7,
        51,
        130,
        28,
        150,
        37,
        60,
        21,
        250,
        224,
        20,
        204,
        73,
        180,
        141,
        133,
        45,
        240,
        12,
        182,
        250,
        10,
        215,
        101,
        184,
        245,
        46,
        204,
        114,
        88,
        244,
        164,
        232,
        71,
        219,
        145,
        242,
        108,
        62,
        90,
        224,
        31,
        188,
        224,
        8,
        94,
        87,
        26,
        28,
        166,
        156,
        241,
        121,
        216,
        108,
        17,
        53,
        103,
        220,
        9,
        183,
        181,
        251,
        3,
        41,
        174,
        127,
        10,
        61,
        44,
        224,
        134,
        139,
        112,
        43,
        188,
        116,
        240,
        212,
        54,
        184,
        0,
        151,
        160,
        203,
        210,
        247,
        36,
        236,
        97,
        1,
        195,
        149,
        206,
        120,
        163,
        131,
        232,
        125,
        56,
        171,
        243,
        239,
        114,
        232,
        191,
        11,
        246,
        218,
        130,
        171,
        221,
        97,
        162,
        99,
        176,
        8,
        182,
        87,
        17,
        75,
        135,
        136,
        129,
        150,
        44,
        97,
        51,
        81,
        135,
        101,
        130,
        239,
        112,
        7,
        118,
        86,
        25,
        196,
        245,
        201,
        133,
        198,
        133,
        247,
        59,
        76,
        112,
        83,
        81,
        187,
        194,
        35,
        131,
        86,
        102,
        9,
        15,
        89,
        6,
        126,
        212,
        170,
        55,
        41,
        229,
        170,
        181,
        185,
        184,
        123,
        105,
        82,
        216,
        228,
        236,
        116,
        203,
        192,
        94,
        185,
        236,
        76,
        142,
        154,
        113,
        25,
        241,
        66,
        36,
        28,
        42,
        119,
        27,
        44,
        3,
        255,
        192,
        120,
        40,
        230,
        168,
        148,
        19,
        96,
        84,
        36,
        188,
        28,
        22,
        90,
        6,
        12,
        43,
        168,
        198,
        233,
        187,
        175,
        253,
        132,
        230,
        72,
        216,
        37,
        119,
        77,
        222,
        62,
        50,
        174,
        146,
        135,
        124,
        205,
        120,
        245,
        34,
        238,
        14,
        11,
        142,
        185,
        123,
        66,
        165,
        177,
        53,
        200,
        111,
        139,
        97,
        149,
        17,
        158,
        98,
        233,
        248,
        196,
        20,
        125,
        232,
        14,
        106,
        103,
        221,
        70,
        120,
        0,
        202,
        42,
        248,
        105,
        246,
        16,
        70,
        192,
        130,
        26,
        10,
        183,
        155,
        16,
        223,
        7,
        131,
        240,
        77,
        73,
        158,
        60,
        195,
        207,
        48,
        6,
        70,
        215,
        80,
        184,
        217,
        8,
        95,
        139,
        253,
        113,
        60,
        165,
        160,
        23,
        85,
        42,
        203,
        138,
        236,
        121,
        48,
        211,
        83,
        240,
        158,
        54,
        80,
        140,
        63,
        4,
        218,
        96,
        117,
        74,
        231,
        101,
        74,
        161,
        14,
        189,
        58,
        58,
        85,
        76,
        124,
        236,
        160,
        174,
        221,
        137,
        241,
        251,
        184,
        63,
        229,
        153,
        19,
        217,
        105,
        5,
        89,
        163,
        188,
        210,
        231,
        113,
        230,
        215,
        97,
        125,
        116,
        47,
        199,
        119,
        252,
        188,
        130,
        176,
        185,
        248,
        191,
        194,
        18,
        185,
        203,
        39,
        208,
        214,
        194,
        85,
        88,
        151,
        124,
        129,
        140,
        132,
        13,
        154,
        124,
        154,
        206,
        118,
        64,
        59,
        189,
        2,
        175,
        244,
        8,
        124,
        151,
        51,
        176,
        26,
        217,
        245,
        96,
        93,
        226,
        29,
        213,
        107,
        57,
        191,
        247,
        122,
        95,
        237,
        86,
        221,
        142,
        236,
        47,
        60,
        128,
        91,
        250,
        189,
        70,
        143,
        133,
        248,
        237,
        247,
        5,
        142,
        26,
        209,
        172,
        199,
        158,
        139,
        133,
        218,
        189,
        17,
        255,
        5,
        111,
        153,
        240,
        71,
        188,
        3,
        101,
        177,
        65,
        158,
        51,
        55,
        90,
        137,
        246,
        15,
        241,
        246,
        255,
        2,
        12,
        0,
        163,
        219,
        138,
        234,
        171,
        170,
        151,
        29,
        0,
        0,
        0,
        0,
        73,
        69,
        78,
        68,
        174,
        66,
        96,
        130
      ]
    },
    "stat": {
      "dev": 16777220,
      "mode": 33188,
      "nlink": 1,
      "uid": 501,
      "gid": 20,
      "rdev": 0,
      "blksize": 4194304,
      "ino": 2088607,
      "size": 1521,
      "blocks": 8,
      "atime": "2018-04-17T07:59:11.786Z",
      "mtime": "2018-03-22T08:50:40.990Z",
      "ctime": "2018-03-22T08:50:40.990Z",
      "birthtime": "2018-03-22T08:50:40.990Z"
    },
    "history": [
      "/Users/jiangheng/Desktop/work-code/xxd-h5/src/mods/contactus/imgs/qq-group_icon@2x.png"
    ],
    "path": "/Users/jiangheng/Desktop/work-code/xxd-h5/src/mods/contactus/imgs/qq-group_icon@2x.png",
    "gulpCache$filePathChangedInsideTask": false,
    "gulpCache$fileBaseChangedInsideTask": false,
    "gulpCache$originalPath": "/Users/jiangheng/Desktop/work-code/xxd-h5/src/mods/contactus/imgs/qq-group_icon@2x.png",
    "gulpCache$originalBase": "/Users/jiangheng/Desktop/work-code/xxd-h5/src/mods/"
  }
]