[
  {
    "cwd": "/Users/jiangheng/Desktop/work-code/xxd-h5",
    "base": "/Users/jiangheng/Desktop/work-code/xxd-h5/src/mods/",
    "contents": {
      "type": "Buffer",
      "data": [
        137,
        80,
        78,
        71,
        13,
        10,
        26,
        10,
        0,
        0,
        0,
        13,
        73,
        72,
        68,
        82,
        0,
        0,
        0,
        60,
        0,
        0,
        0,
        60,
        8,
        6,
        0,
        0,
        0,
        58,
        252,
        217,
        114,
        0,
        0,
        16,
        139,
        73,
        68,
        65,
        84,
        104,
        222,
        221,
        155,
        123,
        148,
        28,
        85,
        157,
        199,
        63,
        247,
        86,
        85,
        63,
        167,
        103,
        122,
        50,
        153,
        153,
        76,
        134,
        144,
        100,
        242,
        224,
        149,
        132,
        36,
        16,
        16,
        133,
        0,
        202,
        227,
        128,
        34,
        18,
        64,
        113,
        113,
        87,
        226,
        114,
        142,
        226,
        134,
        117,
        221,
        117,
        125,
        31,
        69,
        61,
        34,
        174,
        43,
        130,
        10,
        194,
        89,
        87,
        96,
        221,
        221,
        227,
        110,
        136,
        24,
        208,
        144,
        5,
        4,
        66,
        128,
        128,
        242,
        48,
        137,
        147,
        7,
        67,
        30,
        147,
        100,
        94,
        201,
        204,
        116,
        247,
        76,
        191,
        171,
        238,
        189,
        251,
        71,
        85,
        247,
        188,
        2,
        134,
        36,
        38,
        224,
        61,
        167,
        79,
        87,
        87,
        221,
        234,
        186,
        223,
        250,
        253,
        238,
        247,
        247,
        253,
        253,
        110,
        149,
        48,
        198,
        112,
        144,
        22,
        2,
        62,
        20,
        124,
        206,
        1,
        166,
        6,
        251,
        222,
        206,
        45,
        11,
        236,
        3,
        94,
        5,
        30,
        2,
        86,
        3,
        229,
        9,
        189,
        140,
        49,
        227,
        63,
        87,
        25,
        99,
        58,
        204,
        59,
        191,
        117,
        24,
        99,
        150,
        141,
        199,
        55,
        250,
        135,
        101,
        140,
        249,
        174,
        249,
        203,
        107,
        223,
        13,
        176,
        77,
        0,
        252,
        151,
        8,
        118,
        52,
        104,
        140,
        49,
        136,
        96,
        14,
        95,
        3,
        172,
        228,
        157,
        222,
        138,
        91,
        33,
        50,
        7,
        176,
        15,
        118,
        244,
        90,
        224,
        65,
        25,
        144,
        209,
        15,
        222,
        241,
        96,
        135,
        254,
        15,
        86,
        190,
        15,
        158,
        251,
        246,
        27,
        245,
        184,
        3,
        8,
        201,
        0,
        249,
        9,
        239,
        120,
        192,
        225,
        185,
        208,
        252,
        33,
        104,
        90,
        242,
        70,
        61,
        90,
        129,
        15,
        11,
        99,
        204,
        202,
        192,
        165,
        143,
        90,
        123,
        230,
        143,
        251,
        120,
        106,
        221,
        86,
        136,
        133,
        145,
        17,
        135,
        207,
        94,
        117,
        38,
        53,
        17,
        231,
        237,
        112,
        91,
        86,
        217,
        192,
        146,
        195,
        61,
        59,
        87,
        116,
        41,
        150,
        92,
        0,
        28,
        199,
        166,
        54,
        230,
        135,
        234,
        149,
        235,
        183,
        241,
        227,
        21,
        15,
        64,
        75,
        18,
        234,
        227,
        220,
        112,
        241,
        60,
        106,
        34,
        14,
        158,
        210,
        100,
        114,
        165,
        234,
        249,
        117,
        241,
        48,
        182,
        37,
        121,
        228,
        197,
        29,
        220,
        118,
        215,
        227,
        136,
        201,
        9,
        144,
        226,
        13,
        175,
        167,
        123,
        210,
        92,
        247,
        145,
        119,
        241,
        247,
        31,
        92,
        124,
        184,
        67,
        62,
        211,
        6,
        166,
        28,
        238,
        217,
        159,
        251,
        233,
        211,
        60,
        112,
        223,
        58,
        48,
        112,
        217,
        178,
        37,
        172,
        250,
        234,
        149,
        0,
        156,
        222,
        214,
        4,
        109,
        77,
        208,
        82,
        71,
        104,
        82,
        13,
        211,
        38,
        39,
        252,
        105,
        150,
        47,
        51,
        237,
        202,
        219,
        193,
        182,
        192,
        192,
        186,
        187,
        111,
        96,
        201,
        220,
        41,
        116,
        116,
        15,
        242,
        252,
        195,
        175,
        192,
        137,
        13,
        111,
        10,
        152,
        215,
        122,
        153,
        181,
        112,
        198,
        145,
        88,
        184,
        197,
        6,
        194,
        135,
        123,
        118,
        42,
        91,
        164,
        208,
        151,
        129,
        250,
        26,
        214,
        109,
        222,
        203,
        183,
        127,
        177,
        1,
        16,
        60,
        181,
        105,
        15,
        52,
        213,
        66,
        36,
        132,
        210,
        134,
        47,
        222,
        247,
        12,
        137,
        104,
        136,
        157,
        189,
        105,
        10,
        217,
        34,
        24,
        192,
        85,
        148,
        61,
        5,
        64,
        109,
        44,
        236,
        131,
        109,
        157,
        228,
        3,
        238,
        77,
        131,
        171,
        38,
        94,
        80,
        105,
        244,
        193,
        149,
        225,
        161,
        182,
        144,
        125,
        36,
        103,
        199,
        35,
        14,
        212,
        197,
        160,
        173,
        145,
        129,
        3,
        67,
        124,
        245,
        27,
        15,
        249,
        7,
        146,
        49,
        104,
        174,
        3,
        79,
        163,
        148,
        230,
        187,
        223,
        95,
        3,
        74,
        67,
        216,
        134,
        105,
        13,
        80,
        116,
        161,
        232,
        98,
        91,
        114,
        2,
        32,
        140,
        224,
        156,
        11,
        78,
        33,
        17,
        13,
        49,
        30,
        154,
        233,
        205,
        112,
        222,
        188,
        35,
        227,
        215,
        35,
        2,
        156,
        202,
        22,
        161,
        47,
        3,
        241,
        192,
        73,
        18,
        145,
        145,
        129,
        119,
        167,
        70,
        58,
        198,
        70,
        201,
        240,
        190,
        12,
        148,
        60,
        40,
        185,
        85,
        11,
        87,
        91,
        217,
        5,
        33,
        88,
        253,
        181,
        171,
        104,
        172,
        139,
        253,
        89,
        88,
        235,
        136,
        0,
        159,
        212,
        58,
        137,
        182,
        51,
        219,
        152,
        116,
        82,
        11,
        205,
        141,
        9,
        31,
        40,
        176,
        187,
        39,
        67,
        209,
        245,
        170,
        253,
        166,
        212,
        199,
        73,
        38,
        227,
        160,
        53,
        202,
        83,
        236,
        232,
        28,
        64,
        151,
        92,
        106,
        163,
        227,
        242,
        17,
        33,
        64,
        8,
        250,
        135,
        10,
        111,
        79,
        192,
        223,
        89,
        190,
        148,
        239,
        44,
        95,
        74,
        71,
        87,
        138,
        174,
        206,
        126,
        223,
        146,
        182,
        197,
        5,
        227,
        220,
        174,
        55,
        149,
        99,
        219,
        246,
        30,
        136,
        134,
        40,
        121,
        138,
        139,
        23,
        205,
        64,
        190,
        9,
        57,
        121,
        193,
        141,
        123,
        219,
        1,
        174,
        146,
        103,
        119,
        138,
        15,
        252,
        205,
        61,
        208,
        152,
        128,
        116,
        142,
        117,
        43,
        63,
        195,
        210,
        81,
        160,
        151,
        223,
        185,
        150,
        181,
        247,
        175,
        135,
        176,
        67,
        235,
        89,
        109,
        236,
        251,
        249,
        77,
        135,
        119,
        33,
        87,
        81,
        236,
        220,
        77,
        100,
        246,
        172,
        195,
        30,
        171,
        60,
        26,
        128,
        223,
        191,
        164,
        141,
        169,
        239,
        153,
        227,
        207,
        205,
        162,
        199,
        253,
        143,
        111,
        30,
        115,
        124,
        237,
        250,
        215,
        96,
        106,
        61,
        184,
        30,
        95,
        252,
        240,
        187,
        254,
        244,
        31,
        234,
        177,
        22,
        86,
        185,
        28,
        61,
        63,
        185,
        151,
        13,
        115,
        230,
        208,
        245,
        175,
        119,
        30,
        63,
        11,
        255,
        116,
        237,
        38,
        158,
        126,
        122,
        11,
        145,
        41,
        73,
        36,
        194,
        39,
        173,
        186,
        24,
        255,
        243,
        204,
        118,
        220,
        192,
        45,
        59,
        247,
        15,
        249,
        33,
        166,
        46,
        6,
        97,
        155,
        135,
        95,
        120,
        157,
        23,
        219,
        247,
        97,
        92,
        197,
        55,
        110,
        188,
        128,
        89,
        45,
        201,
        9,
        96,
        101,
        196,
        39,
        193,
        252,
        214,
        109,
        244,
        253,
        251,
        125,
        12,
        60,
        244,
        48,
        217,
        157,
        219,
        40,
        2,
        173,
        147,
        27,
        142,
        31,
        224,
        85,
        207,
        189,
        198,
        218,
        31,
        172,
        133,
        217,
        205,
        190,
        170,
        170,
        139,
        129,
        128,
        124,
        38,
        207,
        127,
        222,
        247,
        76,
        160,
        113,
        29,
        152,
        154,
        244,
        99,
        111,
        109,
        148,
        199,
        159,
        248,
        35,
        12,
        100,
        161,
        232,
        114,
        227,
        149,
        103,
        76,
        4,
        28,
        143,
        129,
        37,
        201,
        127,
        253,
        107,
        188,
        252,
        205,
        91,
        241,
        80,
        132,
        136,
        18,
        107,
        156,
        14,
        7,
        58,
        125,
        98,
        59,
        94,
        128,
        163,
        97,
        219,
        183,
        106,
        60,
        12,
        67,
        5,
        255,
        83,
        9,
        67,
        179,
        154,
        64,
        25,
        48,
        6,
        250,
        179,
        99,
        221,
        180,
        38,
        12,
        182,
        196,
        178,
        14,
        50,
        248,
        120,
        12,
        47,
        157,
        37,
        251,
        195,
        31,
        81,
        64,
        17,
        39,
        140,
        211,
        216,
        248,
        230,
        10,
        236,
        88,
        1,
        158,
        219,
        58,
        137,
        153,
        103,
        182,
        33,
        90,
        235,
        71,
        72,
        65,
        192,
        224,
        112,
        145,
        193,
        84,
        14,
        164,
        68,
        72,
        193,
        137,
        39,
        183,
        96,
        91,
        114,
        68,
        72,
        148,
        61,
        40,
        171,
        137,
        97,
        9,
        160,
        88,
        66,
        56,
        54,
        209,
        143,
        126,
        148,
        230,
        23,
        95,
        69,
        198,
        106,
        40,
        108,
        127,
        13,
        51,
        42,
        204,
        29,
        55,
        192,
        183,
        45,
        95,
        202,
        109,
        203,
        151,
        78,
        216,
        255,
        189,
        85,
        191,
        227,
        243,
        95,
        94,
        9,
        77,
        181,
        216,
        201,
        24,
        237,
        247,
        124,
        194,
        87,
        101,
        135,
        210,
        134,
        179,
        8,
        41,
        72,
        220,
        125,
        55,
        167,
        3,
        94,
        42,
        205,
        43,
        39,
        157,
        142,
        206,
        102,
        143,
        10,
        224,
        163,
        194,
        210,
        227,
        155,
        99,
        91,
        190,
        43,
        7,
        54,
        141,
        30,
        129,
        130,
        53,
        74,
        189,
        125,
        226,
        240,
        215,
        126,
        254,
        44,
        191,
        92,
        245,
        59,
        68,
        75,
        253,
        40,
        177,
        36,
        232,
        75,
        231,
        252,
        100,
        192,
        182,
        240,
        180,
        230,
        180,
        79,
        253,
        12,
        219,
        150,
        84,
        125,
        218,
        85,
        80,
        246,
        248,
        175,
        111,
        94,
        205,
        130,
        25,
        141,
        19,
        213,
        214,
        104,
        210,
        46,
        22,
        15,
        186,
        255,
        184,
        0,
        222,
        180,
        235,
        0,
        237,
        235,
        182,
        193,
        172,
        230,
        81,
        38,
        9,
        72,
        169,
        46,
        6,
        74,
        99,
        140,
        97,
        219,
        31,
        58,
        65,
        143,
        74,
        5,
        74,
        46,
        20,
        61,
        210,
        217,
        210,
        49,
        175,
        0,
        28,
        17,
        224,
        178,
        167,
        252,
        204,
        39,
        40,
        2,
        84,
        1,
        71,
        108,
        16,
        248,
        31,
        131,
        47,
        72,
        148,
        246,
        127,
        143,
        2,
        124,
        132,
        169,
        222,
        177,
        7,
        124,
        249,
        146,
        89,
        132,
        110,
        188,
        16,
        209,
        84,
        59,
        134,
        165,
        183,
        238,
        29,
        100,
        235,
        246,
        30,
        8,
        217,
        72,
        199,
        226,
        146,
        43,
        23,
        19,
        13,
        217,
        84,
        240,
        25,
        79,
        129,
        171,
        152,
        58,
        169,
        230,
        157,
        5,
        120,
        197,
        21,
        139,
        88,
        113,
        197,
        162,
        9,
        251,
        127,
        252,
        235,
        87,
        184,
        249,
        201,
        118,
        152,
        82,
        135,
        29,
        142,
        243,
        232,
        55,
        175,
        225,
        237,
        210,
        142,
        8,
        240,
        218,
        151,
        119,
        177,
        109,
        75,
        23,
        56,
        22,
        117,
        13,
        9,
        150,
        95,
        60,
        207,
        47,
        229,
        228,
        202,
        126,
        25,
        71,
        8,
        12,
        112,
        32,
        83,
        160,
        177,
        46,
        74,
        71,
        119,
        138,
        223,
        60,
        181,
        21,
        34,
        14,
        104,
        205,
        117,
        23,
        205,
        99,
        74,
        125,
        252,
        152,
        178,
        246,
        17,
        1,
        190,
        103,
        205,
        70,
        86,
        223,
        242,
        75,
        152,
        20,
        135,
        69,
        51,
        170,
        128,
        199,
        207,
        77,
        21,
        168,
        172,
        39,
        94,
        237,
        228,
        179,
        159,
        250,
        25,
        76,
        78,
        128,
        171,
        88,
        184,
        230,
        159,
        15,
        29,
        176,
        240,
        233,
        64,
        134,
        195,
        199,
        15,
        240,
        133,
        11,
        166,
        177,
        122,
        118,
        51,
        212,
        197,
        152,
        49,
        181,
        254,
        79,
        246,
        175,
        139,
        135,
        125,
        201,
        89,
        95,
        3,
        174,
        242,
        165,
        233,
        33,
        91,
        214,
        32,
        128,
        200,
        156,
        185,
        199,
        79,
        120,
        92,
        188,
        104,
        6,
        76,
        174,
        1,
        215,
        59,
        244,
        48,
        41,
        196,
        8,
        131,
        31,
        162,
        105,
        141,
        39,
        80,
        110,
        142,
        72,
        108,
        50,
        117,
        231,
        157,
        115,
        252,
        0,
        159,
        122,
        98,
        3,
        115,
        230,
        79,
        131,
        190,
        12,
        242,
        40,
        9,
        131,
        137,
        166,
        149,
        88,
        53,
        6,
        11,
        151,
        166,
        107,
        230,
        19,
        154,
        150,
        135,
        193,
        231,
        32,
        223,
        117,
        124,
        164,
        229,
        23,
        151,
        45,
        129,
        161,
        2,
        71,
        87,
        0,
        142,
        112,
        128,
        208,
        125,
        132,
        27,
        242,
        132,
        147,
        208,
        124,
        237,
        185,
        64,
        55,
        244,
        62,
        13,
        27,
        111,
        131,
        206,
        53,
        199,
        30,
        240,
        39,
        46,
        153,
        79,
        221,
        69,
        243,
        216,
        221,
        209,
        123,
        20,
        1,
        87,
        134,
        165,
        16,
        166,
        23,
        175,
        191,
        159,
        134,
        247,
        207,
        34,
        126,
        209,
        34,
        216,
        241,
        34,
        120,
        10,
        60,
        15,
        158,
        191,
        5,
        118,
        63,
        113,
        236,
        147,
        135,
        199,
        110,
        191,
        158,
        166,
        169,
        73,
        250,
        82,
        185,
        163,
        131,
        87,
        84,
        152,
        120,
        47,
        110,
        223,
        30,
        226,
        115,
        29,
        166,
        125,
        105,
        57,
        68,
        46,
        4,
        123,
        46,
        244,
        188,
        0,
        197,
        33,
        112,
        53,
        60,
        253,
        117,
        40,
        101,
        143,
        45,
        224,
        179,
        218,
        154,
        120,
        254,
        206,
        191,
        70,
        29,
        21,
        169,
        88,
        97,
        180,
        52,
        148,
        118,
        98,
        135,
        51,
        204,
        248,
        214,
        10,
        172,
        211,
        110,
        2,
        146,
        48,
        253,
        67,
        208,
        124,
        62,
        244,
        188,
        12,
        198,
        134,
        221,
        47,
        192,
        174,
        117,
        99,
        254,
        161,
        228,
        29,
        46,
        96,
        61,
        12,
        29,
        95,
        135,
        151,
        110,
        130,
        98,
        230,
        77,
        187,
        206,
        154,
        146,
        172,
        74,
        197,
        3,
        153,
        60,
        244,
        15,
        131,
        37,
        223,
        2,
        27,
        143,
        76,
        95,
        255,
        182,
        245,
        65,
        234,
        117,
        66,
        83,
        36,
        161,
        119,
        223,
        10,
        76,
        26,
        233,
        179,
        240,
        11,
        208,
        182,
        12,
        186,
        55,
        65,
        90,
        67,
        166,
        179,
        122,
        232,
        215,
        91,
        92,
        126,
        191,
        199,
        59,
        76,
        192,
        217,
        245,
        176,
        237,
        94,
        120,
        242,
        1,
        120,
        253,
        183,
        135,
        60,
        230,
        75,
        23,
        207,
        36,
        57,
        127,
        26,
        180,
        239,
        195,
        45,
        28,
        100,
        73,
        229,
        96,
        205,
        146,
        80,
        40,
        195,
        190,
        1,
        60,
        19,
        2,
        242,
        80,
        238,
        133,
        76,
        15,
        244,
        62,
        54,
        182,
        111,
        41,
        5,
        123,
        95,
        130,
        114,
        17,
        138,
        144,
        149,
        81,
        86,
        119,
        193,
        191,
        60,
        85,
        164,
        232,
        26,
        22,
        157,
        96,
        29,
        38,
        224,
        196,
        37,
        208,
        124,
        51,
        44,
        250,
        4,
        156,
        114,
        197,
        91,
        72,
        42,
        218,
        232,
        248,
        205,
        231,
        248,
        248,
        167,
        47,
        134,
        161,
        130,
        111,
        241,
        55,
        105,
        74,
        27,
        216,
        222,
        3,
        69,
        151,
        79,
        127,
        230,
        82,
        230,
        180,
        132,
        192,
        13,
        67,
        97,
        47,
        168,
        18,
        108,
        253,
        14,
        180,
        127,
        47,
        200,
        165,
        179,
        240,
        31,
        75,
        96,
        203,
        227,
        80,
        176,
        32,
        6,
        187,
        226,
        75,
        49,
        6,
        206,
        111,
        179,
        185,
        230,
        244,
        16,
        241,
        144,
        56,
        76,
        165,
        37,
        108,
        88,
        252,
        5,
        16,
        26,
        172,
        183,
        182,
        160,
        61,
        57,
        26,
        226,
        254,
        91,
        150,
        241,
        201,
        107,
        207,
        166,
        38,
        18,
        10,
        242,
        126,
        29,
        164,
        137,
        99,
        7,
        148,
        206,
        149,
        56,
        227,
        253,
        11,
        185,
        227,
        150,
        101,
        156,
        123,
        90,
        80,
        192,
        87,
        179,
        64,
        36,
        97,
        240,
        121,
        176,
        146,
        208,
        126,
        7,
        228,
        210,
        176,
        231,
        247,
        208,
        181,
        3,
        66,
        17,
        104,
        47,
        194,
        245,
        159,
        100,
        254,
        169,
        179,
        152,
        127,
        136,
        194,
        241,
        16,
        122,
        28,
        217,
        226,
        196,
        57,
        167,
        181,
        142,
        120,
        173,
        16,
        208,
        147,
        246,
        1,
        43,
        77,
        161,
        236,
        207,
        181,
        229,
        23,
        205,
        227,
        11,
        215,
        156,
        53,
        206,
        197,
        195,
        112,
        194,
        10,
        232,
        126,
        22,
        186,
        127,
        11,
        42,
        9,
        207,
        221,
        10,
        57,
        223,
        219,
        217,
        93,
        132,
        11,
        207,
        135,
        171,
        239,
        57,
        254,
        53,
        173,
        55,
        106,
        31,
        124,
        215,
        108,
        110,
        249,
        254,
        245,
        36,
        27,
        19,
        212,
        207,
        104,
        164,
        37,
        72,
        28,
        154,
        146,
        111,
        176,
        112,
        22,
        155,
        14,
        103,
        63,
        8,
        51,
        63,
        14,
        218,
        246,
        159,
        171,
        43,
        3,
        147,
        102,
        194,
        13,
        95,
        133,
        155,
        159,
        126,
        235,
        49,
        192,
        152,
        99,
        95,
        118,
        24,
        46,
        184,
        248,
        11,
        21,
        111,
        101,
        154,
        164,
        160,
        180,
        3,
        76,
        8,
        34,
        11,
        14,
        63,
        232,
        141,
        7,
        156,
        41,
        40,
        122,
        135,
        92,
        14,
        12,
        123,
        28,
        200,
        186,
        12,
        230,
        60,
        178,
        37,
        69,
        190,
        172,
        81,
        90,
        35,
        5,
        68,
        29,
        73,
        109,
        68,
        210,
        88,
        227,
        48,
        165,
        214,
        97,
        90,
        125,
        152,
        150,
        250,
        240,
        81,
        185,
        25,
        131,
        57,
        67,
        223,
        144,
        166,
        55,
        163,
        217,
        63,
        100,
        232,
        31,
        82,
        164,
        139,
        22,
        89,
        19,
        34,
        47,
        252,
        138,
        146,
        151,
        5,
        83,
        204,
        98,
        161,
        9,
        217,
        130,
        104,
        72,
        80,
        19,
        134,
        134,
        26,
        73,
        75,
        82,
        50,
        173,
        193,
        226,
        196,
        201,
        22,
        45,
        245,
        19,
        29,
        216,
        190,
        107,
        221,
        1,
        118,
        28,
        40,
        179,
        123,
        160,
        204,
        158,
        148,
        75,
        207,
        80,
        153,
        129,
        172,
        75,
        41,
        239,
        249,
        17,
        220,
        83,
        62,
        209,
        40,
        29,
        172,
        30,
        4,
        229,
        87,
        25,
        76,
        136,
        136,
        196,
        137,
        91,
        76,
        175,
        15,
        115,
        114,
        115,
        148,
        69,
        211,
        226,
        44,
        153,
        89,
        195,
        217,
        109,
        9,
        154,
        146,
        209,
        131,
        206,
        154,
        190,
        97,
        77,
        87,
        202,
        176,
        55,
        165,
        233,
        28,
        208,
        236,
        29,
        212,
        236,
        29,
        84,
        244,
        164,
        125,
        160,
        131,
        89,
        77,
        58,
        103,
        240,
        202,
        6,
        92,
        3,
        10,
        16,
        102,
        68,
        102,
        27,
        83,
        29,
        6,
        26,
        191,
        64,
        88,
        41,
        18,
        218,
        2,
        43,
        42,
        104,
        170,
        149,
        76,
        159,
        108,
        113,
        210,
        84,
        139,
        133,
        211,
        29,
        22,
        207,
        116,
        88,
        50,
        219,
        70,
        240,
        183,
        127,
        52,
        184,
        46,
        8,
        5,
        82,
        129,
        101,
        64,
        26,
        132,
        208,
        8,
        161,
        193,
        24,
        12,
        254,
        146,
        137,
        49,
        58,
        184,
        88,
        0,
        190,
        114,
        33,
        207,
        64,
        89,
        67,
        201,
        128,
        150,
        16,
        15,
        211,
        52,
        181,
        142,
        243,
        78,
        153,
        204,
        123,
        79,
        109,
        2,
        66,
        236,
        236,
        247,
        232,
        29,
        210,
        116,
        165,
        52,
        221,
        105,
        77,
        255,
        176,
        33,
        147,
        215,
        168,
        178,
        63,
        80,
        33,
        253,
        218,
        95,
        196,
        6,
        199,
        2,
        71,
        8,
        68,
        32,
        65,
        4,
        96,
        180,
        169,
        150,
        186,
        77,
        0,
        184,
        234,
        155,
        198,
        140,
        220,
        3,
        3,
        158,
        50,
        20,
        93,
        200,
        23,
        13,
        20,
        180,
        127,
        195,
        226,
        146,
        147,
        91,
        45,
        196,
        252,
        219,
        243,
        198,
        104,
        133,
        210,
        10,
        165,
        60,
        148,
        82,
        104,
        173,
        252,
        111,
        79,
        97,
        180,
        70,
        163,
        209,
        194,
        47,
        185,
        142,
        8,
        64,
        129,
        16,
        2,
        41,
        44,
        164,
        180,
        176,
        45,
        27,
        41,
        109,
        44,
        105,
        99,
        176,
        25,
        46,
        65,
        38,
        171,
        41,
        43,
        129,
        9,
        10,
        150,
        182,
        128,
        136,
        109,
        136,
        57,
        130,
        144,
        5,
        150,
        8,
        12,
        87,
        25,
        112,
        101,
        91,
        143,
        5,
        117,
        176,
        109,
        70,
        247,
        31,
        155,
        96,
        161,
        148,
        65,
        27,
        191,
        160,
        104,
        89,
        126,
        254,
        237,
        121,
        144,
        206,
        107,
        108,
        41,
        36,
        194,
        182,
        8,
        9,
        129,
        16,
        190,
        20,
        20,
        90,
        128,
        37,
        48,
        33,
        255,
        159,
        132,
        11,
        194,
        21,
        24,
        203,
        128,
        16,
        8,
        3,
        6,
        129,
        35,
        161,
        63,
        103,
        112,
        132,
        33,
        108,
        65,
        161,
        172,
        209,
        90,
        99,
        180,
        166,
        33,
        170,
        105,
        140,
        25,
        210,
        57,
        141,
        20,
        134,
        136,
        45,
        80,
        202,
        96,
        180,
        8,
        194,
        131,
        193,
        18,
        208,
        151,
        209,
        216,
        2,
        146,
        49,
        129,
        231,
        249,
        192,
        45,
        9,
        253,
        67,
        26,
        16,
        36,
        107,
        4,
        67,
        195,
        6,
        215,
        131,
        250,
        184,
        192,
        24,
        130,
        235,
        143,
        74,
        36,
        131,
        31,
        90,
        251,
        155,
        177,
        168,
        196,
        113,
        36,
        197,
        146,
        166,
        88,
        210,
        216,
        150,
        192,
        182,
        96,
        114,
        66,
        98,
        27,
        163,
        49,
        198,
        159,
        10,
        254,
        89,
        128,
        3,
        42,
        100,
        192,
        6,
        99,
        1,
        97,
        131,
        53,
        44,
        144,
        69,
        137,
        145,
        254,
        213,
        4,
        144,
        46,
        107,
        26,
        98,
        146,
        76,
        222,
        176,
        39,
        163,
        153,
        211,
        32,
        73,
        68,
        160,
        59,
        109,
        240,
        148,
        161,
        119,
        200,
        208,
        82,
        39,
        104,
        140,
        9,
        54,
        119,
        107,
        156,
        224,
        220,
        152,
        35,
        232,
        207,
        26,
        210,
        3,
        138,
        5,
        179,
        109,
        242,
        37,
        195,
        235,
        187,
        60,
        255,
        169,
        79,
        33,
        176,
        132,
        225,
        180,
        86,
        27,
        173,
        13,
        91,
        119,
        186,
        204,
        62,
        209,
        14,
        202,
        191,
        30,
        83,
        234,
        37,
        82,
        248,
        179,
        138,
        81,
        30,
        87,
        89,
        156,
        76,
        38,
        44,
        18,
        53,
        18,
        203,
        146,
        128,
        97,
        96,
        208,
        99,
        40,
        167,
        176,
        131,
        149,
        74,
        27,
        24,
        6,
        18,
        85,
        225,
        238,
        128,
        9,
        7,
        183,
        208,
        243,
        167,
        182,
        113,
        4,
        94,
        157,
        193,
        214,
        6,
        81,
        2,
        35,
        125,
        215,
        218,
        151,
        54,
        60,
        112,
        93,
        152,
        174,
        33,
        77,
        231,
        160,
        166,
        62,
        34,
        232,
        216,
        175,
        249,
        167,
        11,
        44,
        190,
        177,
        166,
        132,
        13,
        220,
        255,
        177,
        40,
        119,
        60,
        89,
        226,
        170,
        133,
        14,
        83,
        107,
        125,
        2,
        91,
        189,
        177,
        12,
        198,
        98,
        110,
        83,
        152,
        79,
        157,
        31,
        161,
        43,
        165,
        89,
        245,
        82,
        137,
        250,
        184,
        192,
        245,
        224,
        225,
        151,
        75,
        220,
        250,
        145,
        56,
        150,
        128,
        7,
        214,
        230,
        121,
        247,
        194,
        48,
        231,
        206,
        117,
        248,
        197,
        179,
        69,
        30,
        221,
        84,
        98,
        75,
        167,
        34,
        22,
        23,
        85,
        235,
        106,
        13,
        82,
        66,
        109,
        141,
        69,
        36,
        34,
        113,
        93,
        131,
        235,
        41,
        66,
        142,
        164,
        62,
        105,
        81,
        44,
        107,
        60,
        207,
        32,
        165,
        40,
        219,
        64,
        15,
        144,
        192,
        248,
        217,
        22,
        150,
        207,
        138,
        66,
        248,
        4,
        107,
        36,
        8,
        215,
        255,
        214,
        17,
        131,
        85,
        20,
        96,
        12,
        221,
        25,
        195,
        242,
        179,
        28,
        90,
        18,
        130,
        245,
        91,
        21,
        87,
        46,
        118,
        232,
        232,
        215,
        108,
        220,
        107,
        152,
        221,
        40,
        105,
        78,
        8,
        86,
        44,
        13,
        177,
        55,
        165,
        249,
        93,
        167,
        98,
        91,
        175,
        34,
        230,
        8,
        92,
        207,
        15,
        55,
        113,
        7,
        150,
        191,
        59,
        70,
        99,
        66,
        176,
        102,
        179,
        199,
        121,
        39,
        57,
        236,
        218,
        175,
        216,
        51,
        164,
        88,
        118,
        118,
        152,
        66,
        217,
        208,
        209,
        173,
        248,
        187,
        171,
        227,
        116,
        29,
        208,
        108,
        222,
        227,
        113,
        246,
        73,
        14,
        255,
        253,
        124,
        17,
        45,
        70,
        152,
        90,
        107,
        176,
        44,
        136,
        199,
        45,
        44,
        11,
        202,
        101,
        141,
        148,
        2,
        41,
        193,
        245,
        52,
        33,
        71,
        226,
        216,
        146,
        114,
        89,
        33,
        37,
        61,
        54,
        176,
        9,
        152,
        75,
        37,
        193,
        208,
        2,
        33,
        12,
        198,
        247,
        136,
        234,
        124,
        145,
        202,
        119,
        9,
        19,
        44,
        159,
        36,
        194,
        240,
        202,
        62,
        205,
        206,
        65,
        205,
        246,
        126,
        205,
        147,
        29,
        30,
        115,
        26,
        37,
        201,
        40,
        36,
        194,
        130,
        178,
        7,
        159,
        255,
        101,
        129,
        219,
        175,
        142,
        114,
        203,
        229,
        97,
        114,
        37,
        255,
        185,
        52,
        165,
        13,
        131,
        195,
        134,
        47,
        63,
        148,
        39,
        87,
        50,
        220,
        120,
        127,
        150,
        206,
        253,
        154,
        214,
        73,
        146,
        21,
        239,
        139,
        240,
        232,
        230,
        50,
        185,
        29,
        30,
        151,
        156,
        26,
        103,
        243,
        46,
        143,
        221,
        189,
        138,
        124,
        201,
        176,
        123,
        191,
        226,
        3,
        103,
        132,
        153,
        55,
        221,
        97,
        91,
        119,
        129,
        120,
        84,
        98,
        52,
        216,
        182,
        32,
        18,
        241,
        107,
        184,
        174,
        231,
        91,
        186,
        18,
        174,
        108,
        11,
        92,
        207,
        80,
        118,
        117,
        229,
        169,
        161,
        151,
        36,
        240,
        171,
        138,
        59,
        139,
        74,
        108,
        51,
        62,
        49,
        249,
        49,
        46,
        0,
        173,
        65,
        120,
        32,
        70,
        205,
        155,
        76,
        222,
        208,
        156,
        16,
        124,
        96,
        161,
        131,
        16,
        48,
        179,
        65,
        114,
        66,
        189,
        228,
        209,
        118,
        15,
        41,
        13,
        255,
        246,
        177,
        24,
        103,
        205,
        176,
        248,
        214,
        154,
        34,
        47,
        236,
        244,
        176,
        37,
        92,
        62,
        47,
        196,
        35,
        175,
        150,
        89,
        251,
        15,
        9,
        174,
        56,
        61,
        196,
        96,
        206,
        80,
        99,
        193,
        185,
        115,
        29,
        22,
        76,
        179,
        89,
        208,
        106,
        243,
        202,
        14,
        143,
        77,
        123,
        21,
        243,
        166,
        219,
        108,
        216,
        238,
        177,
        113,
        151,
        199,
        185,
        39,
        135,
        88,
        191,
        213,
        229,
        209,
        13,
        69,
        154,
        234,
        164,
        79,
        110,
        182,
        192,
        113,
        4,
        90,
        251,
        55,
        82,
        7,
        22,
        215,
        218,
        32,
        4,
        104,
        45,
        72,
        165,
        189,
        192,
        157,
        1,
        248,
        149,
        196,
        127,
        18,
        126,
        95,
        133,
        234,
        171,
        160,
        245,
        40,
        208,
        248,
        110,
        45,
        10,
        162,
        90,
        16,
        39,
        96,
        211,
        116,
        65,
        211,
        157,
        242,
        25,
        245,
        39,
        235,
        203,
        204,
        108,
        244,
        93,
        101,
        48,
        99,
        24,
        204,
        25,
        118,
        15,
        104,
        122,
        50,
        134,
        159,
        61,
        88,
        224,
        135,
        79,
        22,
        217,
        176,
        211,
        99,
        221,
        54,
        151,
        187,
        159,
        42,
        241,
        88,
        187,
        203,
        101,
        243,
        29,
        166,
        215,
        73,
        46,
        62,
        205,
        225,
        229,
        221,
        46,
        218,
        51,
        20,
        148,
        102,
        32,
        171,
        105,
        174,
        147,
        76,
        78,
        8,
        166,
        55,
        89,
        244,
        164,
        21,
        27,
        94,
        115,
        41,
        120,
        26,
        203,
        2,
        41,
        5,
        150,
        93,
        1,
        56,
        18,
        178,
        180,
        241,
        151,
        108,
        61,
        101,
        232,
        79,
        121,
        228,
        11,
        186,
        242,
        104,
        69,
        23,
        176,
        82,
        6,
        114,
        252,
        31,
        71,
        84,
        204,
        56,
        208,
        248,
        228,
        37,
        243,
        2,
        180,
        241,
        93,
        26,
        72,
        70,
        5,
        237,
        123,
        60,
        122,
        50,
        112,
        198,
        137,
        22,
        11,
        166,
        74,
        46,
        61,
        197,
        38,
        151,
        55,
        92,
        187,
        200,
        70,
        27,
        184,
        237,
        177,
        34,
        201,
        168,
        31,
        190,
        222,
        123,
        97,
        136,
        47,
        95,
        22,
        161,
        53,
        41,
        176,
        29,
        193,
        35,
        27,
        203,
        52,
        37,
        4,
        247,
        62,
        85,
        228,
        127,
        55,
        148,
        80,
        26,
        158,
        104,
        119,
        249,
        246,
        143,
        134,
        40,
        164,
        52,
        139,
        167,
        219,
        52,
        213,
        74,
        146,
        81,
        65,
        196,
        129,
        185,
        83,
        108,
        110,
        184,
        32,
        18,
        8,
        43,
        129,
        20,
        149,
        48,
        228,
        135,
        178,
        10,
        104,
        33,
        12,
        174,
        167,
        201,
        12,
        41,
        92,
        87,
        99,
        219,
        213,
        84,
        244,
        179,
        64,
        201,
        106,
        190,
        244,
        43,
        0,
        91,
        128,
        56,
        240,
        158,
        49,
        37,
        25,
        225,
        187,
        183,
        44,
        11,
        223,
        210,
        98,
        100,
        97,
        95,
        105,
        136,
        132,
        192,
        150,
        176,
        177,
        75,
        179,
        173,
        79,
        83,
        112,
        13,
        95,
        89,
        93,
        100,
        251,
        1,
        77,
        99,
        173,
        164,
        111,
        72,
        99,
        73,
        120,
        174,
        195,
        227,
        162,
        83,
        29,
        106,
        35,
        130,
        159,
        174,
        47,
        209,
        61,
        232,
        31,
        183,
        36,
        180,
        239,
        83,
        252,
        213,
        5,
        17,
        6,
        134,
        53,
        15,
        60,
        91,
        162,
        20,
        23,
        72,
        71,
        144,
        140,
        75,
        254,
        176,
        219,
        227,
        201,
        246,
        50,
        91,
        186,
        21,
        61,
        41,
        205,
        206,
        62,
        197,
        171,
        123,
        61,
        34,
        33,
        49,
        50,
        76,
        83,
        41,
        234,
        251,
        68,
        165,
        148,
        161,
        80,
        8,
        226,
        249,
        200,
        67,
        51,
        223,
        3,
        238,
        4,
        16,
        11,
        110,
        175,
        86,
        35,
        44,
        252,
        247,
        2,
        86,
        140,
        89,
        25,
        80,
        149,
        112,
        103,
        70,
        234,
        77,
        129,
        251,
        56,
        18,
        246,
        12,
        26,
        148,
        54,
        72,
        3,
        249,
        178,
        161,
        53,
        41,
        216,
        159,
        209,
        68,
        108,
        65,
        125,
        20,
        246,
        15,
        27,
        166,
        214,
        10,
        122,
        210,
        154,
        116,
        86,
        19,
        15,
        195,
        9,
        245,
        22,
        37,
        87,
        211,
        151,
        214,
        76,
        138,
        75,
        82,
        57,
        69,
        126,
        216,
        144,
        172,
        149,
        212,
        199,
        125,
        181,
        218,
        151,
        50,
        20,
        139,
        65,
        184,
        48,
        128,
        50,
        216,
        33,
        65,
        203,
        36,
        11,
        207,
        51,
        35,
        128,
        133,
        175,
        168,
        132,
        20,
        104,
        101,
        240,
        60,
        51,
        254,
        129,
        129,
        187,
        128,
        207,
        248,
        72,
        198,
        2,
        174,
        180,
        171,
        129,
        219,
        16,
        204,
        174,
        74,
        184,
        81,
        122,
        117,
        140,
        164,
        27,
        183,
        141,
        174,
        188,
        22,
        20,
        72,
        192,
        64,
        110,
        83,
        149,
        134,
        21,
        217,
        232,
        239,
        211,
        122,
        252,
        255,
        142,
        72,
        72,
        173,
        71,
        73,
        72,
        63,
        173,
        11,
        140,
        41,
        170,
        198,
        168,
        96,
        18,
        210,
        239,
        175,
        85,
        213,
        216,
        0,
        175,
        3,
        95,
        2,
        30,
        28,
        147,
        45,
        133,
        229,
        132,
        10,
        223,
        42,
        224,
        17,
        252,
        151,
        63,
        174,
        50,
        130,
        51,
        48,
        166,
        21,
        112,
        42,
        33,
        201,
        140,
        6,
        24,
        232,
        58,
        227,
        175,
        138,
        248,
        199,
        43,
        115,
        75,
        250,
        71,
        204,
        40,
        82,
        65,
        140,
        74,
        4,
        196,
        200,
        77,
        152,
        144,
        20,
        84,
        227,
        97,
        96,
        97,
        163,
        71,
        100,
        228,
        40,
        243,
        9,
        124,
        176,
        70,
        224,
        10,
        135,
        46,
        224,
        101,
        252,
        87,
        241,
        86,
        114,
        144,
        87,
        241,
        254,
        31,
        48,
        130,
        126,
        251,
        118,
        178,
        4,
        7,
        0,
        0,
        0,
        0,
        73,
        69,
        78,
        68,
        174,
        66,
        96,
        130
      ]
    },
    "stat": {
      "dev": 16777220,
      "mode": 33188,
      "nlink": 1,
      "uid": 501,
      "gid": 20,
      "rdev": 0,
      "blksize": 4194304,
      "ino": 2088631,
      "size": 5252,
      "blocks": 16,
      "atime": "2018-04-17T07:59:11.786Z",
      "mtime": "2018-03-22T08:50:40.995Z",
      "ctime": "2018-03-22T08:50:40.995Z",
      "birthtime": "2018-03-22T08:50:40.995Z"
    },
    "history": [
      "/Users/jiangheng/Desktop/work-code/xxd-h5/src/mods/home/imgs/app-logo@2x.png"
    ],
    "path": "/Users/jiangheng/Desktop/work-code/xxd-h5/src/mods/home/imgs/app-logo@2x.png",
    "gulpCache$filePathChangedInsideTask": false,
    "gulpCache$fileBaseChangedInsideTask": false,
    "gulpCache$originalPath": "/Users/jiangheng/Desktop/work-code/xxd-h5/src/mods/home/imgs/app-logo@2x.png",
    "gulpCache$originalBase": "/Users/jiangheng/Desktop/work-code/xxd-h5/src/mods/"
  }
]