[
  {
    "cwd": "/Users/jiangheng/Desktop/work-code/xxd-h5",
    "base": "/Users/jiangheng/Desktop/work-code/xxd-h5/src/mods/",
    "contents": {
      "type": "Buffer",
      "data": [
        137,
        80,
        78,
        71,
        13,
        10,
        26,
        10,
        0,
        0,
        0,
        13,
        73,
        72,
        68,
        82,
        0,
        0,
        0,
        65,
        0,
        0,
        0,
        37,
        8,
        3,
        0,
        0,
        0,
        42,
        76,
        116,
        59,
        0,
        0,
        0,
        114,
        80,
        76,
        84,
        69,
        67,
        137,
        245,
        255,
        255,
        255,
        67,
        137,
        245,
        67,
        137,
        245,
        67,
        137,
        245,
        67,
        137,
        245,
        67,
        137,
        245,
        67,
        137,
        245,
        67,
        137,
        245,
        67,
        137,
        245,
        67,
        137,
        245,
        67,
        137,
        245,
        67,
        137,
        245,
        67,
        137,
        245,
        67,
        137,
        245,
        67,
        137,
        245,
        67,
        137,
        245,
        67,
        137,
        245,
        67,
        137,
        245,
        67,
        137,
        245,
        67,
        137,
        245,
        67,
        137,
        245,
        67,
        137,
        245,
        67,
        137,
        245,
        67,
        137,
        245,
        67,
        137,
        245,
        67,
        137,
        245,
        67,
        137,
        245,
        67,
        137,
        245,
        67,
        137,
        245,
        67,
        137,
        245,
        67,
        137,
        245,
        67,
        137,
        245,
        67,
        137,
        245,
        67,
        137,
        245,
        67,
        137,
        245,
        67,
        137,
        245,
        67,
        137,
        245,
        32,
        147,
        105,
        231,
        0,
        0,
        0,
        37,
        116,
        82,
        78,
        83,
        0,
        0,
        3,
        4,
        6,
        10,
        17,
        20,
        29,
        45,
        60,
        67,
        78,
        79,
        86,
        95,
        117,
        120,
        121,
        135,
        145,
        157,
        165,
        177,
        178,
        191,
        200,
        213,
        214,
        215,
        218,
        226,
        230,
        232,
        235,
        240,
        250,
        53,
        195,
        187,
        193,
        0,
        0,
        0,
        243,
        73,
        68,
        65,
        84,
        72,
        199,
        165,
        204,
        7,
        2,
        130,
        48,
        12,
        0,
        192,
        196,
        141,
        91,
        220,
        123,
        242,
        255,
        47,
        10,
        42,
        210,
        180,
        73,
        26,
        244,
        30,
        112,
        128,
        30,
        240,
        180,
        65,
        135,
        160,
        14,
        205,
        249,
        61,
        219,
        15,
        254,
        24,
        90,
        155,
        44,
        247,
        24,
        254,
        60,
        188,
        131,
        72,
        161,
        13,
        101,
        160,
        23,
        202,
        80,
        5,
        106,
        33,
        15,
        110,
        160,
        21,
        226,
        64,
        3,
        165,
        144,
        6,
        63,
        144,
        11,
        97,
        168,
        130,
        219,
        34,
        82,
        240,
        131,
        19,
        36,
        48,
        211,
        11,
        118,
        32,
        1,
        68,
        10,
        110,
        240,
        130,
        72,
        193,
        12,
        65,
        160,
        23,
        225,
        192,
        4,
        106,
        17,
        12,
        108,
        160,
        21,
        254,
        32,
        4,
        74,
        225,
        13,
        98,
        32,
        23,
        116,
        80,
        2,
        177,
        32,
        131,
        26,
        72,
        133,
        59,
        68,
        2,
        161,
        112,
        134,
        104,
        192,
        23,
        213,
        96,
        8,
        216,
        226,
        59,
        152,
        2,
        174,
        40,
        7,
        99,
        192,
        20,
        159,
        193,
        28,
        132,
        197,
        123,
        168,
        17,
        4,
        197,
        107,
        112,
        3,
        132,
        154,
        69,
        49,
        144,
        192,
        48,
        208,
        34,
        31,
        104,
        96,
        25,
        72,
        129,
        208,
        88,
        147,
        192,
        52,
        184,
        5,
        66,
        74,
        3,
        219,
        224,
        20,
        125,
        56,
        208,
        192,
        56,
        84,
        197,
        22,
        46,
        52,
        176,
        14,
        223,
        226,
        10,
        43,
        26,
        152,
        135,
        178,
        216,
        65,
        239,
        92,
        68,
        9,
        214,
        30,
        62,
        197,
        8,
        176,
        51,
        93,
        166,
        93,
        252,
        97,
        128,
        201,
        41,
        59,
        142,
        241,
        9,
        89,
        18,
        89,
        36,
        86,
        219,
        13,
        118,
        0,
        0,
        0,
        0,
        73,
        69,
        78,
        68,
        174,
        66,
        96,
        130
      ]
    },
    "stat": {
      "dev": 16777220,
      "mode": 33188,
      "nlink": 1,
      "uid": 501,
      "gid": 20,
      "rdev": 0,
      "blksize": 4194304,
      "ino": 2088801,
      "size": 844,
      "blocks": 8,
      "atime": "2018-04-17T07:59:11.795Z",
      "mtime": "2018-03-22T08:50:41.045Z",
      "ctime": "2018-03-22T08:50:41.045Z",
      "birthtime": "2018-03-22T08:50:41.045Z"
    },
    "history": [
      "/Users/jiangheng/Desktop/work-code/xxd-h5/src/mods/product/imgs/arrow_up@3x.png"
    ],
    "path": "/Users/jiangheng/Desktop/work-code/xxd-h5/src/mods/product/imgs/arrow_up@3x.png",
    "gulpCache$filePathChangedInsideTask": false,
    "gulpCache$fileBaseChangedInsideTask": false,
    "gulpCache$originalPath": "/Users/jiangheng/Desktop/work-code/xxd-h5/src/mods/product/imgs/arrow_up@3x.png",
    "gulpCache$originalBase": "/Users/jiangheng/Desktop/work-code/xxd-h5/src/mods/"
  }
]