[
  {
    "cwd": "/Users/jiangheng/Desktop/work-code/xxd-h5",
    "base": "/Users/jiangheng/Desktop/work-code/xxd-h5/src/mods/",
    "contents": {
      "type": "Buffer",
      "data": [
        137,
        80,
        78,
        71,
        13,
        10,
        26,
        10,
        0,
        0,
        0,
        13,
        73,
        72,
        68,
        82,
        0,
        0,
        0,
        66,
        0,
        0,
        0,
        61,
        8,
        6,
        0,
        0,
        0,
        25,
        32,
        191,
        252,
        0,
        0,
        2,
        228,
        73,
        68,
        65,
        84,
        120,
        218,
        236,
        155,
        61,
        104,
        20,
        65,
        20,
        199,
        199,
        151,
        83,
        8,
        154,
        68,
        99,
        171,
        98,
        35,
        106,
        33,
        126,
        32,
        162,
        213,
        137,
        31,
        88,
        88,
        248,
        129,
        96,
        64,
        136,
        98,
        37,
        114,
        87,
        8,
        162,
        133,
        133,
        34,
        150,
        17,
        197,
        109,
        196,
        70,
        16,
        21,
        59,
        11,
        45,
        68,
        131,
        136,
        130,
        165,
        130,
        95,
        160,
        32,
        4,
        108,
        212,
        66,
        84,
        130,
        39,
        126,
        197,
        255,
        203,
        205,
        226,
        184,
        108,
        110,
        119,
        111,
        103,
        119,
        102,
        54,
        243,
        224,
        199,
        205,
        236,
        205,
        206,
        205,
        254,
        120,
        187,
        92,
        222,
        228,
        102,
        52,
        26,
        13,
        97,
        40,
        86,
        130,
        99,
        96,
        57,
        120,
        11,
        206,
        129,
        199,
        101,
        47,
        34,
        8,
        130,
        201,
        215,
        154,
        33,
        9,
        155,
        192,
        109,
        208,
        43,
        251,
        171,
        193,
        46,
        176,
        31,
        92,
        51,
        177,
        32,
        178,
        64,
        66,
        24,
        61,
        224,
        10,
        216,
        55,
        29,
        68,
        196,
        73,
        120,
        23,
        89,
        143,
        17,
        25,
        100,
        88,
        194,
        45,
        176,
        4,
        92,
        52,
        45,
        163,
        102,
        88,
        194,
        30,
        240,
        3,
        28,
        150,
        199,
        14,
        69,
        100,
        136,
        178,
        158,
        25,
        100,
        129,
        4,
        142,
        9,
        41,
        195,
        88,
        102,
        144,
        5,
        18,
        132,
        13,
        50,
        168,
        100,
        9,
        215,
        193,
        238,
        24,
        9,
        198,
        101,
        212,
        74,
        150,
        48,
        12,
        126,
        39,
        156,
        59,
        97,
        226,
        153,
        65,
        150,
        73,
        48,
        150,
        25,
        100,
        161,
        4,
        35,
        50,
        200,
        82,
        9,
        165,
        203,
        32,
        139,
        37,
        148,
        42,
        131,
        44,
        151,
        80,
        154,
        12,
        114,
        64,
        66,
        41,
        50,
        200,
        17,
        9,
        133,
        203,
        32,
        135,
        36,
        20,
        42,
        131,
        28,
        147,
        80,
        152,
        12,
        114,
        80,
        66,
        33,
        50,
        200,
        81,
        9,
        218,
        101,
        144,
        195,
        18,
        180,
        202,
        32,
        199,
        37,
        104,
        147,
        65,
        21,
        144,
        160,
        69,
        6,
        85,
        68,
        66,
        110,
        25,
        84,
        33,
        9,
        185,
        100,
        80,
        197,
        36,
        116,
        45,
        131,
        42,
        40,
        161,
        43,
        25,
        84,
        81,
        9,
        153,
        101,
        80,
        133,
        37,
        100,
        146,
        193,
        7,
        86,
        84,
        88,
        66,
        162,
        140,
        102,
        179,
        89,
        15,
        59,
        141,
        138,
        75,
        72,
        146,
        113,
        148,
        27,
        92,
        206,
        95,
        170,
        188,
        209,
        2,
        159,
        192,
        217,
        152,
        137,
        120,
        179,
        246,
        42,
        248,
        224,
        192,
        69,
        247,
        131,
        33,
        209,
        222,
        87,
        157,
        25,
        121,
        143,
        247,
        84,
        190,
        202,
        49,
        28,
        139,
        66,
        17,
        47,
        64,
        93,
        30,
        236,
        149,
        25,
        50,
        85,
        156,
        0,
        155,
        193,
        83,
        139,
        37,
        44,
        6,
        143,
        192,
        130,
        148,
        227,
        95,
        135,
        169,
        49,
        34,
        13,
        165,
        137,
        121,
        224,
        146,
        229,
        217,
        112,
        38,
        131,
        132,
        150,
        28,
        63,
        153,
        17,
        99,
        96,
        3,
        56,
        9,
        214,
        196,
        164,
        18,
        199,
        28,
        48,
        95,
        182,
        215,
        202,
        254,
        184,
        165,
        34,
        234,
        74,
        251,
        11,
        248,
        28,
        51,
        230,
        23,
        120,
        206,
        18,
        130,
        32,
        120,
        22,
        138,
        224,
        120,
        5,
        246,
        118,
        152,
        252,
        0,
        184,
        172,
        244,
        107,
        22,
        103,
        68,
        159,
        210,
        62,
        15,
        78,
        165,
        57,
        169,
        200,
        11,
        154,
        13,
        142,
        128,
        141,
        57,
        63,
        231,
        39,
        184,
        7,
        46,
        128,
        239,
        69,
        45,
        182,
        40,
        17,
        179,
        192,
        40,
        88,
        175,
        105,
        190,
        45,
        96,
        27,
        216,
        10,
        254,
        20,
        177,
        224,
        162,
        254,
        45,
        96,
        72,
        163,
        4,
        245,
        79,
        128,
        29,
        174,
        101,
        196,
        170,
        200,
        147,
        249,
        110,
        142,
        185,
        182,
        43,
        235,
        92,
        7,
        110,
        186,
        36,
        66,
        205,
        180,
        143,
        96,
        103,
        142,
        185,
        248,
        169,
        63,
        160,
        124,
        207,
        17,
        46,
        221,
        26,
        206,
        133,
        23,
        225,
        69,
        120,
        17,
        94,
        132,
        23,
        225,
        69,
        120,
        17,
        94,
        132,
        23,
        225,
        69,
        120,
        17,
        94,
        132,
        73,
        17,
        115,
        189,
        136,
        105,
        18,
        105,
        235,
        17,
        209,
        74,
        48,
        87,
        126,
        59,
        149,
        204,
        6,
        149,
        118,
        43,
        231,
        26,
        191,
        137,
        127,
        245,
        136,
        131,
        34,
        185,
        182,
        209,
        175,
        180,
        199,
        117,
        139,
        120,
        32,
        218,
        91,
        128,
        61,
        178,
        191,
        48,
        195,
        133,
        140,
        230,
        20,
        193,
        133,
        219,
        97,
        217,
        238,
        19,
        255,
        87,
        169,
        147,
        226,
        190,
        238,
        91,
        99,
        76,
        200,
        61,
        194,
        140,
        241,
        82,
        164,
        44,
        167,
        119,
        136,
        227,
        224,
        77,
        23,
        231,
        157,
        6,
        79,
        116,
        103,
        4,
        7,
        239,
        17,
        60,
        20,
        237,
        2,
        234,
        64,
        194,
        88,
        206,
        30,
        222,
        74,
        188,
        161,
        225,
        214,
        120,
        47,
        218,
        63,
        153,
        230,
        45,
        252,
        101,
        74,
        86,
        78,
        21,
        188,
        107,
        119,
        71,
        100,
        252,
        157,
        249,
        95,
        1,
        6,
        0,
        162,
        129,
        247,
        181,
        124,
        142,
        142,
        177,
        0,
        0,
        0,
        0,
        73,
        69,
        78,
        68,
        174,
        66,
        96,
        130
      ]
    },
    "stat": {
      "dev": 16777220,
      "mode": 33188,
      "nlink": 1,
      "uid": 501,
      "gid": 20,
      "rdev": 0,
      "blksize": 4194304,
      "ino": 2088644,
      "size": 1654,
      "blocks": 8,
      "atime": "2018-04-17T07:59:11.787Z",
      "mtime": "2018-03-22T08:50:41.000Z",
      "ctime": "2018-03-22T08:50:41.000Z",
      "birthtime": "2018-03-22T08:50:41.000Z"
    },
    "history": [
      "/Users/jiangheng/Desktop/work-code/xxd-h5/src/mods/home/imgs/home_icon@3x.png"
    ],
    "path": "/Users/jiangheng/Desktop/work-code/xxd-h5/src/mods/home/imgs/home_icon@3x.png",
    "gulpCache$filePathChangedInsideTask": false,
    "gulpCache$fileBaseChangedInsideTask": false,
    "gulpCache$originalPath": "/Users/jiangheng/Desktop/work-code/xxd-h5/src/mods/home/imgs/home_icon@3x.png",
    "gulpCache$originalBase": "/Users/jiangheng/Desktop/work-code/xxd-h5/src/mods/"
  }
]