[
  {
    "cwd": "/Users/jiangheng/Desktop/work-code/xxd-h5",
    "base": "/Users/jiangheng/Desktop/work-code/xxd-h5/src/mods/",
    "contents": {
      "type": "Buffer",
      "data": [
        137,
        80,
        78,
        71,
        13,
        10,
        26,
        10,
        0,
        0,
        0,
        13,
        73,
        72,
        68,
        82,
        0,
        0,
        0,
        40,
        0,
        0,
        0,
        40,
        8,
        6,
        0,
        0,
        0,
        140,
        254,
        184,
        109,
        0,
        0,
        3,
        165,
        73,
        68,
        65,
        84,
        120,
        218,
        236,
        152,
        77,
        104,
        19,
        65,
        20,
        199,
        247,
        205,
        206,
        54,
        217,
        124,
        21,
        181,
        212,
        86,
        219,
        20,
        9,
        138,
        96,
        79,
        214,
        10,
        126,
        28,
        10,
        158,
        20,
        42,
        148,
        82,
        65,
        90,
        4,
        143,
        138,
        136,
        40,
        120,
        244,
        234,
        73,
        111,
        69,
        47,
        5,
        177,
        136,
        55,
        189,
        138,
        7,
        245,
        32,
        244,
        32,
        20,
        4,
        49,
        23,
        107,
        181,
        88,
        52,
        86,
        155,
        182,
        73,
        154,
        77,
        179,
        187,
        227,
        127,
        211,
        13,
        198,
        144,
        102,
        179,
        219,
        108,
        41,
        210,
        129,
        199,
        38,
        147,
        157,
        236,
        111,
        254,
        239,
        205,
        190,
        55,
        67,
        66,
        8,
        105,
        59,
        55,
        38,
        109,
        243,
        182,
        3,
        184,
        217,
        198,
        107,
        117,
        246,
        222,
        156,
        105,
        116,
        60,
        213,
        48,
        171,
        89,
        129,
        109,
        218,
        87,
        87,
        65,
        254,
        225,
        126,
        194,
        25,
        208,
        133,
        250,
        44,
        146,
        238,
        233,
        35,
        33,
        95,
        147,
        4,
        13,
        224,
        123,
        7,
        76,
        3,
        83,
        82,
        144,
        120,
        166,
        183,
        228,
        30,
        106,
        145,
        159,
        25,
        11,
        54,
        250,
        59,
        81,
        19,
        52,
        179,
        103,
        198,
        23,
        23,
        51,
        190,
        22,
        9,
        68,
        22,
        15,
        220,
        35,
        147,
        79,
        1,
        110,
        12,
        125,
        93,
        246,
        132,
        35,
        16,
        178,
        159,
        4,
        187,
        171,
        20,
        162,
        31,
        195,
        233,
        248,
        41,
        244,
        201,
        0,
        161,
        173,
        138,
        65,
        107,
        12,
        15,
        102,
        219,
        199,
        1,
        113,
        189,
        194,
        173,
        181,
        90,
        39,
        51,
        149,
        23,
        225,
        165,
        120,
        191,
        87,
        72,
        183,
        128,
        214,
        3,
        100,
        184,
        117,
        136,
        4,
        93,
        110,
        112,
        140,
        202,
        12,
        254,
        136,
        175,
        133,
        85,
        135,
        201,
        52,
        13,
        144,
        147,
        41,
        223,
        118,
        57,
        236,
        80,
        48,
        215,
        54,
        108,
        141,
        117,
        171,
        162,
        91,
        64,
        6,
        215,
        34,
        214,
        232,
        168,
        235,
        192,
        16,
        236,
        156,
        165,
        190,
        91,
        21,
        93,
        3,
        50,
        67,
        73,
        120,
        91,
        87,
        148,
        240,
        27,
        144,
        214,
        239,
        39,
        213,
        27,
        160,
        144,
        237,
        231,
        249,
        170,
        32,
        30,
        83,
        76,
        121,
        4,
        156,
        219,
        138,
        215,
        140,
        208,
        194,
        11,
        159,
        112,
        89,
        112,
        251,
        32,
        83,
        214,
        95,
        85,
        100,
        23,
        95,
        0,
        75,
        233,
        75,
        144,
        185,
        134,
        135,
        77,
        186,
        11,
        63,
        49,
        143,
        137,
        61,
        199,
        39,
        195,
        79,
        64,
        201,
        86,
        160,
        152,
        143,
        254,
        24,
        7,
        104,
        178,
        193,
        49,
        197,
        98,
        75,
        238,
        150,
        201,
        11,
        43,
        91,
        6,
        104,
        202,
        107,
        105,
        228,
        216,
        75,
        130,
        140,
        247,
        14,
        162,
        175,
        232,
        129,
        236,
        21,
        45,
        146,
        122,
        179,
        158,
        163,
        37,
        99,
        163,
        156,
        236,
        170,
        154,
        113,
        112,
        179,
        14,
        203,
        163,
        16,
        152,
        205,
        238,
        90,
        29,
        81,
        51,
        29,
        99,
        178,
        17,
        24,
        194,
        203,
        251,
        48,
        250,
        21,
        235,
        30,
        168,
        251,
        13,
        139,
        233,
        117,
        33,
        180,
        248,
        64,
        87,
        86,
        191,
        160,
        47,
        107,
        77,
        204,
        158,
        160,
        228,
        23,
        32,
        253,
        125,
        213,
        148,
        64,
        11,
        136,
        173,
        116,
        62,
        246,
        125,
        2,
        159,
        159,
        34,
        245,
        169,
        76,
        15,
        198,
        224,
        202,
        12,
        0,
        45,
        181,
        86,
        109,
        211,
        108,
        48,
        102,
        87,
        47,
        165,
        133,
        210,
        168,
        146,
        188,
        81,
        48,
        100,
        144,
        24,
        42,
        152,
        171,
        36,
        164,
        65,
        124,
        221,
        103,
        185,
        79,
        144,
        148,
        148,
        200,
        152,
        130,
        154,
        111,
        181,
        240,
        175,
        121,
        67,
        201,
        167,
        202,
        139,
        9,
        247,
        239,
        231,
        197,
        208,
        48,
        10,
        138,
        211,
        168,
        118,
        142,
        160,
        175,
        5,
        63,
        205,
        162,
        12,
        123,
        178,
        218,
        58,
        255,
        24,
        160,
        58,
        32,
        205,
        102,
        0,
        50,
        117,
        165,
        179,
        157,
        23,
        213,
        151,
        0,
        235,
        173,
        228,
        6,
        108,
        175,
        36,
        248,
        136,
        162,
        181,
        74,
        176,
        69,
        116,
        124,
        46,
        253,
        32,
        168,
        7,
        215,
        182,
        26,
        115,
        237,
        129,
        210,
        3,
        225,
        229,
        174,
        193,
        124,
        36,
        117,
        17,
        144,
        154,
        147,
        219,
        89,
        3,
        139,
        136,
        115,
        93,
        157,
        248,
        23,
        174,
        102,
        219,
        13,
        176,
        99,
        176,
        190,
        218,
        112,
        149,
        145,
        76,
        231,
        161,
        240,
        29,
        91,
        32,
        242,
        10,
        88,
        138,
        183,
        240,
        82,
        247,
        9,
        252,
        225,
        217,
        102,
        239,
        53,
        224,
        250,
        27,
        88,
        96,
        93,
        118,
        126,
        246,
        12,
        136,
        210,
        138,
        95,
        242,
        105,
        63,
        20,
        144,
        245,
        224,
        168,
        83,
        1,
        225,
        12,
        40,
        209,
        73,
        223,
        182,
        108,
        130,
        206,
        56,
        185,
        185,
        46,
        160,
        162,
        197,
        162,
        248,
        147,
        131,
        126,
        241,
        193,
        205,
        199,
        97,
        188,
        30,
        7,
        171,
        187,
        49,
        42,
        134,
        227,
        62,
        239,
        157,
        213,
        64,
        174,
        173,
        219,
        11,
        96,
        233,
        221,
        71,
        38,
        235,
        240,
        253,
        228,
        192,
        80,
        226,
        85,
        123,
        234,
        198,
        93,
        76,
        18,
        139,
        249,
        13,
        136,
        24,
        143,
        121,
        137,
        193,
        242,
        140,
        20,
        223,
        207,
        54,
        4,
        169,
        94,
        0,
        75,
        71,
        22,
        38,
        233,
        95,
        189,
        36,
        120,
        55,
        213,
        145,
        201,
        244,
        185,
        122,
        37,
        88,
        189,
        84,
        103,
        162,
        16,
        152,
        14,
        102,
        247,
        94,
        144,
        245,
        192,
        40,
        226,
        17,
        249,
        148,
        98,
        72,
        85,
        112,
        9,
        133,
        60,
        202,
        149,
        67,
        46,
        206,
        224,
        186,
        36,
        152,
        153,
        52,
        120,
        97,
        18,
        165,
        216,
        116,
        61,
        17,
        120,
        29,
        5,
        173,
        226,
        82,
        179,
        107,
        185,
        119,
        176,
        144,
        237,
        242,
        202,
        205,
        79,
        163,
        27,
        32,
        81,
        113,
        160,
        100,
        216,
        165,
        151,
        85,
        233,
        228,
        202,
        117,
        226,
        70,
        42,
        114,
        167,
        226,
        212,
        174,
        229,
        10,
        176,
        229,
        170,
        93,
        153,
        219,
        83,
        2,
        81,
        117,
        242,
        165,
        219,
        102,
        120,
        81,
        176,
        82,
        197,
        242,
        159,
        209,
        38,
        224,
        106,
        65,
        86,
        155,
        167,
        114,
        203,
        245,
        249,
        94,
        243,
        179,
        205,
        206,
        33,
        250,
        127,
        14,
        248,
        71,
        128,
        1,
        0,
        161,
        156,
        92,
        97,
        208,
        201,
        92,
        149,
        0,
        0,
        0,
        0,
        73,
        69,
        78,
        68,
        174,
        66,
        96,
        130
      ]
    },
    "stat": {
      "dev": 16777220,
      "mode": 33188,
      "nlink": 1,
      "uid": 501,
      "gid": 20,
      "rdev": 0,
      "blksize": 4194304,
      "ino": 2088717,
      "size": 1842,
      "blocks": 8,
      "atime": "2018-04-17T07:59:11.792Z",
      "mtime": "2018-03-22T08:50:41.026Z",
      "ctime": "2018-03-22T08:50:41.026Z",
      "birthtime": "2018-03-22T08:50:41.026Z"
    },
    "history": [
      "/Users/jiangheng/Desktop/work-code/xxd-h5/src/mods/mypurse/imgs/user_icon@2x.png"
    ],
    "path": "/Users/jiangheng/Desktop/work-code/xxd-h5/src/mods/mypurse/imgs/user_icon@2x.png",
    "gulpCache$filePathChangedInsideTask": false,
    "gulpCache$fileBaseChangedInsideTask": false,
    "gulpCache$originalPath": "/Users/jiangheng/Desktop/work-code/xxd-h5/src/mods/mypurse/imgs/user_icon@2x.png",
    "gulpCache$originalBase": "/Users/jiangheng/Desktop/work-code/xxd-h5/src/mods/"
  }
]