[
  {
    "cwd": "/Users/jiangheng/Desktop/work-code/xxd-h5",
    "base": "/Users/jiangheng/Desktop/work-code/xxd-h5/src/mods/",
    "contents": {
      "type": "Buffer",
      "data": [
        60,
        33,
        68,
        79,
        67,
        84,
        89,
        80,
        69,
        32,
        104,
        116,
        109,
        108,
        62,
        10,
        60,
        104,
        116,
        109,
        108,
        32,
        108,
        97,
        110,
        103,
        61,
        34,
        101,
        110,
        34,
        62,
        10,
        60,
        104,
        101,
        97,
        100,
        62,
        10,
        32,
        32,
        32,
        32,
        60,
        109,
        101,
        116,
        97,
        32,
        99,
        104,
        97,
        114,
        115,
        101,
        116,
        61,
        34,
        85,
        84,
        70,
        45,
        56,
        34,
        62,
        10,
        32,
        32,
        32,
        32,
        60,
        109,
        101,
        116,
        97,
        32,
        99,
        111,
        110,
        116,
        101,
        110,
        116,
        61,
        34,
        119,
        105,
        100,
        116,
        104,
        61,
        100,
        101,
        118,
        105,
        99,
        101,
        45,
        119,
        105,
        100,
        116,
        104,
        44,
        32,
        105,
        110,
        105,
        116,
        105,
        97,
        108,
        45,
        115,
        99,
        97,
        108,
        101,
        61,
        49,
        46,
        48,
        44,
        32,
        109,
        97,
        120,
        105,
        109,
        117,
        109,
        45,
        115,
        99,
        97,
        108,
        101,
        61,
        49,
        46,
        48,
        44,
        32,
        117,
        115,
        101,
        114,
        45,
        115,
        99,
        97,
        108,
        97,
        98,
        108,
        101,
        61,
        48,
        59,
        34,
        32,
        110,
        97,
        109,
        101,
        61,
        34,
        118,
        105,
        101,
        119,
        112,
        111,
        114,
        116,
        34,
        47,
        62,
        10,
        32,
        32,
        32,
        32,
        60,
        116,
        105,
        116,
        108,
        101,
        62,
        230,
        136,
        145,
        231,
        154,
        132,
        230,
        150,
        176,
        230,
        150,
        176,
        229,
        184,
        129,
        45,
        230,
        138,
        149,
        232,
        181,
        132,
        232,
        174,
        176,
        229,
        189,
        149,
        60,
        47,
        116,
        105,
        116,
        108,
        101,
        62,
        10,
        32,
        32,
        32,
        32,
        60,
        108,
        105,
        110,
        107,
        32,
        114,
        101,
        108,
        61,
        34,
        115,
        116,
        121,
        108,
        101,
        115,
        104,
        101,
        101,
        116,
        34,
        32,
        104,
        114,
        101,
        102,
        61,
        34,
        46,
        46,
        47,
        99,
        115,
        115,
        47,
        98,
        97,
        115,
        101,
        46,
        99,
        115,
        115,
        34,
        62,
        10,
        32,
        32,
        32,
        32,
        60,
        108,
        105,
        110,
        107,
        32,
        114,
        101,
        108,
        61,
        34,
        115,
        116,
        121,
        108,
        101,
        115,
        104,
        101,
        101,
        116,
        34,
        32,
        104,
        114,
        101,
        102,
        61,
        34,
        105,
        110,
        100,
        101,
        120,
        46,
        99,
        115,
        115,
        34,
        62,
        10,
        32,
        32,
        32,
        32,
        60,
        115,
        99,
        114,
        105,
        112,
        116,
        32,
        115,
        114,
        99,
        61,
        34,
        46,
        46,
        47,
        98,
        97,
        115,
        101,
        46,
        106,
        115,
        34,
        62,
        60,
        47,
        115,
        99,
        114,
        105,
        112,
        116,
        62,
        10,
        60,
        47,
        104,
        101,
        97,
        100,
        62,
        10,
        60,
        98,
        111,
        100,
        121,
        62,
        10,
        60,
        100,
        105,
        118,
        32,
        99,
        108,
        97,
        115,
        115,
        61,
        34,
        120,
        120,
        98,
        45,
        98,
        111,
        120,
        32,
        112,
        111,
        115,
        105,
        116,
        105,
        111,
        110,
        45,
        97,
        34,
        62,
        10,
        32,
        32,
        32,
        32,
        60,
        100,
        105,
        118,
        32,
        99,
        108,
        97,
        115,
        115,
        61,
        34,
        99,
        111,
        109,
        109,
        111,
        110,
        45,
        104,
        101,
        97,
        100,
        101,
        114,
        32,
        120,
        120,
        98,
        45,
        104,
        101,
        97,
        100,
        101,
        114,
        34,
        62,
        10,
        32,
        32,
        32,
        32,
        32,
        32,
        32,
        32,
        60,
        97,
        32,
        104,
        114,
        101,
        102,
        61,
        34,
        35,
        34,
        32,
        99,
        108,
        97,
        115,
        115,
        61,
        34,
        97,
        114,
        114,
        111,
        119,
        45,
        108,
        101,
        102,
        116,
        45,
        105,
        99,
        111,
        110,
        32,
        104,
        101,
        97,
        100,
        101,
        114,
        45,
        108,
        101,
        102,
        116,
        45,
        97,
        114,
        114,
        111,
        119,
        34,
        62,
        60,
        47,
        97,
        62,
        10,
        32,
        32,
        32,
        32,
        32,
        32,
        32,
        32,
        60,
        100,
        105,
        118,
        32,
        99,
        108,
        97,
        115,
        115,
        61,
        34,
        99,
        111,
        109,
        109,
        111,
        110,
        45,
        104,
        101,
        97,
        100,
        101,
        114,
        45,
        116,
        105,
        116,
        34,
        62,
        230,
        138,
        149,
        232,
        181,
        132,
        232,
        174,
        176,
        229,
        189,
        149,
        60,
        47,
        100,
        105,
        118,
        62,
        10,
        32,
        32,
        32,
        32,
        60,
        47,
        100,
        105,
        118,
        62,
        10,
        32,
        32,
        32,
        32,
        60,
        100,
        105,
        118,
        32,
        99,
        108,
        97,
        115,
        115,
        61,
        34,
        104,
        105,
        115,
        116,
        111,
        114,
        121,
        45,
        99,
        111,
        110,
        116,
        97,
        105,
        110,
        101,
        114,
        32,
        112,
        111,
        115,
        105,
        116,
        105,
        111,
        110,
        45,
        97,
        34,
        62,
        10,
        32,
        32,
        32,
        32,
        32,
        32,
        32,
        32,
        60,
        117,
        108,
        32,
        99,
        108,
        97,
        115,
        115,
        61,
        34,
        116,
        97,
        98,
        45,
        119,
        114,
        97,
        112,
        112,
        101,
        114,
        34,
        62,
        10,
        32,
        32,
        32,
        32,
        32,
        32,
        32,
        32,
        32,
        32,
        32,
        32,
        60,
        108,
        105,
        32,
        99,
        108,
        97,
        115,
        115,
        61,
        34,
        116,
        97,
        98,
        45,
        108,
        105,
        110,
        107,
        32,
        116,
        97,
        98,
        45,
        108,
        105,
        110,
        107,
        45,
        97,
        99,
        116,
        34,
        62,
        60,
        97,
        32,
        104,
        114,
        101,
        102,
        61,
        34,
        35,
        34,
        62,
        229,
        189,
        147,
        229,
        137,
        141,
        230,
        138,
        149,
        232,
        181,
        132,
        60,
        47,
        97,
        62,
        60,
        47,
        108,
        105,
        62,
        10,
        32,
        32,
        32,
        32,
        32,
        32,
        32,
        32,
        32,
        32,
        32,
        32,
        60,
        108,
        105,
        32,
        99,
        108,
        97,
        115,
        115,
        61,
        34,
        116,
        97,
        98,
        45,
        108,
        105,
        110,
        107,
        34,
        62,
        60,
        97,
        32,
        104,
        114,
        101,
        102,
        61,
        34,
        35,
        34,
        62,
        229,
        142,
        134,
        229,
        143,
        178,
        230,
        138,
        149,
        232,
        181,
        132,
        60,
        47,
        97,
        62,
        60,
        47,
        108,
        105,
        62,
        10,
        32,
        32,
        32,
        32,
        32,
        32,
        32,
        32,
        60,
        47,
        117,
        108,
        62,
        10,
        32,
        32,
        32,
        32,
        32,
        32,
        32,
        32,
        60,
        100,
        105,
        118,
        32,
        99,
        108,
        97,
        115,
        115,
        61,
        34,
        102,
        105,
        108,
        116,
        101,
        114,
        45,
        119,
        114,
        97,
        112,
        112,
        101,
        114,
        34,
        62,
        10,
        32,
        32,
        32,
        32,
        32,
        32,
        32,
        32,
        32,
        32,
        32,
        32,
        60,
        112,
        32,
        99,
        108,
        97,
        115,
        115,
        61,
        34,
        102,
        105,
        108,
        116,
        101,
        114,
        45,
        118,
        97,
        108,
        117,
        101,
        34,
        32,
        62,
        230,
        137,
        128,
        230,
        156,
        137,
        228,
        186,
        167,
        229,
        147,
        129,
        60,
        47,
        112,
        62,
        10,
        32,
        32,
        32,
        32,
        32,
        32,
        32,
        32,
        32,
        32,
        32,
        32,
        60,
        33,
        45,
        45,
        98,
        108,
        111,
        99,
        107,
        32,
        231,
        177,
        187,
        229,
        144,
        141,
        230,
        142,
        167,
        229,
        136,
        182,
        230,
        152,
        190,
        231,
        164,
        186,
        233,
        154,
        144,
        232,
        151,
        143,
        45,
        45,
        62,
        10,
        32,
        32,
        32,
        32,
        32,
        32,
        32,
        32,
        32,
        32,
        32,
        32,
        60,
        117,
        108,
        32,
        62,
        10,
        32,
        32,
        32,
        32,
        32,
        32,
        32,
        32,
        32,
        32,
        32,
        32,
        32,
        32,
        32,
        32,
        60,
        108,
        105,
        62,
        230,
        150,
        176,
        230,
        137,
        139,
        228,
        186,
        167,
        229,
        147,
        129,
        51,
        48,
        229,
        164,
        169,
        60,
        47,
        108,
        105,
        62,
        10,
        32,
        32,
        32,
        32,
        32,
        32,
        32,
        32,
        32,
        32,
        32,
        32,
        32,
        32,
        32,
        32,
        60,
        108,
        105,
        62,
        230,
        156,
        136,
        230,
        156,
        136,
        230,
        180,
        190,
        60,
        47,
        108,
        105,
        62,
        10,
        32,
        32,
        32,
        32,
        32,
        32,
        32,
        32,
        32,
        32,
        32,
        32,
        32,
        32,
        32,
        32,
        60,
        108,
        105,
        62,
        230,
        173,
        165,
        230,
        173,
        165,
        233,
        171,
        152,
        229,
        141,
        135,
        60,
        47,
        108,
        105,
        62,
        10,
        32,
        32,
        32,
        32,
        32,
        32,
        32,
        32,
        32,
        32,
        32,
        32,
        32,
        32,
        32,
        32,
        60,
        108,
        105,
        62,
        230,
        150,
        176,
        229,
        133,
        131,
        229,
        174,
        157,
        60,
        47,
        108,
        105,
        62,
        10,
        32,
        32,
        32,
        32,
        32,
        32,
        32,
        32,
        32,
        32,
        32,
        32,
        32,
        32,
        32,
        32,
        60,
        108,
        105,
        62,
        230,
        149,
        163,
        230,
        160,
        135,
        229,
        128,
        186,
        230,
        157,
        131,
        60,
        47,
        108,
        105,
        62,
        10,
        32,
        32,
        32,
        32,
        32,
        32,
        32,
        32,
        32,
        32,
        32,
        32,
        32,
        32,
        32,
        32,
        60,
        108,
        105,
        62,
        230,
        156,
        136,
        232,
        191,
        155,
        230,
        150,
        151,
        233,
        135,
        145,
        60,
        47,
        108,
        105,
        62,
        10,
        32,
        32,
        32,
        32,
        32,
        32,
        32,
        32,
        32,
        32,
        32,
        32,
        60,
        47,
        117,
        108,
        62,
        10,
        32,
        32,
        32,
        32,
        32,
        32,
        32,
        32,
        32,
        32,
        32,
        32,
        60,
        33,
        45,
        45,
        60,
        115,
        101,
        108,
        101,
        99,
        116,
        32,
        110,
        97,
        109,
        101,
        61,
        34,
        34,
        32,
        105,
        100,
        61,
        34,
        34,
        62,
        45,
        45,
        62,
        10,
        32,
        32,
        32,
        32,
        32,
        32,
        32,
        32,
        32,
        32,
        32,
        32,
        32,
        32,
        32,
        32,
        60,
        33,
        45,
        45,
        60,
        111,
        112,
        116,
        105,
        111,
        110,
        32,
        118,
        97,
        108,
        117,
        101,
        61,
        34,
        34,
        62,
        230,
        137,
        128,
        230,
        156,
        137,
        228,
        186,
        167,
        229,
        147,
        129,
        60,
        47,
        111,
        112,
        116,
        105,
        111,
        110,
        62,
        45,
        45,
        62,
        10,
        32,
        32,
        32,
        32,
        32,
        32,
        32,
        32,
        32,
        32,
        32,
        32,
        32,
        32,
        32,
        32,
        60,
        33,
        45,
        45,
        60,
        111,
        112,
        116,
        105,
        111,
        110,
        62,
        230,
        150,
        176,
        230,
        137,
        139,
        228,
        186,
        167,
        229,
        147,
        129,
        51,
        48,
        229,
        164,
        169,
        60,
        47,
        111,
        112,
        116,
        105,
        111,
        110,
        62,
        45,
        45,
        62,
        10,
        32,
        32,
        32,
        32,
        32,
        32,
        32,
        32,
        32,
        32,
        32,
        32,
        32,
        32,
        32,
        32,
        60,
        33,
        45,
        45,
        60,
        111,
        112,
        116,
        105,
        111,
        110,
        62,
        230,
        156,
        136,
        230,
        156,
        136,
        230,
        180,
        190,
        60,
        47,
        111,
        112,
        116,
        105,
        111,
        110,
        62,
        45,
        45,
        62,
        10,
        32,
        32,
        32,
        32,
        32,
        32,
        32,
        32,
        32,
        32,
        32,
        32,
        32,
        32,
        32,
        32,
        60,
        33,
        45,
        45,
        60,
        111,
        112,
        116,
        105,
        111,
        110,
        62,
        230,
        173,
        165,
        230,
        173,
        165,
        233,
        171,
        152,
        229,
        141,
        135,
        60,
        47,
        111,
        112,
        116,
        105,
        111,
        110,
        62,
        45,
        45,
        62,
        10,
        32,
        32,
        32,
        32,
        32,
        32,
        32,
        32,
        32,
        32,
        32,
        32,
        32,
        32,
        32,
        32,
        60,
        33,
        45,
        45,
        60,
        111,
        112,
        116,
        105,
        111,
        110,
        62,
        230,
        150,
        176,
        229,
        133,
        131,
        229,
        174,
        157,
        60,
        47,
        111,
        112,
        116,
        105,
        111,
        110,
        62,
        45,
        45,
        62,
        10,
        32,
        32,
        32,
        32,
        32,
        32,
        32,
        32,
        32,
        32,
        32,
        32,
        32,
        32,
        32,
        32,
        60,
        33,
        45,
        45,
        60,
        111,
        112,
        116,
        105,
        111,
        110,
        62,
        230,
        149,
        163,
        230,
        160,
        135,
        229,
        128,
        186,
        230,
        157,
        131,
        60,
        47,
        111,
        112,
        116,
        105,
        111,
        110,
        62,
        45,
        45,
        62,
        10,
        32,
        32,
        32,
        32,
        32,
        32,
        32,
        32,
        32,
        32,
        32,
        32,
        32,
        32,
        32,
        32,
        60,
        33,
        45,
        45,
        60,
        111,
        112,
        116,
        105,
        111,
        110,
        62,
        230,
        156,
        136,
        232,
        191,
        155,
        230,
        150,
        151,
        233,
        135,
        145,
        60,
        47,
        111,
        112,
        116,
        105,
        111,
        110,
        62,
        45,
        45,
        62,
        10,
        32,
        32,
        32,
        32,
        32,
        32,
        32,
        32,
        32,
        32,
        32,
        32,
        60,
        33,
        45,
        45,
        60,
        47,
        115,
        101,
        108,
        101,
        99,
        116,
        62,
        45,
        45,
        62,
        10,
        32,
        32,
        32,
        32,
        32,
        32,
        32,
        32,
        60,
        47,
        100,
        105,
        118,
        62,
        10,
        32,
        32,
        32,
        32,
        32,
        32,
        32,
        32,
        60,
        117,
        108,
        32,
        99,
        108,
        97,
        115,
        115,
        61,
        34,
        99,
        111,
        110,
        116,
        101,
        110,
        116,
        45,
        119,
        114,
        97,
        112,
        112,
        101,
        114,
        34,
        62,
        10,
        32,
        32,
        32,
        32,
        32,
        32,
        32,
        32,
        32,
        32,
        32,
        32,
        60,
        108,
        105,
        62,
        10,
        32,
        32,
        32,
        32,
        32,
        32,
        32,
        32,
        32,
        32,
        32,
        32,
        32,
        32,
        32,
        32,
        60,
        112,
        32,
        99,
        108,
        97,
        115,
        115,
        61,
        34,
        112,
        114,
        111,
        100,
        117,
        99,
        116,
        45,
        110,
        97,
        109,
        101,
        34,
        62,
        230,
        150,
        176,
        230,
        137,
        139,
        228,
        186,
        167,
        229,
        147,
        129,
        51,
        48,
        229,
        164,
        169,
        32,
        60,
        115,
        112,
        97,
        110,
        32,
        99,
        108,
        97,
        115,
        115,
        61,
        34,
        116,
        105,
        112,
        115,
        34,
        62,
        233,
        148,
        129,
        229,
        174,
        154,
        230,
        156,
        159,
        60,
        47,
        115,
        112,
        97,
        110,
        62,
        60,
        47,
        112,
        62,
        10,
        32,
        32,
        32,
        32,
        32,
        32,
        32,
        32,
        32,
        32,
        32,
        32,
        32,
        32,
        32,
        32,
        60,
        100,
        105,
        118,
        32,
        99,
        108,
        97,
        115,
        115,
        61,
        34,
        100,
        101,
        116,
        97,
        105,
        108,
        32,
        100,
        105,
        115,
        45,
        102,
        108,
        101,
        120,
        45,
        114,
        111,
        119,
        34,
        62,
        10,
        32,
        32,
        32,
        32,
        32,
        32,
        32,
        32,
        32,
        32,
        32,
        32,
        32,
        32,
        32,
        32,
        32,
        32,
        32,
        32,
        60,
        100,
        105,
        118,
        32,
        99,
        108,
        97,
        115,
        115,
        61,
        34,
        99,
        111,
        108,
        117,
        109,
        110,
        34,
        62,
        10,
        32,
        32,
        32,
        32,
        32,
        32,
        32,
        32,
        32,
        32,
        32,
        32,
        32,
        32,
        32,
        32,
        32,
        32,
        32,
        32,
        32,
        32,
        32,
        32,
        60,
        112,
        62,
        230,
        138,
        149,
        232,
        181,
        132,
        233,
        135,
        145,
        233,
        162,
        157,
        239,
        188,
        154,
        60,
        115,
        112,
        97,
        110,
        32,
        99,
        108,
        97,
        115,
        115,
        61,
        34,
        97,
        109,
        111,
        117,
        110,
        116,
        34,
        62,
        49,
        48,
        48,
        48,
        48,
        48,
        229,
        133,
        131,
        60,
        47,
        115,
        112,
        97,
        110,
        62,
        60,
        47,
        112,
        62,
        10,
        32,
        32,
        32,
        32,
        32,
        32,
        32,
        32,
        32,
        32,
        32,
        32,
        32,
        32,
        32,
        32,
        32,
        32,
        32,
        32,
        32,
        32,
        32,
        32,
        60,
        112,
        62,
        230,
        138,
        149,
        232,
        181,
        132,
        230,
        151,
        182,
        233,
        151,
        180,
        239,
        188,
        154,
        60,
        115,
        112,
        97,
        110,
        62,
        50,
        48,
        49,
        55,
        45,
        49,
        48,
        45,
        49,
        49,
        60,
        47,
        115,
        112,
        97,
        110,
        62,
        60,
        47,
        112,
        62,
        10,
        32,
        32,
        32,
        32,
        32,
        32,
        32,
        32,
        32,
        32,
        32,
        32,
        32,
        32,
        32,
        32,
        32,
        32,
        32,
        32,
        32,
        32,
        32,
        32,
        60,
        112,
        62,
        229,
        136,
        176,
        230,
        156,
        159,
        230,
        151,
        182,
        233,
        151,
        180,
        239,
        188,
        154,
        60,
        115,
        112,
        97,
        110,
        62,
        50,
        48,
        49,
        55,
        45,
        49,
        48,
        45,
        49,
        49,
        60,
        47,
        115,
        112,
        97,
        110,
        62,
        60,
        47,
        112,
        62,
        10,
        32,
        32,
        32,
        32,
        32,
        32,
        32,
        32,
        32,
        32,
        32,
        32,
        32,
        32,
        32,
        32,
        32,
        32,
        32,
        32,
        60,
        47,
        100,
        105,
        118,
        62,
        10,
        32,
        32,
        32,
        32,
        32,
        32,
        32,
        32,
        32,
        32,
        32,
        32,
        32,
        32,
        32,
        32,
        32,
        32,
        32,
        32,
        60,
        100,
        105,
        118,
        32,
        99,
        108,
        97,
        115,
        115,
        61,
        34,
        99,
        111,
        108,
        117,
        109,
        110,
        34,
        62,
        10,
        32,
        32,
        32,
        32,
        32,
        32,
        32,
        32,
        32,
        32,
        32,
        32,
        32,
        32,
        32,
        32,
        32,
        32,
        32,
        32,
        32,
        32,
        32,
        32,
        60,
        112,
        62,
        229,
        190,
        133,
        230,
        148,
        182,
        230,
        148,
        182,
        231,
        155,
        138,
        239,
        188,
        154,
        60,
        115,
        112,
        97,
        110,
        32,
        99,
        108,
        97,
        115,
        115,
        61,
        34,
        105,
        110,
        99,
        111,
        109,
        101,
        34,
        62,
        50,
        53,
        46,
        53,
        229,
        133,
        131,
        60,
        47,
        115,
        112,
        97,
        110,
        62,
        60,
        47,
        112,
        62,
        10,
        32,
        32,
        32,
        32,
        32,
        32,
        32,
        32,
        32,
        32,
        32,
        32,
        32,
        32,
        32,
        32,
        32,
        32,
        32,
        32,
        32,
        32,
        32,
        32,
        60,
        112,
        62,
        229,
        142,
        134,
        229,
        143,
        178,
        229,
        185,
        180,
        229,
        140,
        150,
        239,
        188,
        154,
        60,
        115,
        112,
        97,
        110,
        62,
        49,
        50,
        37,
        60,
        47,
        115,
        112,
        97,
        110,
        62,
        60,
        47,
        112,
        62,
        10,
        32,
        32,
        32,
        32,
        32,
        32,
        32,
        32,
        32,
        32,
        32,
        32,
        32,
        32,
        32,
        32,
        32,
        32,
        32,
        32,
        32,
        32,
        32,
        32,
        60,
        112,
        62,
        230,
        136,
        145,
        231,
        154,
        132,
        229,
        128,
        186,
        230,
        157,
        131,
        239,
        188,
        154,
        60,
        97,
        32,
        104,
        114,
        101,
        102,
        61,
        34,
        35,
        34,
        62,
        231,
        130,
        185,
        229,
        135,
        187,
        230,
        159,
        165,
        231,
        156,
        139,
        60,
        47,
        97,
        62,
        60,
        47,
        112,
        62,
        10,
        32,
        32,
        32,
        32,
        32,
        32,
        32,
        32,
        32,
        32,
        32,
        32,
        32,
        32,
        32,
        32,
        32,
        32,
        32,
        32,
        60,
        47,
        100,
        105,
        118,
        62,
        10,
        32,
        32,
        32,
        32,
        32,
        32,
        32,
        32,
        32,
        32,
        32,
        32,
        32,
        32,
        32,
        32,
        60,
        47,
        100,
        105,
        118,
        62,
        10,
        32,
        32,
        32,
        32,
        32,
        32,
        32,
        32,
        32,
        32,
        32,
        32,
        60,
        47,
        108,
        105,
        62,
        10,
        32,
        32,
        32,
        32,
        32,
        32,
        32,
        32,
        32,
        32,
        32,
        32,
        60,
        108,
        105,
        62,
        10,
        32,
        32,
        32,
        32,
        32,
        32,
        32,
        32,
        32,
        32,
        32,
        32,
        32,
        32,
        32,
        32,
        60,
        112,
        32,
        99,
        108,
        97,
        115,
        115,
        61,
        34,
        112,
        114,
        111,
        100,
        117,
        99,
        116,
        45,
        110,
        97,
        109,
        101,
        34,
        62,
        230,
        156,
        136,
        232,
        191,
        155,
        230,
        150,
        151,
        233,
        135,
        145,
        60,
        115,
        112,
        97,
        110,
        32,
        99,
        108,
        97,
        115,
        115,
        61,
        34,
        116,
        105,
        112,
        115,
        34,
        62,
        230,
        148,
        182,
        231,
        155,
        138,
        228,
        184,
        173,
        60,
        47,
        115,
        112,
        97,
        110,
        62,
        60,
        47,
        112,
        62,
        10,
        32,
        32,
        32,
        32,
        32,
        32,
        32,
        32,
        32,
        32,
        32,
        32,
        32,
        32,
        32,
        32,
        60,
        100,
        105,
        118,
        32,
        99,
        108,
        97,
        115,
        115,
        61,
        34,
        100,
        101,
        116,
        97,
        105,
        108,
        32,
        100,
        105,
        115,
        45,
        102,
        108,
        101,
        120,
        45,
        114,
        111,
        119,
        34,
        62,
        10,
        32,
        32,
        32,
        32,
        32,
        32,
        32,
        32,
        32,
        32,
        32,
        32,
        32,
        32,
        32,
        32,
        32,
        32,
        32,
        32,
        60,
        100,
        105,
        118,
        32,
        99,
        108,
        97,
        115,
        115,
        61,
        34,
        99,
        111,
        108,
        117,
        109,
        110,
        34,
        62,
        10,
        32,
        32,
        32,
        32,
        32,
        32,
        32,
        32,
        32,
        32,
        32,
        32,
        32,
        32,
        32,
        32,
        32,
        32,
        32,
        32,
        32,
        32,
        32,
        32,
        60,
        112,
        62,
        230,
        138,
        149,
        232,
        181,
        132,
        233,
        135,
        145,
        233,
        162,
        157,
        239,
        188,
        154,
        60,
        115,
        112,
        97,
        110,
        32,
        99,
        108,
        97,
        115,
        115,
        61,
        34,
        97,
        109,
        111,
        117,
        110,
        116,
        34,
        62,
        49,
        48,
        48,
        48,
        48,
        48,
        229,
        133,
        131,
        60,
        47,
        115,
        112,
        97,
        110,
        62,
        60,
        47,
        112,
        62,
        10,
        32,
        32,
        32,
        32,
        32,
        32,
        32,
        32,
        32,
        32,
        32,
        32,
        32,
        32,
        32,
        32,
        32,
        32,
        32,
        32,
        32,
        32,
        32,
        32,
        60,
        112,
        62,
        230,
        138,
        149,
        232,
        181,
        132,
        230,
        151,
        182,
        233,
        151,
        180,
        239,
        188,
        154,
        60,
        115,
        112,
        97,
        110,
        62,
        50,
        48,
        49,
        55,
        45,
        49,
        48,
        45,
        49,
        49,
        60,
        47,
        115,
        112,
        97,
        110,
        62,
        60,
        47,
        112,
        62,
        10,
        32,
        32,
        32,
        32,
        32,
        32,
        32,
        32,
        32,
        32,
        32,
        32,
        32,
        32,
        32,
        32,
        32,
        32,
        32,
        32,
        32,
        32,
        32,
        32,
        60,
        112,
        62,
        229,
        136,
        176,
        230,
        156,
        159,
        230,
        151,
        182,
        233,
        151,
        180,
        239,
        188,
        154,
        60,
        115,
        112,
        97,
        110,
        62,
        50,
        48,
        49,
        55,
        45,
        49,
        48,
        45,
        49,
        49,
        60,
        47,
        115,
        112,
        97,
        110,
        62,
        60,
        47,
        112,
        62,
        10,
        32,
        32,
        32,
        32,
        32,
        32,
        32,
        32,
        32,
        32,
        32,
        32,
        32,
        32,
        32,
        32,
        32,
        32,
        32,
        32,
        60,
        47,
        100,
        105,
        118,
        62,
        10,
        32,
        32,
        32,
        32,
        32,
        32,
        32,
        32,
        32,
        32,
        32,
        32,
        32,
        32,
        32,
        32,
        32,
        32,
        32,
        32,
        60,
        100,
        105,
        118,
        32,
        99,
        108,
        97,
        115,
        115,
        61,
        34,
        99,
        111,
        108,
        117,
        109,
        110,
        34,
        62,
        10,
        32,
        32,
        32,
        32,
        32,
        32,
        32,
        32,
        32,
        32,
        32,
        32,
        32,
        32,
        32,
        32,
        32,
        32,
        32,
        32,
        32,
        32,
        32,
        32,
        60,
        112,
        62,
        229,
        190,
        133,
        230,
        148,
        182,
        230,
        148,
        182,
        231,
        155,
        138,
        239,
        188,
        154,
        60,
        115,
        112,
        97,
        110,
        32,
        99,
        108,
        97,
        115,
        115,
        61,
        34,
        105,
        110,
        99,
        111,
        109,
        101,
        34,
        62,
        50,
        53,
        46,
        53,
        229,
        133,
        131,
        60,
        47,
        115,
        112,
        97,
        110,
        62,
        60,
        47,
        112,
        62,
        10,
        32,
        32,
        32,
        32,
        32,
        32,
        32,
        32,
        32,
        32,
        32,
        32,
        32,
        32,
        32,
        32,
        32,
        32,
        32,
        32,
        32,
        32,
        32,
        32,
        60,
        112,
        62,
        229,
        142,
        134,
        229,
        143,
        178,
        229,
        185,
        180,
        229,
        140,
        150,
        239,
        188,
        154,
        60,
        115,
        112,
        97,
        110,
        62,
        49,
        50,
        37,
        60,
        47,
        115,
        112,
        97,
        110,
        62,
        60,
        47,
        112,
        62,
        10,
        32,
        32,
        32,
        32,
        32,
        32,
        32,
        32,
        32,
        32,
        32,
        32,
        32,
        32,
        32,
        32,
        32,
        32,
        32,
        32,
        32,
        32,
        32,
        32,
        60,
        112,
        62,
        230,
        136,
        145,
        231,
        154,
        132,
        229,
        128,
        186,
        230,
        157,
        131,
        239,
        188,
        154,
        60,
        97,
        32,
        104,
        114,
        101,
        102,
        61,
        34,
        35,
        34,
        62,
        231,
        130,
        185,
        229,
        135,
        187,
        230,
        159,
        165,
        231,
        156,
        139,
        60,
        47,
        97,
        62,
        60,
        47,
        112,
        62,
        10,
        32,
        32,
        32,
        32,
        32,
        32,
        32,
        32,
        32,
        32,
        32,
        32,
        32,
        32,
        32,
        32,
        32,
        32,
        32,
        32,
        60,
        47,
        100,
        105,
        118,
        62,
        10,
        32,
        32,
        32,
        32,
        32,
        32,
        32,
        32,
        32,
        32,
        32,
        32,
        32,
        32,
        32,
        32,
        60,
        47,
        100,
        105,
        118,
        62,
        10,
        32,
        32,
        32,
        32,
        32,
        32,
        32,
        32,
        32,
        32,
        32,
        32,
        60,
        47,
        108,
        105,
        62,
        10,
        32,
        32,
        32,
        32,
        32,
        32,
        32,
        32,
        32,
        32,
        32,
        32,
        60,
        108,
        105,
        62,
        10,
        32,
        32,
        32,
        32,
        32,
        32,
        32,
        32,
        32,
        32,
        32,
        32,
        32,
        32,
        32,
        32,
        60,
        112,
        32,
        99,
        108,
        97,
        115,
        115,
        61,
        34,
        112,
        114,
        111,
        100,
        117,
        99,
        116,
        45,
        110,
        97,
        109,
        101,
        34,
        62,
        230,
        150,
        176,
        229,
        133,
        131,
        229,
        174,
        157,
        49,
        228,
        184,
        170,
        230,
        156,
        136,
        229,
        138,
        160,
        230,
        129,
        175,
        50,
        37,
        60,
        115,
        112,
        97,
        110,
        32,
        99,
        108,
        97,
        115,
        115,
        61,
        34,
        116,
        105,
        112,
        115,
        34,
        62,
        230,
        140,
        129,
        230,
        156,
        137,
        228,
        184,
        173,
        60,
        47,
        115,
        112,
        97,
        110,
        62,
        60,
        47,
        112,
        62,
        10,
        32,
        32,
        32,
        32,
        32,
        32,
        32,
        32,
        32,
        32,
        32,
        32,
        32,
        32,
        32,
        32,
        60,
        100,
        105,
        118,
        32,
        99,
        108,
        97,
        115,
        115,
        61,
        34,
        100,
        101,
        116,
        97,
        105,
        108,
        32,
        100,
        105,
        115,
        45,
        102,
        108,
        101,
        120,
        45,
        114,
        111,
        119,
        34,
        62,
        10,
        32,
        32,
        32,
        32,
        32,
        32,
        32,
        32,
        32,
        32,
        32,
        32,
        32,
        32,
        32,
        32,
        32,
        32,
        32,
        32,
        60,
        100,
        105,
        118,
        32,
        99,
        108,
        97,
        115,
        115,
        61,
        34,
        99,
        111,
        108,
        117,
        109,
        110,
        34,
        62,
        10,
        32,
        32,
        32,
        32,
        32,
        32,
        32,
        32,
        32,
        32,
        32,
        32,
        32,
        32,
        32,
        32,
        32,
        32,
        32,
        32,
        32,
        32,
        32,
        32,
        60,
        112,
        62,
        230,
        138,
        149,
        232,
        181,
        132,
        233,
        135,
        145,
        233,
        162,
        157,
        239,
        188,
        154,
        60,
        115,
        112,
        97,
        110,
        32,
        99,
        108,
        97,
        115,
        115,
        61,
        34,
        97,
        109,
        111,
        117,
        110,
        116,
        34,
        62,
        49,
        48,
        48,
        48,
        48,
        48,
        229,
        133,
        131,
        60,
        47,
        115,
        112,
        97,
        110,
        62,
        60,
        47,
        112,
        62,
        10,
        32,
        32,
        32,
        32,
        32,
        32,
        32,
        32,
        32,
        32,
        32,
        32,
        32,
        32,
        32,
        32,
        32,
        32,
        32,
        32,
        32,
        32,
        32,
        32,
        60,
        112,
        62,
        230,
        138,
        149,
        232,
        181,
        132,
        230,
        151,
        182,
        233,
        151,
        180,
        239,
        188,
        154,
        60,
        115,
        112,
        97,
        110,
        62,
        50,
        48,
        49,
        55,
        45,
        49,
        48,
        45,
        49,
        49,
        60,
        47,
        115,
        112,
        97,
        110,
        62,
        60,
        47,
        112,
        62,
        10,
        32,
        32,
        32,
        32,
        32,
        32,
        32,
        32,
        32,
        32,
        32,
        32,
        32,
        32,
        32,
        32,
        32,
        32,
        32,
        32,
        32,
        32,
        32,
        32,
        60,
        112,
        62,
        229,
        136,
        176,
        230,
        156,
        159,
        230,
        151,
        182,
        233,
        151,
        180,
        239,
        188,
        154,
        60,
        115,
        112,
        97,
        110,
        62,
        50,
        48,
        49,
        55,
        45,
        49,
        48,
        45,
        49,
        49,
        60,
        47,
        115,
        112,
        97,
        110,
        62,
        60,
        47,
        112,
        62,
        10,
        32,
        32,
        32,
        32,
        32,
        32,
        32,
        32,
        32,
        32,
        32,
        32,
        32,
        32,
        32,
        32,
        32,
        32,
        32,
        32,
        32,
        32,
        32,
        32,
        60,
        112,
        62,
        229,
        138,
        160,
        229,
        133,
        165,
        232,
        174,
        176,
        229,
        189,
        149,
        239,
        188,
        154,
        60,
        97,
        32,
        104,
        114,
        101,
        102,
        61,
        34,
        35,
        34,
        62,
        231,
        130,
        185,
        229,
        135,
        187,
        230,
        159,
        165,
        231,
        156,
        139,
        60,
        47,
        97,
        62,
        60,
        47,
        112,
        62,
        10,
        32,
        32,
        32,
        32,
        32,
        32,
        32,
        32,
        32,
        32,
        32,
        32,
        32,
        32,
        32,
        32,
        32,
        32,
        32,
        32,
        60,
        47,
        100,
        105,
        118,
        62,
        10,
        32,
        32,
        32,
        32,
        32,
        32,
        32,
        32,
        32,
        32,
        32,
        32,
        32,
        32,
        32,
        32,
        32,
        32,
        32,
        32,
        60,
        100,
        105,
        118,
        32,
        99,
        108,
        97,
        115,
        115,
        61,
        34,
        99,
        111,
        108,
        117,
        109,
        110,
        34,
        62,
        10,
        32,
        32,
        32,
        32,
        32,
        32,
        32,
        32,
        32,
        32,
        32,
        32,
        32,
        32,
        32,
        32,
        32,
        32,
        32,
        32,
        32,
        32,
        32,
        32,
        60,
        112,
        62,
        229,
        190,
        133,
        230,
        148,
        182,
        230,
        148,
        182,
        231,
        155,
        138,
        239,
        188,
        154,
        60,
        115,
        112,
        97,
        110,
        32,
        99,
        108,
        97,
        115,
        115,
        61,
        34,
        105,
        110,
        99,
        111,
        109,
        101,
        34,
        62,
        50,
        53,
        46,
        53,
        229,
        133,
        131,
        60,
        47,
        115,
        112,
        97,
        110,
        62,
        60,
        47,
        112,
        62,
        10,
        32,
        32,
        32,
        32,
        32,
        32,
        32,
        32,
        32,
        32,
        32,
        32,
        32,
        32,
        32,
        32,
        32,
        32,
        32,
        32,
        32,
        32,
        32,
        32,
        60,
        112,
        62,
        229,
        142,
        134,
        229,
        143,
        178,
        229,
        185,
        180,
        229,
        140,
        150,
        239,
        188,
        154,
        60,
        115,
        112,
        97,
        110,
        62,
        49,
        50,
        37,
        60,
        47,
        115,
        112,
        97,
        110,
        62,
        60,
        47,
        112,
        62,
        10,
        32,
        32,
        32,
        32,
        32,
        32,
        32,
        32,
        32,
        32,
        32,
        32,
        32,
        32,
        32,
        32,
        32,
        32,
        32,
        32,
        32,
        32,
        32,
        32,
        60,
        112,
        62,
        230,
        136,
        145,
        231,
        154,
        132,
        229,
        128,
        186,
        230,
        157,
        131,
        239,
        188,
        154,
        60,
        97,
        32,
        104,
        114,
        101,
        102,
        61,
        34,
        35,
        34,
        62,
        231,
        130,
        185,
        229,
        135,
        187,
        230,
        159,
        165,
        231,
        156,
        139,
        60,
        47,
        97,
        62,
        60,
        47,
        112,
        62,
        10,
        32,
        32,
        32,
        32,
        32,
        32,
        32,
        32,
        32,
        32,
        32,
        32,
        32,
        32,
        32,
        32,
        32,
        32,
        32,
        32,
        60,
        47,
        100,
        105,
        118,
        62,
        10,
        32,
        32,
        32,
        32,
        32,
        32,
        32,
        32,
        32,
        32,
        32,
        32,
        32,
        32,
        32,
        32,
        60,
        47,
        100,
        105,
        118,
        62,
        10,
        32,
        32,
        32,
        32,
        32,
        32,
        32,
        32,
        32,
        32,
        32,
        32,
        60,
        47,
        108,
        105,
        62,
        10,
        32,
        32,
        32,
        32,
        32,
        32,
        32,
        32,
        32,
        32,
        32,
        32,
        60,
        108,
        105,
        62,
        10,
        32,
        32,
        32,
        32,
        32,
        32,
        32,
        32,
        32,
        32,
        32,
        32,
        32,
        32,
        32,
        32,
        60,
        112,
        32,
        99,
        108,
        97,
        115,
        115,
        61,
        34,
        112,
        114,
        111,
        100,
        117,
        99,
        116,
        45,
        110,
        97,
        109,
        101,
        34,
        62,
        230,
        156,
        136,
        230,
        156,
        136,
        230,
        180,
        190,
        49,
        50,
        228,
        184,
        170,
        230,
        156,
        136,
        60,
        115,
        112,
        97,
        110,
        32,
        99,
        108,
        97,
        115,
        115,
        61,
        34,
        116,
        105,
        112,
        115,
        34,
        62,
        230,
        140,
        129,
        230,
        156,
        137,
        228,
        184,
        173,
        60,
        47,
        115,
        112,
        97,
        110,
        62,
        60,
        47,
        112,
        62,
        10,
        32,
        32,
        32,
        32,
        32,
        32,
        32,
        32,
        32,
        32,
        32,
        32,
        32,
        32,
        32,
        32,
        60,
        100,
        105,
        118,
        32,
        99,
        108,
        97,
        115,
        115,
        61,
        34,
        100,
        101,
        116,
        97,
        105,
        108,
        32,
        100,
        105,
        115,
        45,
        102,
        108,
        101,
        120,
        45,
        114,
        111,
        119,
        34,
        62,
        10,
        32,
        32,
        32,
        32,
        32,
        32,
        32,
        32,
        32,
        32,
        32,
        32,
        32,
        32,
        32,
        32,
        32,
        32,
        32,
        32,
        60,
        100,
        105,
        118,
        32,
        99,
        108,
        97,
        115,
        115,
        61,
        34,
        99,
        111,
        108,
        117,
        109,
        110,
        34,
        62,
        10,
        32,
        32,
        32,
        32,
        32,
        32,
        32,
        32,
        32,
        32,
        32,
        32,
        32,
        32,
        32,
        32,
        32,
        32,
        32,
        32,
        32,
        32,
        32,
        32,
        60,
        112,
        62,
        230,
        138,
        149,
        232,
        181,
        132,
        233,
        135,
        145,
        233,
        162,
        157,
        239,
        188,
        154,
        60,
        115,
        112,
        97,
        110,
        32,
        99,
        108,
        97,
        115,
        115,
        61,
        34,
        97,
        109,
        111,
        117,
        110,
        116,
        34,
        62,
        49,
        48,
        48,
        48,
        48,
        48,
        229,
        133,
        131,
        60,
        47,
        115,
        112,
        97,
        110,
        62,
        60,
        47,
        112,
        62,
        10,
        32,
        32,
        32,
        32,
        32,
        32,
        32,
        32,
        32,
        32,
        32,
        32,
        32,
        32,
        32,
        32,
        32,
        32,
        32,
        32,
        32,
        32,
        32,
        32,
        60,
        112,
        62,
        229,
        183,
        178,
        230,
        148,
        182,
        230,
        148,
        182,
        231,
        155,
        138,
        239,
        188,
        154,
        60,
        115,
        112,
        97,
        110,
        32,
        99,
        108,
        97,
        115,
        115,
        61,
        34,
        105,
        110,
        99,
        111,
        109,
        101,
        34,
        62,
        50,
        53,
        46,
        53,
        229,
        133,
        131,
        60,
        47,
        115,
        112,
        97,
        110,
        62,
        60,
        47,
        112,
        62,
        10,
        32,
        32,
        32,
        32,
        32,
        32,
        32,
        32,
        32,
        32,
        32,
        32,
        32,
        32,
        32,
        32,
        32,
        32,
        32,
        32,
        32,
        32,
        32,
        32,
        60,
        112,
        62,
        230,
        138,
        149,
        232,
        181,
        132,
        230,
        151,
        182,
        233,
        151,
        180,
        239,
        188,
        154,
        60,
        115,
        112,
        97,
        110,
        62,
        50,
        48,
        49,
        55,
        45,
        49,
        48,
        45,
        49,
        49,
        60,
        47,
        115,
        112,
        97,
        110,
        62,
        60,
        47,
        112,
        62,
        10,
        32,
        32,
        32,
        32,
        32,
        32,
        32,
        32,
        32,
        32,
        32,
        32,
        32,
        32,
        32,
        32,
        32,
        32,
        32,
        32,
        32,
        32,
        32,
        32,
        60,
        112,
        62,
        229,
        136,
        176,
        230,
        156,
        159,
        230,
        151,
        182,
        233,
        151,
        180,
        239,
        188,
        154,
        60,
        115,
        112,
        97,
        110,
        62,
        50,
        48,
        49,
        55,
        45,
        49,
        48,
        45,
        49,
        49,
        60,
        47,
        115,
        112,
        97,
        110,
        62,
        60,
        47,
        112,
        62,
        10,
        32,
        32,
        32,
        32,
        32,
        32,
        32,
        32,
        32,
        32,
        32,
        32,
        32,
        32,
        32,
        32,
        32,
        32,
        32,
        32,
        60,
        47,
        100,
        105,
        118,
        62,
        10,
        32,
        32,
        32,
        32,
        32,
        32,
        32,
        32,
        32,
        32,
        32,
        32,
        32,
        32,
        32,
        32,
        32,
        32,
        32,
        32,
        60,
        100,
        105,
        118,
        32,
        99,
        108,
        97,
        115,
        115,
        61,
        34,
        99,
        111,
        108,
        117,
        109,
        110,
        34,
        62,
        10,
        32,
        32,
        32,
        32,
        32,
        32,
        32,
        32,
        32,
        32,
        32,
        32,
        32,
        32,
        32,
        32,
        32,
        32,
        32,
        32,
        32,
        32,
        32,
        32,
        60,
        112,
        62,
        229,
        190,
        133,
        230,
        148,
        182,
        230,
        148,
        182,
        231,
        155,
        138,
        239,
        188,
        154,
        60,
        115,
        112,
        97,
        110,
        32,
        99,
        108,
        97,
        115,
        115,
        61,
        34,
        105,
        110,
        99,
        111,
        109,
        101,
        34,
        62,
        50,
        53,
        46,
        53,
        229,
        133,
        131,
        60,
        47,
        115,
        112,
        97,
        110,
        62,
        60,
        47,
        112,
        62,
        10,
        32,
        32,
        32,
        32,
        32,
        32,
        32,
        32,
        32,
        32,
        32,
        32,
        32,
        32,
        32,
        32,
        32,
        32,
        32,
        32,
        32,
        32,
        32,
        32,
        60,
        112,
        62,
        229,
        142,
        134,
        229,
        143,
        178,
        229,
        185,
        180,
        229,
        140,
        150,
        239,
        188,
        154,
        60,
        115,
        112,
        97,
        110,
        62,
        49,
        50,
        37,
        60,
        47,
        115,
        112,
        97,
        110,
        62,
        60,
        47,
        112,
        62,
        10,
        32,
        32,
        32,
        32,
        32,
        32,
        32,
        32,
        32,
        32,
        32,
        32,
        32,
        32,
        32,
        32,
        32,
        32,
        32,
        32,
        32,
        32,
        32,
        32,
        60,
        112,
        62,
        230,
        136,
        145,
        231,
        154,
        132,
        229,
        128,
        186,
        230,
        157,
        131,
        239,
        188,
        154,
        60,
        97,
        32,
        104,
        114,
        101,
        102,
        61,
        34,
        35,
        34,
        32,
        99,
        108,
        97,
        115,
        115,
        61,
        34,
        100,
        111,
        105,
        110,
        103,
        34,
        62,
        229,
        128,
        186,
        230,
        157,
        131,
        229,
        140,
        185,
        233,
        133,
        141,
        228,
        184,
        173,
        60,
        47,
        97,
        62,
        60,
        47,
        112,
        62,
        10,
        32,
        32,
        32,
        32,
        32,
        32,
        32,
        32,
        32,
        32,
        32,
        32,
        32,
        32,
        32,
        32,
        32,
        32,
        32,
        32,
        60,
        47,
        100,
        105,
        118,
        62,
        10,
        32,
        32,
        32,
        32,
        32,
        32,
        32,
        32,
        32,
        32,
        32,
        32,
        32,
        32,
        32,
        32,
        60,
        47,
        100,
        105,
        118,
        62,
        10,
        32,
        32,
        32,
        32,
        32,
        32,
        32,
        32,
        32,
        32,
        32,
        32,
        60,
        47,
        108,
        105,
        62,
        10,
        32,
        32,
        32,
        32,
        32,
        32,
        32,
        32,
        32,
        32,
        32,
        32,
        60,
        108,
        105,
        62,
        10,
        32,
        32,
        32,
        32,
        32,
        32,
        32,
        32,
        32,
        32,
        32,
        32,
        32,
        32,
        32,
        32,
        60,
        112,
        32,
        99,
        108,
        97,
        115,
        115,
        61,
        34,
        112,
        114,
        111,
        100,
        117,
        99,
        116,
        45,
        110,
        97,
        109,
        101,
        34,
        62,
        230,
        149,
        163,
        230,
        160,
        135,
        229,
        128,
        186,
        230,
        157,
        131,
        60,
        115,
        112,
        97,
        110,
        32,
        99,
        108,
        97,
        115,
        115,
        61,
        34,
        116,
        105,
        112,
        115,
        34,
        62,
        230,
        148,
        182,
        231,
        155,
        138,
        228,
        184,
        173,
        60,
        47,
        115,
        112,
        97,
        110,
        62,
        60,
        47,
        112,
        62,
        10,
        32,
        32,
        32,
        32,
        32,
        32,
        32,
        32,
        32,
        32,
        32,
        32,
        32,
        32,
        32,
        32,
        60,
        100,
        105,
        118,
        32,
        99,
        108,
        97,
        115,
        115,
        61,
        34,
        100,
        101,
        116,
        97,
        105,
        108,
        32,
        100,
        105,
        115,
        45,
        102,
        108,
        101,
        120,
        45,
        114,
        111,
        119,
        34,
        62,
        10,
        32,
        32,
        32,
        32,
        32,
        32,
        32,
        32,
        32,
        32,
        32,
        32,
        32,
        32,
        32,
        32,
        32,
        32,
        32,
        32,
        60,
        100,
        105,
        118,
        32,
        99,
        108,
        97,
        115,
        115,
        61,
        34,
        99,
        111,
        108,
        117,
        109,
        110,
        34,
        62,
        10,
        32,
        32,
        32,
        32,
        32,
        32,
        32,
        32,
        32,
        32,
        32,
        32,
        32,
        32,
        32,
        32,
        32,
        32,
        32,
        32,
        32,
        32,
        32,
        32,
        60,
        112,
        62,
        230,
        138,
        149,
        232,
        181,
        132,
        233,
        135,
        145,
        233,
        162,
        157,
        239,
        188,
        154,
        60,
        115,
        112,
        97,
        110,
        32,
        99,
        108,
        97,
        115,
        115,
        61,
        34,
        97,
        109,
        111,
        117,
        110,
        116,
        34,
        62,
        49,
        48,
        48,
        48,
        48,
        48,
        229,
        133,
        131,
        60,
        47,
        115,
        112,
        97,
        110,
        62,
        60,
        47,
        112,
        62,
        10,
        32,
        32,
        32,
        32,
        32,
        32,
        32,
        32,
        32,
        32,
        32,
        32,
        32,
        32,
        32,
        32,
        32,
        32,
        32,
        32,
        32,
        32,
        32,
        32,
        60,
        112,
        62,
        229,
        183,
        178,
        230,
        148,
        182,
        230,
        156,
        172,
        230,
        129,
        175,
        239,
        188,
        154,
        60,
        115,
        112,
        97,
        110,
        32,
        99,
        108,
        97,
        115,
        115,
        61,
        34,
        105,
        110,
        99,
        111,
        109,
        101,
        34,
        62,
        50,
        53,
        46,
        53,
        229,
        133,
        131,
        60,
        47,
        115,
        112,
        97,
        110,
        62,
        60,
        47,
        112,
        62,
        10,
        32,
        32,
        32,
        32,
        32,
        32,
        32,
        32,
        32,
        32,
        32,
        32,
        32,
        32,
        32,
        32,
        32,
        32,
        32,
        32,
        32,
        32,
        32,
        32,
        60,
        112,
        62,
        230,
        138,
        149,
        232,
        181,
        132,
        230,
        151,
        182,
        233,
        151,
        180,
        239,
        188,
        154,
        60,
        115,
        112,
        97,
        110,
        62,
        50,
        48,
        49,
        55,
        45,
        49,
        48,
        45,
        49,
        49,
        60,
        47,
        115,
        112,
        97,
        110,
        62,
        60,
        47,
        112,
        62,
        10,
        32,
        32,
        32,
        32,
        32,
        32,
        32,
        32,
        32,
        32,
        32,
        32,
        32,
        32,
        32,
        32,
        32,
        32,
        32,
        32,
        32,
        32,
        32,
        32,
        60,
        112,
        62,
        229,
        136,
        176,
        230,
        156,
        159,
        230,
        151,
        182,
        233,
        151,
        180,
        239,
        188,
        154,
        60,
        115,
        112,
        97,
        110,
        62,
        50,
        48,
        49,
        55,
        45,
        49,
        48,
        45,
        49,
        49,
        60,
        47,
        115,
        112,
        97,
        110,
        62,
        60,
        47,
        112,
        62,
        10,
        32,
        32,
        32,
        32,
        32,
        32,
        32,
        32,
        32,
        32,
        32,
        32,
        32,
        32,
        32,
        32,
        32,
        32,
        32,
        32,
        60,
        47,
        100,
        105,
        118,
        62,
        10,
        32,
        32,
        32,
        32,
        32,
        32,
        32,
        32,
        32,
        32,
        32,
        32,
        32,
        32,
        32,
        32,
        32,
        32,
        32,
        32,
        60,
        100,
        105,
        118,
        32,
        99,
        108,
        97,
        115,
        115,
        61,
        34,
        99,
        111,
        108,
        117,
        109,
        110,
        34,
        62,
        10,
        32,
        32,
        32,
        32,
        32,
        32,
        32,
        32,
        32,
        32,
        32,
        32,
        32,
        32,
        32,
        32,
        32,
        32,
        32,
        32,
        32,
        32,
        32,
        32,
        60,
        112,
        62,
        229,
        190,
        133,
        230,
        148,
        182,
        230,
        156,
        172,
        230,
        129,
        175,
        239,
        188,
        154,
        60,
        115,
        112,
        97,
        110,
        32,
        99,
        108,
        97,
        115,
        115,
        61,
        34,
        105,
        110,
        99,
        111,
        109,
        101,
        34,
        62,
        50,
        53,
        46,
        53,
        229,
        133,
        131,
        60,
        47,
        115,
        112,
        97,
        110,
        62,
        60,
        47,
        112,
        62,
        10,
        32,
        32,
        32,
        32,
        32,
        32,
        32,
        32,
        32,
        32,
        32,
        32,
        32,
        32,
        32,
        32,
        32,
        32,
        32,
        32,
        32,
        32,
        32,
        32,
        60,
        112,
        62,
        229,
        142,
        134,
        229,
        143,
        178,
        229,
        185,
        180,
        229,
        140,
        150,
        239,
        188,
        154,
        60,
        115,
        112,
        97,
        110,
        62,
        49,
        50,
        37,
        60,
        47,
        115,
        112,
        97,
        110,
        62,
        60,
        47,
        112,
        62,
        10,
        32,
        32,
        32,
        32,
        32,
        32,
        32,
        32,
        32,
        32,
        32,
        32,
        32,
        32,
        32,
        32,
        32,
        32,
        32,
        32,
        32,
        32,
        32,
        32,
        60,
        112,
        62,
        229,
        144,
        136,
        229,
        144,
        140,
        239,
        188,
        154,
        60,
        97,
        32,
        104,
        114,
        101,
        102,
        61,
        34,
        35,
        34,
        62,
        231,
        130,
        185,
        229,
        135,
        187,
        230,
        159,
        165,
        231,
        156,
        139,
        60,
        47,
        97,
        62,
        60,
        47,
        112,
        62,
        10,
        32,
        32,
        32,
        32,
        32,
        32,
        32,
        32,
        32,
        32,
        32,
        32,
        32,
        32,
        32,
        32,
        32,
        32,
        32,
        32,
        60,
        47,
        100,
        105,
        118,
        62,
        10,
        32,
        32,
        32,
        32,
        32,
        32,
        32,
        32,
        32,
        32,
        32,
        32,
        32,
        32,
        32,
        32,
        60,
        47,
        100,
        105,
        118,
        62,
        10,
        32,
        32,
        32,
        32,
        32,
        32,
        32,
        32,
        32,
        32,
        32,
        32,
        60,
        47,
        108,
        105,
        62,
        10,
        32,
        32,
        32,
        32,
        32,
        32,
        32,
        32,
        32,
        32,
        32,
        32,
        60,
        108,
        105,
        62,
        10,
        32,
        32,
        32,
        32,
        32,
        32,
        32,
        32,
        32,
        32,
        32,
        32,
        32,
        32,
        32,
        32,
        60,
        112,
        32,
        99,
        108,
        97,
        115,
        115,
        61,
        34,
        112,
        114,
        111,
        100,
        117,
        99,
        116,
        45,
        110,
        97,
        109,
        101,
        34,
        62,
        230,
        173,
        165,
        230,
        173,
        165,
        233,
        171,
        152,
        229,
        141,
        135,
        60,
        115,
        112,
        97,
        110,
        32,
        99,
        108,
        97,
        115,
        115,
        61,
        34,
        116,
        105,
        112,
        115,
        34,
        62,
        230,
        148,
        182,
        231,
        155,
        138,
        228,
        184,
        173,
        60,
        47,
        115,
        112,
        97,
        110,
        62,
        60,
        47,
        112,
        62,
        10,
        32,
        32,
        32,
        32,
        32,
        32,
        32,
        32,
        32,
        32,
        32,
        32,
        32,
        32,
        32,
        32,
        60,
        100,
        105,
        118,
        32,
        99,
        108,
        97,
        115,
        115,
        61,
        34,
        100,
        101,
        116,
        97,
        105,
        108,
        32,
        100,
        105,
        115,
        45,
        102,
        108,
        101,
        120,
        45,
        114,
        111,
        119,
        34,
        62,
        10,
        32,
        32,
        32,
        32,
        32,
        32,
        32,
        32,
        32,
        32,
        32,
        32,
        32,
        32,
        32,
        32,
        32,
        32,
        32,
        32,
        60,
        100,
        105,
        118,
        32,
        99,
        108,
        97,
        115,
        115,
        61,
        34,
        99,
        111,
        108,
        117,
        109,
        110,
        34,
        62,
        10,
        32,
        32,
        32,
        32,
        32,
        32,
        32,
        32,
        32,
        32,
        32,
        32,
        32,
        32,
        32,
        32,
        32,
        32,
        32,
        32,
        32,
        32,
        32,
        32,
        60,
        112,
        62,
        230,
        140,
        129,
        230,
        156,
        137,
        233,
        135,
        145,
        233,
        162,
        157,
        239,
        188,
        154,
        60,
        115,
        112,
        97,
        110,
        32,
        99,
        108,
        97,
        115,
        115,
        61,
        34,
        97,
        109,
        111,
        117,
        110,
        116,
        34,
        62,
        49,
        48,
        48,
        48,
        48,
        48,
        229,
        133,
        131,
        60,
        47,
        115,
        112,
        97,
        110,
        62,
        60,
        47,
        112,
        62,
        10,
        32,
        32,
        32,
        32,
        32,
        32,
        32,
        32,
        32,
        32,
        32,
        32,
        32,
        32,
        32,
        32,
        32,
        32,
        32,
        32,
        32,
        32,
        32,
        32,
        60,
        112,
        62,
        230,
        138,
        149,
        232,
        181,
        132,
        233,
        135,
        145,
        233,
        162,
        157,
        239,
        188,
        154,
        60,
        115,
        112,
        97,
        110,
        32,
        99,
        108,
        97,
        115,
        115,
        61,
        34,
        97,
        109,
        111,
        117,
        110,
        116,
        34,
        62,
        49,
        48,
        48,
        48,
        48,
        48,
        229,
        133,
        131,
        60,
        47,
        115,
        112,
        97,
        110,
        62,
        60,
        47,
        112,
        62,
        10,
        32,
        32,
        32,
        32,
        32,
        32,
        32,
        32,
        32,
        32,
        32,
        32,
        32,
        32,
        32,
        32,
        32,
        32,
        32,
        32,
        32,
        32,
        32,
        32,
        60,
        112,
        62,
        232,
        174,
        161,
        230,
        129,
        175,
        229,
        164,
        169,
        230,
        149,
        176,
        239,
        188,
        154,
        60,
        115,
        112,
        97,
        110,
        62,
        54,
        48,
        60,
        47,
        115,
        112,
        97,
        110,
        62,
        60,
        47,
        112,
        62,
        10,
        32,
        32,
        32,
        32,
        32,
        32,
        32,
        32,
        32,
        32,
        32,
        32,
        32,
        32,
        32,
        32,
        32,
        32,
        32,
        32,
        32,
        32,
        32,
        32,
        60,
        112,
        62,
        230,
        138,
        149,
        232,
        181,
        132,
        230,
        151,
        182,
        233,
        151,
        180,
        239,
        188,
        154,
        60,
        115,
        112,
        97,
        110,
        62,
        50,
        48,
        49,
        55,
        45,
        49,
        48,
        45,
        49,
        49,
        60,
        47,
        115,
        112,
        97,
        110,
        62,
        60,
        47,
        112,
        62,
        10,
        10,
        32,
        32,
        32,
        32,
        32,
        32,
        32,
        32,
        32,
        32,
        32,
        32,
        32,
        32,
        32,
        32,
        32,
        32,
        32,
        32,
        60,
        47,
        100,
        105,
        118,
        62,
        10,
        32,
        32,
        32,
        32,
        32,
        32,
        32,
        32,
        32,
        32,
        32,
        32,
        32,
        32,
        32,
        32,
        32,
        32,
        32,
        32,
        60,
        100,
        105,
        118,
        32,
        99,
        108,
        97,
        115,
        115,
        61,
        34,
        99,
        111,
        108,
        117,
        109,
        110,
        34,
        62,
        10,
        32,
        32,
        32,
        32,
        32,
        32,
        32,
        32,
        32,
        32,
        32,
        32,
        32,
        32,
        32,
        32,
        32,
        32,
        32,
        32,
        32,
        32,
        32,
        32,
        60,
        112,
        62,
        229,
        190,
        133,
        230,
        148,
        182,
        230,
        148,
        182,
        231,
        155,
        138,
        239,
        188,
        154,
        60,
        115,
        112,
        97,
        110,
        32,
        99,
        108,
        97,
        115,
        115,
        61,
        34,
        105,
        110,
        99,
        111,
        109,
        101,
        34,
        62,
        50,
        53,
        46,
        53,
        229,
        133,
        131,
        60,
        47,
        115,
        112,
        97,
        110,
        62,
        60,
        47,
        112,
        62,
        10,
        32,
        32,
        32,
        32,
        32,
        32,
        32,
        32,
        32,
        32,
        32,
        32,
        32,
        32,
        32,
        32,
        32,
        32,
        32,
        32,
        32,
        32,
        32,
        32,
        60,
        112,
        62,
        229,
        142,
        134,
        229,
        143,
        178,
        229,
        185,
        180,
        229,
        140,
        150,
        239,
        188,
        154,
        60,
        115,
        112,
        97,
        110,
        62,
        49,
        50,
        37,
        60,
        47,
        115,
        112,
        97,
        110,
        62,
        60,
        47,
        112,
        62,
        10,
        32,
        32,
        32,
        32,
        32,
        32,
        32,
        32,
        32,
        32,
        32,
        32,
        32,
        32,
        32,
        32,
        32,
        32,
        32,
        32,
        32,
        32,
        32,
        32,
        60,
        112,
        62,
        233,
        128,
        128,
        229,
        135,
        186,
        232,
        174,
        176,
        229,
        189,
        149,
        239,
        188,
        154,
        60,
        97,
        32,
        104,
        114,
        101,
        102,
        61,
        34,
        35,
        34,
        62,
        231,
        130,
        185,
        229,
        135,
        187,
        230,
        159,
        165,
        231,
        156,
        139,
        60,
        47,
        97,
        62,
        60,
        47,
        112,
        62,
        10,
        32,
        32,
        32,
        32,
        32,
        32,
        32,
        32,
        32,
        32,
        32,
        32,
        32,
        32,
        32,
        32,
        32,
        32,
        32,
        32,
        32,
        32,
        32,
        32,
        60,
        112,
        62,
        230,
        136,
        145,
        231,
        154,
        132,
        229,
        128,
        186,
        230,
        157,
        131,
        239,
        188,
        154,
        60,
        97,
        32,
        104,
        114,
        101,
        102,
        61,
        34,
        35,
        34,
        32,
        99,
        108,
        97,
        115,
        115,
        61,
        34,
        100,
        111,
        105,
        110,
        103,
        34,
        62,
        229,
        128,
        186,
        230,
        157,
        131,
        229,
        140,
        185,
        233,
        133,
        141,
        228,
        184,
        173,
        60,
        47,
        97,
        62,
        60,
        47,
        112,
        62,
        10,
        32,
        32,
        32,
        32,
        32,
        32,
        32,
        32,
        32,
        32,
        32,
        32,
        32,
        32,
        32,
        32,
        32,
        32,
        32,
        32,
        60,
        47,
        100,
        105,
        118,
        62,
        10,
        32,
        32,
        32,
        32,
        32,
        32,
        32,
        32,
        32,
        32,
        32,
        32,
        32,
        32,
        32,
        32,
        60,
        47,
        100,
        105,
        118,
        62,
        10,
        32,
        32,
        32,
        32,
        32,
        32,
        32,
        32,
        32,
        32,
        32,
        32,
        60,
        47,
        108,
        105,
        62,
        10,
        32,
        32,
        32,
        32,
        32,
        32,
        32,
        32,
        60,
        47,
        117,
        108,
        62,
        10,
        32,
        32,
        32,
        32,
        60,
        47,
        100,
        105,
        118,
        62,
        10,
        60,
        47,
        100,
        105,
        118,
        62,
        10,
        60,
        47,
        98,
        111,
        100,
        121,
        62,
        10,
        60,
        47,
        104,
        116,
        109,
        108,
        62
      ]
    },
    "stat": {
      "dev": 16777220,
      "mode": 33188,
      "nlink": 1,
      "uid": 501,
      "gid": 20,
      "rdev": 0,
      "blksize": 4194304,
      "ino": 2088893,
      "size": 6906,
      "blocks": 16,
      "atime": "2018-04-17T07:59:11.783Z",
      "mtime": "2018-03-22T08:50:41.066Z",
      "ctime": "2018-03-22T08:50:41.066Z",
      "birthtime": "2018-03-22T08:50:41.066Z"
    },
    "history": [
      "/Users/jiangheng/Desktop/work-code/xxd-h5/src/mods/tzhistory/index.html"
    ],
    "path": "/Users/jiangheng/Desktop/work-code/xxd-h5/src/mods/tzhistory/index.html",
    "gulpCache$filePathChangedInsideTask": false,
    "gulpCache$fileBaseChangedInsideTask": false,
    "gulpCache$originalPath": "/Users/jiangheng/Desktop/work-code/xxd-h5/src/mods/tzhistory/index.html",
    "gulpCache$originalBase": "/Users/jiangheng/Desktop/work-code/xxd-h5/src/mods/"
  }
]