[
  {
    "cwd": "/Users/jiangheng/Desktop/work-code/xxd-h5",
    "base": "/Users/jiangheng/Desktop/work-code/xxd-h5/src/mods/",
    "contents": {
      "type": "Buffer",
      "data": [
        137,
        80,
        78,
        71,
        13,
        10,
        26,
        10,
        0,
        0,
        0,
        13,
        73,
        72,
        68,
        82,
        0,
        0,
        5,
        156,
        0,
        0,
        1,
        10,
        8,
        3,
        0,
        0,
        0,
        161,
        121,
        96,
        215,
        0,
        0,
        1,
        59,
        80,
        76,
        84,
        69,
        199,
        215,
        239,
        199,
        215,
        239,
        199,
        215,
        239,
        199,
        215,
        239,
        199,
        215,
        239,
        199,
        215,
        239,
        199,
        215,
        239,
        199,
        215,
        239,
        208,
        220,
        237,
        199,
        215,
        239,
        199,
        215,
        239,
        199,
        215,
        239,
        212,
        221,
        236,
        199,
        215,
        239,
        211,
        221,
        236,
        199,
        215,
        239,
        199,
        215,
        239,
        204,
        217,
        238,
        199,
        215,
        239,
        199,
        215,
        239,
        199,
        215,
        239,
        199,
        215,
        239,
        218,
        224,
        234,
        199,
        215,
        239,
        199,
        215,
        239,
        199,
        215,
        239,
        199,
        215,
        239,
        199,
        215,
        239,
        199,
        215,
        239,
        199,
        215,
        239,
        223,
        227,
        233,
        199,
        215,
        239,
        199,
        215,
        239,
        221,
        226,
        233,
        199,
        215,
        239,
        222,
        227,
        233,
        199,
        215,
        239,
        199,
        215,
        239,
        226,
        229,
        232,
        199,
        215,
        239,
        199,
        215,
        239,
        199,
        215,
        239,
        199,
        215,
        239,
        199,
        215,
        239,
        199,
        215,
        239,
        223,
        227,
        233,
        199,
        215,
        239,
        199,
        215,
        239,
        199,
        215,
        239,
        199,
        215,
        239,
        199,
        215,
        239,
        199,
        215,
        239,
        199,
        215,
        239,
        228,
        230,
        232,
        226,
        229,
        232,
        229,
        230,
        231,
        229,
        230,
        231,
        229,
        230,
        232,
        229,
        230,
        232,
        230,
        231,
        231,
        229,
        230,
        232,
        229,
        230,
        232,
        230,
        231,
        231,
        230,
        230,
        231,
        230,
        231,
        231,
        230,
        231,
        231,
        230,
        231,
        231,
        230,
        231,
        231,
        231,
        231,
        231,
        230,
        230,
        231,
        230,
        231,
        231,
        230,
        231,
        231,
        231,
        231,
        231,
        230,
        231,
        231,
        231,
        231,
        231,
        231,
        231,
        231,
        231,
        231,
        231,
        231,
        231,
        231,
        231,
        231,
        231,
        231,
        231,
        231,
        231,
        231,
        231,
        231,
        231,
        231,
        231,
        231,
        231,
        233,
        233,
        233,
        234,
        234,
        234,
        235,
        235,
        235,
        236,
        236,
        236,
        237,
        237,
        237,
        238,
        238,
        238,
        239,
        239,
        239,
        240,
        240,
        240,
        242,
        242,
        242,
        243,
        243,
        243,
        244,
        244,
        244,
        245,
        245,
        245,
        246,
        246,
        246,
        247,
        247,
        247,
        248,
        248,
        248,
        249,
        249,
        249,
        250,
        250,
        250,
        251,
        251,
        251,
        252,
        252,
        252,
        253,
        253,
        253,
        254,
        254,
        254,
        255,
        255,
        255,
        107,
        7,
        90,
        172,
        0,
        0,
        0,
        82,
        116,
        82,
        78,
        83,
        0,
        1,
        2,
        3,
        4,
        5,
        6,
        7,
        7,
        8,
        9,
        10,
        10,
        11,
        11,
        12,
        13,
        13,
        14,
        15,
        16,
        17,
        17,
        18,
        19,
        20,
        21,
        22,
        24,
        25,
        25,
        26,
        27,
        27,
        28,
        29,
        30,
        33,
        33,
        34,
        35,
        36,
        37,
        39,
        40,
        40,
        42,
        43,
        44,
        47,
        49,
        51,
        52,
        60,
        65,
        91,
        92,
        93,
        95,
        123,
        128,
        129,
        138,
        141,
        152,
        154,
        155,
        156,
        174,
        178,
        180,
        182,
        211,
        214,
        227,
        229,
        236,
        237,
        238,
        248,
        249,
        250,
        183,
        88,
        59,
        144,
        0,
        0,
        18,
        174,
        73,
        68,
        65,
        84,
        24,
        25,
        237,
        193,
        65,
        111,
        37,
        105,
        130,
        150,
        209,
        231,
        249,
        28,
        89,
        85,
        77,
        55,
        244,
        76,
        3,
        18,
        204,
        6,
        6,
        177,
        96,
        195,
        162,
        37,
        144,
        248,
        255,
        91,
        36,
        88,
        176,
        135,
        21,
        26,
        64,
        35,
        205,
        72,
        128,
        152,
        158,
        74,
        251,
        37,
        34,
        174,
        157,
        229,
        172,
        114,
        86,
        101,
        165,
        195,
        233,
        240,
        253,
        222,
        115,
        228,
        41,
        82,
        85,
        85,
        95,
        71,
        120,
        130,
        252,
        132,
        172,
        164,
        170,
        170,
        94,
        94,
        88,
        133,
        31,
        147,
        143,
        9,
        8,
        200,
        74,
        170,
        170,
        234,
        165,
        132,
        85,
        128,
        0,
        225,
        35,
        242,
        152,
        128,
        32,
        34,
        43,
        169,
        170,
        170,
        151,
        17,
        86,
        33,
        4,
        2,
        132,
        71,
        228,
        7,
        2,
        34,
        122,
        243,
        111,
        191,
        249,
        205,
        242,
        141,
        55,
        84,
        85,
        213,
        75,
        185,
        205,
        223,
        191,
        255,
        127,
        127,
        255,
        95,
        110,
        19,
        66,
        128,
        240,
        129,
        124,
        32,
        136,
        232,
        95,
        254,
        179,
        223,
        125,
        71,
        85,
        85,
        125,
        13,
        127,
        247,
        127,
        254,
        199,
        127,
        75,
        8,
        129,
        240,
        64,
        30,
        8,
        162,
        254,
        243,
        127,
        245,
        103,
        131,
        170,
        170,
        250,
        90,
        238,
        254,
        246,
        191,
        254,
        85,
        18,
        2,
        225,
        158,
        220,
        19,
        113,
        245,
        199,
        127,
        250,
        13,
        85,
        85,
        245,
        53,
        253,
        253,
        95,
        255,
        167,
        172,
        8,
        225,
        66,
        46,
        68,
        212,
        111,
        255,
        253,
        159,
        179,
        25,
        223,
        190,
        91,
        134,
        82,
        85,
        117,
        172,
        64,
        18,
        178,
        35,
        76,
        45,
        201,
        237,
        251,
        176,
        249,
        155,
        255,
        248,
        167,
        36,
        132,
        176,
        147,
        157,
        136,
        250,
        231,
        127,
        252,
        45,
        171,
        229,
        187,
        127,
        64,
        85,
        213,
        11,
        8,
        36,
        33,
        59,
        66,
        241,
        254,
        251,
        59,
        86,
        255,
        247,
        63,
        255,
        77,
        18,
        66,
        216,
        220,
        176,
        17,
        209,
        241,
        155,
        127,
        247,
        59,
        86,
        191,
        253,
        253,
        59,
        170,
        170,
        94,
        64,
        32,
        9,
        217,
        17,
        8,
        50,
        185,
        241,
        206,
        91,
        224,
        155,
        63,
        252,
        207,
        91,
        64,
        100,
        115,
        195,
        74,
        80,
        199,
        205,
        127,
        248,
        71,
        192,
        187,
        223,
        127,
        71,
        85,
        213,
        75,
        8,
        36,
        33,
        27,
        8,
        4,
        100,
        122,
        55,
        203,
        93,
        224,
        155,
        127,
        252,
        223,
        217,
        201,
        234,
        134,
        149,
        184,
        26,
        127,
        252,
        39,
        192,
        55,
        127,
        118,
        67,
        85,
        213,
        75,
        8,
        100,
        69,
        54,
        4,
        2,
        72,
        185,
        220,
        5,
        190,
        251,
        135,
        127,
        197,
        7,
        55,
        128,
        200,
        112,
        252,
        197,
        191,
        184,
        129,
        119,
        191,
        31,
        84,
        85,
        189,
        132,
        64,
        86,
        100,
        5,
        225,
        66,
        10,
        111,
        110,
        3,
        223,
        253,
        233,
        127,
        67,
        68,
        96,
        176,
        83,
        111,
        254,
        242,
        27,
        224,
        119,
        131,
        170,
        170,
        151,
        16,
        200,
        138,
        187,
        236,
        216,
        168,
        212,
        202,
        111,
        129,
        229,
        95,
        222,
        168,
        236,
        110,
        64,
        212,
        113,
        243,
        175,
        255,
        66,
        248,
        237,
        119,
        84,
        85,
        189,
        132,
        64,
        18,
        8,
        73,
        8,
        27,
        169,
        123,
        122,
        11,
        223,
        242,
        183,
        97,
        37,
        12,
        118,
        234,
        31,
        132,
        229,
        183,
        84,
        85,
        189,
        132,
        64,
        18,
        178,
        35,
        212,
        143,
        188,
        27,
        224,
        31,
        84,
        118,
        11,
        224,
        106,
        124,
        251,
        59,
        224,
        59,
        170,
        170,
        94,
        72,
        18,
        178,
        35,
        64,
        228,
        173,
        8,
        63,
        38,
        199,
        123,
        247,
        39,
        248,
        221,
        183,
        127,
        23,
        33,
        112,
        131,
        232,
        24,
        55,
        255,
        230,
        15,
        48,
        126,
        79,
        85,
        213,
        75,
        8,
        9,
        100,
        71,
        32,
        32,
        231,
        22,
        62,
        135,
        28,
        101,
        188,
        135,
        229,
        221,
        95,
        135,
        128,
        44,
        32,
        58,
        198,
        183,
        192,
        183,
        84,
        85,
        189,
        132,
        16,
        200,
        14,
        194,
        169,
        133,
        95,
        35,
        108,
        228,
        0,
        203,
        247,
        240,
        205,
        24,
        49,
        134,
        1,
        184,
        26,
        223,
        1,
        239,
        168,
        170,
        122,
        1,
        33,
        228,
        3,
        72,
        56,
        47,
        87,
        252,
        42,
        202,
        17,
        110,
        128,
        223,
        12,
        87,
        192,
        34,
        27,
        111,
        22,
        96,
        161,
        170,
        234,
        120,
        33,
        228,
        2,
        194,
        70,
        78,
        77,
        32,
        124,
        14,
        57,
        140,
        192,
        114,
        243,
        158,
        141,
        11,
        160,
        99,
        184,
        0,
        131,
        170,
        170,
        195,
        133,
        144,
        123,
        132,
        149,
        188,
        1,
        242,
        149,
        9,
        44,
        142,
        17,
        3,
        3,
        5,
        135,
        11,
        32,
        85,
        85,
        71,
        11,
        33,
        23,
        16,
        234,
        83,
        4,
        22,
        135,
        160,
        44,
        128,
        226,
        141,
        128,
        84,
        85,
        29,
        44,
        132,
        92,
        144,
        112,
        126,
        242,
        5,
        194,
        49,
        188,
        121,
        143,
        6,
        22,
        54,
        14,
        170,
        170,
        94,
        66,
        128,
        108,
        128,
        4,
        136,
        156,
        73,
        0,
        185,
        39,
        15,
        228,
        243,
        5,
        144,
        85,
        120,
        16,
        64,
        190,
        200,
        144,
        205,
        194,
        106,
        12,
        164,
        170,
        234,
        69,
        228,
        130,
        36,
        64,
        136,
        156,
        67,
        184,
        23,
        217,
        201,
        74,
        118,
        242,
        64,
        158,
        16,
        62,
        136,
        108,
        2,
        18,
        118,
        97,
        21,
        86,
        242,
        43,
        201,
        24,
        119,
        192,
        194,
        78,
        169,
        170,
        58,
        94,
        200,
        14,
        18,
        206,
        74,
        54,
        2,
        2,
        178,
        145,
        157,
        60,
        77,
        8,
        187,
        200,
        38,
        66,
        144,
        240,
        60,
        202,
        110,
        1,
        169,
        170,
        122,
        25,
        33,
        23,
        36,
        132,
        157,
        156,
        132,
        1,
        228,
        158,
        32,
        8,
        8,
        200,
        74,
        126,
        32,
        63,
        8,
        27,
        33,
        128,
        4,
        136,
        16,
        9,
        18,
        16,
        194,
        70,
        190,
        136,
        97,
        1,
        4,
        164,
        170,
        234,
        104,
        33,
        23,
        36,
        132,
        141,
        156,
        135,
        60,
        16,
        16,
        4,
        65,
        64,
        86,
        178,
        147,
        31,
        17,
        194,
        79,
        68,
        34,
        65,
        2,
        200,
        151,
        17,
        48,
        176,
        80,
        85,
        179,
        11,
        23,
        114,
        176,
        144,
        0,
        9,
        9,
        225,
        180,
        4,
        68,
        16,
        4,
        1,
        1,
        217,
        201,
        19,
        12,
        43,
        195,
        99,
        145,
        77,
        132,
        240,
        76,
        11,
        59,
        169,
        170,
        89,
        133,
        123,
        65,
        14,
        20,
        72,
        72,
        2,
        9,
        225,
        148,
        100,
        35,
        8,
        130,
        32,
        8,
        8,
        200,
        70,
        158,
        16,
        89,
        69,
        32,
        66,
        36,
        178,
        138,
        68,
        136,
        172,
        194,
        23,
        144,
        221,
        66,
        85,
        205,
        45,
        16,
        54,
        66,
        228,
        40,
        129,
        16,
        114,
        65,
        56,
        29,
        217,
        8,
        8,
        8,
        130,
        32,
        8,
        200,
        74,
        238,
        201,
        71,
        130,
        172,
        34,
        63,
        35,
        200,
        42,
        124,
        145,
        133,
        170,
        154,
        93,
        8,
        59,
        57,
        76,
        32,
        36,
        100,
        71,
        128,
        200,
        107,
        11,
        27,
        89,
        9,
        8,
        8,
        8,
        8,
        130,
        32,
        32,
        43,
        217,
        200,
        19,
        4,
        2,
        2,
        65,
        136,
        68,
        238,
        25,
        62,
        8,
        24,
        54,
        97,
        35,
        159,
        107,
        97,
        51,
        168,
        170,
        73,
        133,
        144,
        0,
        198,
        200,
        65,
        66,
        8,
        73,
        72,
        2,
        1,
        194,
        171,
        11,
        31,
        8,
        130,
        32,
        8,
        2,
        2,
        2,
        2,
        178,
        147,
        79,
        19,
        8,
        8,
        68,
        30,
        24,
        48,
        24,
        238,
        5,
        195,
        7,
        145,
        95,
        52,
        216,
        44,
        84,
        213,
        236,
        18,
        130,
        49,
        18,
        57,
        66,
        8,
        9,
        73,
        72,
        72,
        216,
        200,
        57,
        8,
        8,
        34,
        130,
        8,
        178,
        18,
        144,
        149,
        236,
        228,
        23,
        9,
        1,
        132,
        8,
        145,
        11,
        131,
        193,
        16,
        129,
        24,
        192,
        176,
        146,
        207,
        181,
        80,
        85,
        115,
        203,
        138,
        176,
        146,
        131,
        132,
        144,
        132,
        36,
        36,
        132,
        141,
        188,
        58,
        9,
        178,
        18,
        17,
        17,
        65,
        100,
        37,
        27,
        185,
        144,
        207,
        36,
        4,
        144,
        123,
        18,
        48,
        24,
        54,
        49,
        70,
        2,
        242,
        171,
        44,
        84,
        213,
        204,
        66,
        86,
        132,
        11,
        57,
        64,
        72,
        72,
        200,
        138,
        16,
        206,
        67,
        54,
        34,
        34,
        138,
        32,
        2,
        242,
        129,
        252,
        58,
        2,
        1,
        228,
        83,
        98,
        248,
        149,
        22,
        170,
        106,
        106,
        97,
        21,
        136,
        28,
        35,
        144,
        144,
        132,
        36,
        132,
        112,
        46,
        130,
        136,
        136,
        34,
        130,
        172,
        228,
        57,
        228,
        65,
        228,
        99,
        49,
        178,
        10,
        191,
        198,
        66,
        85,
        77,
        44,
        247,
        216,
        9,
        145,
        103,
        9,
        132,
        132,
        36,
        36,
        36,
        156,
        138,
        128,
        136,
        136,
        136,
        136,
        32,
        199,
        17,
        136,
        124,
        44,
        18,
        129,
        240,
        185,
        22,
        170,
        106,
        90,
        97,
        147,
        132,
        32,
        16,
        228,
        89,
        2,
        33,
        36,
        36,
        36,
        33,
        156,
        136,
        128,
        32,
        34,
        34,
        34,
        130,
        28,
        77,
        136,
        60,
        98,
        48,
        16,
        33,
        124,
        150,
        133,
        170,
        154,
        85,
        32,
        43,
        32,
        64,
        16,
        34,
        207,
        16,
        66,
        8,
        9,
        9,
        9,
        225,
        213,
        5,
        144,
        141,
        32,
        130,
        136,
        136,
        8,
        130,
        188,
        4,
        131,
        49,
        70,
        99,
        216,
        69,
        130,
        97,
        21,
        64,
        126,
        198,
        66,
        85,
        77,
        42,
        144,
        7,
        24,
        137,
        60,
        75,
        8,
        9,
        33,
        33,
        33,
        132,
        85,
        228,
        20,
        68,
        68,
        68,
        4,
        17,
        4,
        121,
        33,
        6,
        35,
        59,
        99,
        216,
        68,
        98,
        248,
        12,
        11,
        85,
        53,
        173,
        4,
        178,
        129,
        200,
        69,
        228,
        11,
        133,
        132,
        132,
        132,
        16,
        66,
        216,
        200,
        171,
        50,
        178,
        17,
        81,
        68,
        68,
        16,
        4,
        228,
        197,
        24,
        36,
        242,
        177,
        24,
        3,
        134,
        159,
        183,
        80,
        85,
        115,
        10,
        9,
        9,
        132,
        7,
        145,
        47,
        22,
        72,
        72,
        66,
        66,
        8,
        132,
        83,
        144,
        149,
        136,
        40,
        138,
        8,
        200,
        74,
        94,
        146,
        4,
        185,
        103,
        12,
        155,
        24,
        3,
        242,
        243,
        22,
        170,
        106,
        94,
        217,
        16,
        130,
        68,
        8,
        24,
        249,
        2,
        129,
        132,
        172,
        8,
        33,
        132,
        243,
        16,
        68,
        84,
        20,
        145,
        141,
        188,
        56,
        129,
        32,
        63,
        136,
        196,
        72,
        248,
        5,
        11,
        85,
        53,
        165,
        144,
        7,
        132,
        77,
        228,
        203,
        132,
        85,
        72,
        72,
        66,
        66,
        8,
        231,
        33,
        136,
        136,
        162,
        34,
        200,
        215,
        35,
        79,
        136,
        132,
        159,
        181,
        80,
        85,
        19,
        75,
        2,
        97,
        21,
        137,
        124,
        129,
        0,
        129,
        144,
        144,
        132,
        16,
        194,
        105,
        8,
        130,
        40,
        138,
        34,
        200,
        215,
        102,
        48,
        18,
        121,
        16,
        9,
        31,
        4,
        144,
        199,
        22,
        170,
        106,
        78,
        217,
        0,
        9,
        171,
        8,
        132,
        149,
        145,
        95,
        33,
        4,
        66,
        8,
        9,
        33,
        129,
        240,
        250,
        130,
        172,
        68,
        68,
        68,
        17,
        17,
        121,
        5,
        18,
        35,
        27,
        195,
        46,
        18,
        54,
        97,
        23,
        30,
        91,
        168,
        170,
        25,
        133,
        85,
        118,
        16,
        249,
        82,
        33,
        132,
        16,
        66,
        72,
        8,
        132,
        211,
        16,
        17,
        69,
        20,
        20,
        228,
        117,
        24,
        185,
        103,
        216,
        197,
        240,
        41,
        11,
        85,
        53,
        161,
        144,
        21,
        23,
        33,
        178,
        10,
        18,
        48,
        242,
        185,
        66,
        72,
        8,
        9,
        129,
        16,
        8,
        103,
        32,
        43,
        81,
        20,
        81,
        4,
        65,
        94,
        139,
        193,
        200,
        206,
        0,
        49,
        18,
        48,
        236,
        228,
        145,
        133,
        170,
        154,
        79,
        8,
        171,
        108,
        8,
        187,
        32,
        65,
        136,
        124,
        174,
        144,
        16,
        18,
        18,
        8,
        129,
        112,
        30,
        162,
        168,
        40,
        136,
        128,
        188,
        30,
        137,
        60,
        22,
        195,
        198,
        176,
        146,
        199,
        22,
        170,
        106,
        58,
        1,
        178,
        226,
        199,
        194,
        74,
        34,
        159,
        33,
        16,
        66,
        66,
        18,
        2,
        129,
        112,
        30,
        34,
        226,
        10,
        5,
        1,
        121,
        93,
        18,
        228,
        71,
        2,
        242,
        19,
        11,
        85,
        53,
        161,
        36,
        100,
        3,
        225,
        65,
        144,
        85,
        48,
        242,
        243,
        194,
        42,
        144,
        144,
        144,
        16,
        66,
        56,
        19,
        17,
        69,
        69,
        17,
        228,
        4,
        132,
        200,
        15,
        98,
        36,
        236,
        228,
        145,
        133,
        170,
        154,
        77,
        8,
        16,
        54,
        225,
        94,
        140,
        132,
        149,
        252,
        188,
        176,
        9,
        4,
        18,
        18,
        18,
        66,
        56,
        19,
        17,
        81,
        84,
        20,
        228,
        44,
        36,
        70,
        34,
        247,
        34,
        65,
        144,
        71,
        22,
        170,
        106,
        66,
        185,
        199,
        71,
        34,
        97,
        99,
        228,
        105,
        97,
        21,
        32,
        16,
        72,
        8,
        9,
        33,
        156,
        136,
        32,
        162,
        162,
        40,
        114,
        38,
        70,
        30,
        196,
        72,
        4,
        228,
        177,
        133,
        170,
        154,
        76,
        200,
        5,
        16,
        62,
        136,
        49,
        24,
        3,
        24,
        121,
        74,
        32,
        16,
        8,
        4,
        66,
        8,
        33,
        4,
        8,
        32,
        39,
        32,
        34,
        138,
        162,
        136,
        156,
        139,
        65,
        34,
        31,
        145,
        199,
        22,
        170,
        106,
        54,
        225,
        34,
        225,
        158,
        172,
        98,
        12,
        70,
        8,
        70,
        126,
        34,
        64,
        8,
        132,
        64,
        8,
        132,
        64,
        8,
        39,
        34,
        162,
        168,
        136,
        136,
        156,
        141,
        65,
        118,
        6,
        34,
        43,
        121,
        108,
        161,
        170,
        166,
        147,
        11,
        8,
        96,
        144,
        93,
        140,
        97,
        35,
        49,
        200,
        71,
        2,
        132,
        64,
        8,
        33,
        4,
        2,
        1,
        194,
        198,
        32,
        175,
        79,
        68,
        69,
        69,
        4,
        57,
        31,
        131,
        124,
        68,
        62,
        178,
        80,
        85,
        115,
        9,
        171,
        172,
        8,
        59,
        121,
        16,
        35,
        225,
        158,
        145,
        31,
        4,
        2,
        129,
        16,
        66,
        8,
        1,
        2,
        132,
        123,
        114,
        2,
        34,
        174,
        80,
        17,
        144,
        51,
        146,
        32,
        143,
        200,
        71,
        22,
        170,
        106,
        50,
        89,
        177,
        10,
        225,
        71,
        98,
        144,
        176,
        49,
        124,
        36,
        16,
        8,
        33,
        132,
        16,
        2,
        132,
        115,
        17,
        17,
        87,
        168,
        32,
        167,
        37,
        65,
        34,
        23,
        242,
        145,
        133,
        170,
        154,
        80,
        86,
        132,
        159,
        136,
        4,
        9,
        134,
        143,
        5,
        8,
        132,
        16,
        66,
        8,
        132,
        179,
        17,
        81,
        84,
        84,
        228,
        212,
        36,
        242,
        129,
        60,
        182,
        80,
        85,
        83,
        9,
        36,
        97,
        21,
        158,
        16,
        12,
        187,
        72,
        228,
        65,
        128,
        0,
        33,
        16,
        66,
        8,
        103,
        35,
        136,
        138,
        162,
        34,
        103,
        103,
        140,
        145,
        141,
        60,
        182,
        80,
        85,
        115,
        73,
        32,
        43,
        62,
        33,
        6,
        136,
        172,
        130,
        108,
        194,
        38,
        16,
        32,
        132,
        64,
        216,
        4,
        228,
        36,
        4,
        69,
        69,
        81,
        228,
        252,
        140,
        145,
        11,
        121,
        100,
        161,
        170,
        102,
        18,
        86,
        97,
        21,
        158,
        20,
        99,
        12,
        16,
        129,
        240,
        32,
        172,
        2,
        4,
        2,
        1,
        194,
        153,
        136,
        136,
        43,
        68,
        145,
        183,
        192,
        8,
        1,
        249,
        216,
        66,
        85,
        77,
        36,
        132,
        132,
        139,
        128,
        252,
        68,
        140,
        97,
        19,
        144,
        139,
        112,
        17,
        86,
        1,
        194,
        61,
        57,
        9,
        17,
        197,
        21,
        34,
        111,
        133,
        1,
        249,
        137,
        133,
        170,
        154,
        71,
        128,
        0,
        73,
        248,
        164,
        24,
        30,
        132,
        31,
        9,
        155,
        176,
        147,
        243,
        16,
        81,
        92,
        161,
        32,
        111,
        133,
        4,
        144,
        143,
        45,
        84,
        213,
        76,
        18,
        32,
        64,
        248,
        164,
        32,
        132,
        79,
        9,
        39,
        36,
        162,
        184,
        65,
        228,
        45,
        145,
        159,
        90,
        168,
        170,
        105,
        132,
        64,
        18,
        126,
        73,
        120,
        99,
        68,
        84,
        92,
        33,
        242,
        230,
        13,
        170,
        106,
        38,
        225,
        26,
        137,
        168,
        184,
        66,
        228,
        237,
        91,
        168,
        170,
        89,
        132,
        64,
        46,
        248,
        37,
        225,
        41,
        114,
        70,
        34,
        174,
        80,
        17,
        185,
        2,
        11,
        85,
        53,
        145,
        132,
        199,
        228,
        19,
        194,
        211,
        130,
        156,
        142,
        40,
        174,
        80,
        68,
        174,
        193,
        160,
        170,
        166,
        17,
        32,
        27,
        8,
        32,
        87,
        65,
        20,
        47,
        16,
        185,
        10,
        11,
        85,
        53,
        137,
        64,
        194,
        99,
        242,
        41,
        18,
        158,
        34,
        167,
        35,
        138,
        27,
        20,
        228,
        58,
        44,
        84,
        213,
        76,
        178,
        33,
        252,
        34,
        121,
        27,
        68,
        113,
        131,
        34,
        215,
        98,
        80,
        85,
        19,
        10,
        87,
        66,
        20,
        55,
        40,
        114,
        53,
        6,
        85,
        53,
        139,
        220,
        35,
        92,
        11,
        81,
        92,
        129,
        34,
        215,
        99,
        161,
        170,
        230,
        19,
        174,
        131,
        40,
        110,
        80,
        228,
        138,
        12,
        170,
        106,
        42,
        129,
        112,
        37,
        68,
        113,
        131,
        34,
        215,
        100,
        80,
        85,
        19,
        73,
        8,
        132,
        171,
        32,
        138,
        27,
        148,
        43,
        179,
        80,
        85,
        243,
        8,
        171,
        112,
        29,
        68,
        113,
        135,
        200,
        117,
        25,
        84,
        213,
        52,
        194,
        46,
        92,
        3,
        81,
        220,
        128,
        200,
        149,
        25,
        84,
        213,
        84,
        194,
        117,
        16,
        193,
        13,
        138,
        92,
        155,
        65,
        85,
        205,
        34,
        64,
        8,
        215,
        65,
        220,
        161,
        200,
        213,
        25,
        84,
        213,
        68,
        2,
        4,
        18,
        222,
        56,
        193,
        29,
        138,
        92,
        159,
        65,
        85,
        77,
        39,
        188,
        117,
        226,
        5,
        202,
        85,
        26,
        84,
        85,
        189,
        53,
        162,
        236,
        20,
        228,
        10,
        13,
        170,
        106,
        30,
        129,
        240,
        246,
        137,
        224,
        5,
        200,
        53,
        90,
        168,
        170,
        57,
        36,
        236,
        66,
        120,
        219,
        68,
        188,
        135,
        92,
        167,
        65,
        85,
        213,
        155,
        34,
        226,
        5,
        200,
        149,
        26,
        84,
        213,
        28,
        100,
        19,
        174,
        129,
        178,
        83,
        174,
        213,
        160,
        170,
        234,
        45,
        17,
        5,
        119,
        92,
        175,
        65,
        85,
        213,
        219,
        16,
        86,
        34,
        184,
        3,
        185,
        90,
        131,
        170,
        170,
        183,
        197,
        11,
        228,
        138,
        13,
        170,
        106,
        38,
        242,
        118,
        201,
        198,
        123,
        136,
        92,
        175,
        65,
        85,
        213,
        219,
        161,
        128,
        10,
        34,
        87,
        108,
        80,
        85,
        147,
        144,
        183,
        79,
        80,
        1,
        69,
        174,
        217,
        160,
        170,
        230,
        34,
        111,
        153,
        15,
        144,
        171,
        54,
        168,
        170,
        121,
        8,
        130,
        188,
        85,
        202,
        70,
        69,
        174,
        219,
        160,
        170,
        234,
        141,
        16,
        220,
        0,
        114,
        229,
        6,
        85,
        85,
        111,
        131,
        248,
        128,
        171,
        183,
        80,
        85,
        211,
        145,
        183,
        72,
        84,
        46,
        228,
        218,
        13,
        170,
        106,
        22,
        130,
        128,
        188,
        53,
        9,
        27,
        5,
        119,
        92,
        191,
        133,
        170,
        154,
        137,
        16,
        222,
        36,
        1,
        119,
        204,
        96,
        80,
        85,
        211,
        144,
        157,
        188,
        45,
        65,
        86,
        94,
        128,
        200,
        213,
        27,
        84,
        213,
        60,
        100,
        37,
        111,
        145,
        220,
        83,
        102,
        176,
        80,
        85,
        19,
        17,
        8,
        134,
        183,
        68,
        54,
        138,
        59,
        144,
        235,
        55,
        168,
        170,
        217,
        200,
        219,
        36,
        200,
        74,
        38,
        48,
        168,
        170,
        105,
        40,
        162,
        32,
        111,
        141,
        2,
        138,
        34,
        51,
        24,
        84,
        213,
        44,
        4,
        17,
        16,
        121,
        91,
        4,
        21,
        4,
        153,
        194,
        66,
        85,
        205,
        68,
        86,
        225,
        205,
        145,
        149,
        162,
        204,
        97,
        80,
        85,
        147,
        16,
        148,
        157,
        108,
        194,
        91,
        33,
        184,
        98,
        34,
        11,
        85,
        53,
        13,
        131,
        108,
        130,
        1,
        130,
        188,
        5,
        162,
        128,
        43,
        102,
        49,
        168,
        170,
        137,
        200,
        27,
        36,
        130,
        202,
        76,
        22,
        170,
        106,
        30,
        70,
        46,
        194,
        46,
        242,
        38,
        120,
        1,
        50,
        137,
        65,
        85,
        205,
        66,
        16,
        148,
        183,
        69,
        228,
        158,
        76,
        99,
        161,
        170,
        166,
        97,
        144,
        32,
        155,
        96,
        144,
        83,
        11,
        178,
        241,
        2,
        100,
        22,
        11,
        85,
        53,
        15,
        131,
        64,
        88,
        25,
        228,
        220,
        194,
        78,
        185,
        144,
        121,
        44,
        84,
        213,
        68,
        12,
        43,
        89,
        197,
        240,
        22,
        8,
        184,
        227,
        120,
        225,
        53,
        201,
        167,
        45,
        84,
        213,
        76,
        140,
        172,
        130,
        196,
        240,
        86,
        168,
        32,
        114,
        136,
        112,
        14,
        65,
        62,
        101,
        161,
        170,
        166,
        98,
        88,
        73,
        36,
        18,
        206,
        207,
        21,
        160,
        28,
        33,
        156,
        73,
        144,
        167,
        45,
        84,
        213,
        100,
        228,
        131,
        24,
        32,
        172,
        228,
        215,
        9,
        32,
        95,
        139,
        10,
        200,
        179,
        133,
        147,
        137,
        60,
        105,
        161,
        170,
        230,
        98,
        228,
        94,
        140,
        1,
        3,
        4,
        249,
        124,
        225,
        235,
        144,
        157,
        128,
        200,
        179,
        133,
        139,
        32,
        155,
        240,
        122,
        100,
        23,
        121,
        202,
        66,
        85,
        205,
        71,
        46,
        98,
        12,
        24,
        190,
        128,
        236,
        228,
        94,
        120,
        9,
        2,
        2,
        34,
        207,
        22,
        86,
        97,
        19,
        94,
        91,
        144,
        79,
        91,
        168,
        170,
        201,
        24,
        121,
        16,
        99,
        64,
        126,
        37,
        185,
        144,
        151,
        36,
        43,
        21,
        148,
        163,
        132,
        211,
        8,
        242,
        41,
        11,
        85,
        53,
        27,
        131,
        220,
        139,
        49,
        124,
        33,
        1,
        217,
        4,
        48,
        188,
        20,
        1,
        57,
        68,
        216,
        4,
        57,
        139,
        200,
        19,
        22,
        170,
        106,
        58,
        18,
        137,
        252,
        32,
        252,
        122,
        2,
        114,
        33,
        1,
        195,
        225,
        100,
        37,
        199,
        8,
        187,
        176,
        10,
        175,
        77,
        32,
        242,
        9,
        11,
        85,
        53,
        33,
        35,
        145,
        85,
        140,
        65,
        8,
        191,
        138,
        32,
        200,
        69,
        120,
        41,
        162,
        128,
        28,
        35,
        16,
        206,
        33,
        242,
        51,
        22,
        170,
        106,
        70,
        70,
        34,
        96,
        216,
        69,
        194,
        69,
        120,
        154,
        92,
        200,
        70,
        4,
        217,
        197,
        24,
        94,
        128,
        32,
        160,
        200,
        92,
        22,
        170,
        106,
        74,
        70,
        34,
        15,
        34,
        145,
        240,
        203,
        100,
        37,
        136,
        200,
        46,
        134,
        23,
        33,
        178,
        146,
        3,
        133,
        55,
        97,
        161,
        170,
        230,
        100,
        100,
        103,
        12,
        16,
        137,
        132,
        79,
        146,
        141,
        32,
        32,
        34,
        34,
        4,
        34,
        129,
        112,
        48,
        17,
        87,
        92,
        167,
        200,
        167,
        45,
        84,
        213,
        164,
        140,
        145,
        71,
        98,
        48,
        96,
        120,
        130,
        108,
        4,
        17,
        68,
        20,
        185,
        8,
        24,
        94,
        128,
        76,
        106,
        161,
        170,
        102,
        101,
        4,
        140,
        225,
        131,
        72,
        144,
        167,
        9,
        136,
        32,
        34,
        138,
        92,
        132,
        23,
        33,
        120,
        193,
        97,
        12,
        39,
        33,
        63,
        99,
        161,
        170,
        166,
        37,
        145,
        24,
        217,
        196,
        24,
        137,
        16,
        126,
        74,
        86,
        34,
        136,
        136,
        40,
        178,
        10,
        24,
        142,
        39,
        200,
        172,
        22,
        170,
        106,
        98,
        242,
        217,
        100,
        37,
        136,
        136,
        136,
        34,
        68,
        2,
        134,
        227,
        9,
        174,
        152,
        209,
        66,
        85,
        205,
        205,
        24,
        99,
        228,
        103,
        201,
        70,
        16,
        17,
        68,
        17,
        48,
        24,
        94,
        146,
        50,
        159,
        133,
        170,
        154,
        156,
        252,
        192,
        96,
        64,
        8,
        63,
        144,
        11,
        1,
        65,
        16,
        17,
        121,
        36,
        28,
        79,
        217,
        137,
        76,
        102,
        161,
        170,
        10,
        35,
        59,
        131,
        4,
        144,
        77,
        0,
        185,
        144,
        149,
        128,
        32,
        136,
        188,
        40,
        89,
        185,
        98,
        70,
        11,
        85,
        53,
        61,
        137,
        68,
        54,
        6,
        132,
        176,
        147,
        123,
        178,
        147,
        149,
        128,
        32,
        31,
        11,
        4,
        57,
        66,
        144,
        31,
        200,
        132,
        22,
        170,
        170,
        48,
        200,
        133,
        97,
        37,
        225,
        7,
        178,
        147,
        157,
        108,
        228,
        177,
        240,
        130,
        68,
        102,
        179,
        80,
        85,
        5,
        66,
        144,
        141,
        97,
        35,
        225,
        66,
        118,
        242,
        3,
        121,
        73,
        97,
        231,
        5,
        83,
        90,
        168,
        170,
        218,
        9,
        196,
        128,
        124,
        76,
        62,
        144,
        167,
        132,
        240,
        114,
        100,
        70,
        11,
        85,
        85,
        31,
        136,
        220,
        11,
        242,
        129,
        124,
        101,
        145,
        15,
        68,
        166,
        179,
        80,
        85,
        245,
        20,
        57,
        3,
        149,
        41,
        13,
        170,
        170,
        78,
        75,
        64,
        100,
        62,
        131,
        170,
        170,
        115,
        147,
        9,
        13,
        170,
        170,
        206,
        74,
        80,
        166,
        52,
        168,
        170,
        58,
        41,
        65,
        144,
        25,
        13,
        170,
        170,
        206,
        37,
        124,
        32,
        179,
        26,
        84,
        85,
        213,
        233,
        12,
        170,
        170,
        206,
        69,
        54,
        42,
        19,
        27,
        84,
        85,
        157,
        143,
        108,
        4,
        153,
        211,
        160,
        170,
        234,
        116,
        100,
        118,
        131,
        170,
        170,
        243,
        146,
        73,
        45,
        84,
        85,
        157,
        140,
        128,
        128,
        172,
        100,
        74,
        131,
        170,
        170,
        58,
        157,
        65,
        85,
        213,
        25,
        169,
        32,
        179,
        26,
        84,
        85,
        213,
        233,
        12,
        170,
        170,
        206,
        71,
        38,
        55,
        168,
        170,
        58,
        43,
        153,
        214,
        160,
        170,
        170,
        78,
        103,
        80,
        85,
        117,
        66,
        2,
        50,
        175,
        65,
        85,
        213,
        233,
        200,
        236,
        6,
        85,
        85,
        117,
        58,
        131,
        170,
        170,
        51,
        146,
        169,
        13,
        170,
        170,
        234,
        116,
        22,
        170,
        170,
        142,
        34,
        7,
        82,
        38,
        54,
        168,
        170,
        170,
        211,
        25,
        84,
        85,
        61,
        155,
        128,
        212,
        113,
        6,
        85,
        85,
        117,
        58,
        131,
        170,
        170,
        231,
        19,
        169,
        3,
        13,
        170,
        170,
        234,
        116,
        6,
        85,
        85,
        207,
        36,
        117,
        180,
        65,
        85,
        213,
        1,
        164,
        142,
        52,
        168,
        170,
        170,
        211,
        25,
        84,
        85,
        213,
        233,
        12,
        170,
        170,
        142,
        33,
        117,
        152,
        65,
        85,
        85,
        157,
        206,
        160,
        170,
        234,
        185,
        164,
        14,
        54,
        168,
        170,
        170,
        211,
        25,
        84,
        85,
        29,
        66,
        234,
        56,
        131,
        170,
        170,
        103,
        19,
        4,
        169,
        163,
        12,
        170,
        170,
        158,
        79,
        169,
        35,
        13,
        170,
        170,
        234,
        116,
        6,
        85,
        85,
        71,
        145,
        58,
        200,
        160,
        170,
        234,
        24,
        82,
        135,
        25,
        84,
        85,
        213,
        233,
        44,
        84,
        85,
        157,
        81,
        64,
        230,
        53,
        168,
        170,
        58,
        132,
        28,
        39,
        204,
        110,
        80,
        85,
        245,
        76,
        174,
        144,
        67,
        5,
        8,
        243,
        26,
        84,
        85,
        61,
        143,
        172,
        4,
        68,
        234,
        24,
        131,
        170,
        170,
        179,
        10,
        211,
        26,
        84,
        85,
        29,
        67,
        142,
        19,
        38,
        55,
        168,
        170,
        58,
        165,
        48,
        179,
        65,
        85,
        213,
        33,
        228,
        80,
        33,
        16,
        102,
        53,
        168,
        170,
        58,
        130,
        128,
        28,
        38,
        204,
        109,
        80,
        85,
        245,
        124,
        202,
        78,
        14,
        144,
        176,
        11,
        171,
        48,
        165,
        65,
        85,
        213,
        115,
        41,
        199,
        10,
        247,
        194,
        164,
        6,
        85,
        85,
        207,
        34,
        15,
        164,
        142,
        50,
        168,
        170,
        122,
        38,
        217,
        201,
        113,
        194,
        38,
        16,
        230,
        52,
        168,
        170,
        58,
        130,
        114,
        168,
        132,
        153,
        13,
        170,
        170,
        14,
        32,
        135,
        11,
        19,
        27,
        84,
        85,
        61,
        159,
        236,
        100,
        19,
        234,
        185,
        6,
        85,
        85,
        207,
        38,
        47,
        35,
        64,
        152,
        209,
        160,
        170,
        234,
        121,
        68,
        64,
        69,
        54,
        225,
        121,
        194,
        189,
        64,
        152,
        212,
        160,
        170,
        234,
        32,
        114,
        8,
        121,
        16,
        72,
        8,
        19,
        26,
        84,
        85,
        61,
        159,
        242,
        72,
        168,
        103,
        26,
        84,
        85,
        213,
        233,
        12,
        170,
        170,
        158,
        73,
        228,
        101,
        36,
        36,
        132,
        249,
        12,
        170,
        170,
        142,
        160,
        242,
        2,
        194,
        156,
        6,
        85,
        85,
        207,
        37,
        10,
        200,
        38,
        64,
        120,
        38,
        121,
        44,
        76,
        103,
        80,
        85,
        117,
        86,
        97,
        19,
        38,
        52,
        168,
        170,
        58,
        138,
        28,
        66,
        118,
        9,
        217,
        0,
        97,
        54,
        131,
        170,
        170,
        103,
        19,
        87,
        32,
        47,
        33,
        204,
        103,
        80,
        85,
        117,
        28,
        69,
        14,
        149,
        132,
        9,
        13,
        170,
        170,
        158,
        79,
        14,
        37,
        187,
        172,
        88,
        133,
        233,
        12,
        170,
        170,
        14,
        34,
        7,
        145,
        85,
        8,
        187,
        4,
        194,
        100,
        22,
        170,
        170,
        142,
        96,
        120,
        1,
        1,
        100,
        66,
        131,
        170,
        170,
        67,
        8,
        178,
        17,
        228,
        24,
        225,
        34,
        204,
        102,
        80,
        85,
        117,
        0,
        65,
        16,
        4,
        229,
        8,
        33,
        144,
        29,
        211,
        25,
        84,
        85,
        29,
        71,
        57,
        78,
        72,
        152,
        212,
        66,
        85,
        213,
        65,
        12,
        135,
        11,
        32,
        243,
        25,
        84,
        85,
        29,
        69,
        86,
        114,
        152,
        16,
        86,
        9,
        132,
        185,
        12,
        170,
        170,
        14,
        35,
        200,
        129,
        2,
        97,
        149,
        48,
        153,
        65,
        85,
        213,
        113,
        20,
        228,
        64,
        33,
        97,
        66,
        131,
        170,
        170,
        67,
        40,
        199,
        11,
        171,
        4,
        8,
        83,
        25,
        84,
        85,
        29,
        68,
        1,
        69,
        14,
        148,
        4,
        146,
        16,
        102,
        50,
        168,
        170,
        58,
        140,
        10,
        34,
        135,
        72,
        32,
        64,
        56,
        146,
        156,
        131,
        252,
        156,
        133,
        170,
        170,
        115,
        10,
        68,
        54,
        65,
        98,
        228,
        16,
        18,
        86,
        242,
        26,
        2,
        200,
        99,
        242,
        148,
        133,
        170,
        170,
        35,
        73,
        56,
        94,
        144,
        35,
        24,
        86,
        242,
        106,
        228,
        49,
        249,
        148,
        65,
        85,
        213,
        17,
        4,
        55,
        128,
        200,
        1,
        100,
        151,
        21,
        144,
        16,
        158,
        71,
        64,
        78,
        68,
        62,
        105,
        80,
        85,
        117,
        12,
        185,
        144,
        35,
        133,
        85,
        18,
        86,
        225,
        249,
        148,
        147,
        80,
        62,
        109,
        161,
        170,
        234,
        56,
        2,
        225,
        37,
        4,
        228,
        153,
        12,
        43,
        57,
        19,
        121,
        210,
        66,
        85,
        213,
        81,
        36,
        108,
        12,
        7,
        10,
        27,
        33,
        70,
        174,
        140,
        60,
        109,
        161,
        170,
        234,
        32,
        6,
        16,
        8,
        171,
        128,
        60,
        139,
        145,
        139,
        176,
        145,
        231,
        146,
        112,
        38,
        242,
        41,
        11,
        85,
        85,
        135,
        48,
        128,
        132,
        141,
        225,
        0,
        178,
        138,
        68,
        118,
        145,
        231,
        146,
        183,
        97,
        161,
        170,
        234,
        40,
        18,
        94,
        64,
        12,
        59,
        137,
        204,
        97,
        80,
        85,
        117,
        12,
        89,
        169,
        28,
        44,
        4,
        8,
        83,
        89,
        168,
        170,
        58,
        140,
        4,
        132,
        176,
        139,
        28,
        33,
        6,
        12,
        43,
        153,
        196,
        160,
        170,
        234,
        32,
        242,
        64,
        14,
        21,
        72,
        194,
        76,
        22,
        170,
        170,
        142,
        98,
        100,
        21,
        14,
        23,
        33,
        200,
        52,
        22,
        170,
        170,
        78,
        47,
        6,
        36,
        128,
        76,
        97,
        80,
        85,
        117,
        24,
        81,
        144,
        67,
        37,
        16,
        32,
        108,
        194,
        20,
        6,
        85,
        85,
        199,
        17,
        4,
        65,
        4,
        57,
        70,
        216,
        37,
        76,
        99,
        161,
        170,
        234,
        88,
        6,
        9,
        200,
        33,
        194,
        38,
        128,
        4,
        140,
        76,
        96,
        161,
        170,
        234,
        96,
        134,
        131,
        69,
        86,
        97,
        99,
        228,
        250,
        13,
        170,
        170,
        142,
        36,
        32,
        32,
        7,
        145,
        143,
        133,
        112,
        253,
        22,
        170,
        170,
        14,
        101,
        64,
        136,
        225,
        80,
        225,
        66,
        102,
        48,
        168,
        170,
        58,
        144,
        160,
        172,
        68,
        142,
        20,
        86,
        217,
        17,
        174,
        222,
        194,
        230,
        142,
        170,
        170,
        227,
        8,
        132,
        163,
        5,
        100,
        19,
        185,
        98,
        119,
        108,
        22,
        118,
        9,
        171,
        255,
        69,
        85,
        85,
        189,
        166,
        132,
        221,
        0,
        2,
        161,
        170,
        170,
        78,
        32,
        16,
        96,
        64,
        224,
        142,
        59,
        170,
        170,
        234,
        213,
        221,
        113,
        7,
        129,
        193,
        234,
        142,
        187,
        59,
        170,
        170,
        234,
        213,
        221,
        221,
        113,
        199,
        202,
        213,
        24,
        55,
        239,
        222,
        189,
        91,
        190,
        93,
        110,
        150,
        161,
        82,
        85,
        85,
        95,
        87,
        146,
        187,
        247,
        183,
        239,
        255,
        244,
        254,
        251,
        239,
        191,
        191,
        189,
        187,
        75,
        22,
        32,
        201,
        221,
        234,
        123,
        146,
        49,
        148,
        170,
        170,
        250,
        186,
        146,
        187,
        187,
        219,
        219,
        239,
        239,
        86,
        73,
        128,
        5,
        98,
        238,
        110,
        135,
        114,
        247,
        238,
        214,
        49,
        168,
        170,
        170,
        175,
        237,
        238,
        46,
        119,
        223,
        223,
        221,
        190,
        191,
        189,
        189,
        11,
        129,
        133,
        24,
        147,
        247,
        146,
        113,
        231,
        141,
        131,
        170,
        170,
        250,
        218,
        238,
        114,
        155,
        187,
        187,
        247,
        183,
        239,
        19,
        66,
        88,
        88,
        133,
        91,
        190,
        79,
        134,
        227,
        22,
        169,
        170,
        170,
        175,
        45,
        220,
        221,
        229,
        238,
        246,
        253,
        221,
        109,
        194,
        106,
        137,
        4,
        184,
        229,
        251,
        187,
        225,
        64,
        169,
        170,
        170,
        175,
        45,
        225,
        46,
        119,
        183,
        185,
        205,
        10,
        178,
        64,
        12,
        112,
        107,
        148,
        1,
        131,
        170,
        170,
        250,
        186,
        238,
        224,
        142,
        228,
        46,
        27,
        2,
        34,
        136,
        138,
        50,
        168,
        170,
        170,
        215,
        113,
        71,
        66,
        18,
        2,
        17,
        4,
        17,
        17,
        144,
        170,
        170,
        250,
        250,
        2,
        132,
        16,
        2,
        65,
        64,
        16,
        16,
        144,
        170,
        170,
        122,
        13,
        1,
        2,
        4,
        2,
        178,
        146,
        149,
        84,
        85,
        213,
        235,
        10,
        171,
        0,
        114,
        33,
        85,
        85,
        245,
        250,
        194,
        238,
        255,
        3,
        29,
        180,
        116,
        126,
        51,
        53,
        72,
        229,
        0,
        0,
        0,
        0,
        73,
        69,
        78,
        68,
        174,
        66,
        96,
        130
      ]
    },
    "stat": {
      "dev": 16777220,
      "mode": 33188,
      "nlink": 1,
      "uid": 501,
      "gid": 20,
      "rdev": 0,
      "blksize": 4194304,
      "ino": 2088757,
      "size": 8262,
      "blocks": 24,
      "atime": "2018-04-17T07:59:11.793Z",
      "mtime": "2018-03-22T08:50:41.036Z",
      "ctime": "2018-03-22T08:50:41.036Z",
      "birthtime": "2018-03-22T08:50:41.035Z"
    },
    "history": [
      "/Users/jiangheng/Desktop/work-code/xxd-h5/src/mods/openaccount/yhimgs/hxyh_bg@2x.png"
    ],
    "path": "/Users/jiangheng/Desktop/work-code/xxd-h5/src/mods/openaccount/yhimgs/hxyh_bg@2x.png",
    "gulpCache$filePathChangedInsideTask": false,
    "gulpCache$fileBaseChangedInsideTask": false,
    "gulpCache$originalPath": "/Users/jiangheng/Desktop/work-code/xxd-h5/src/mods/openaccount/yhimgs/hxyh_bg@2x.png",
    "gulpCache$originalBase": "/Users/jiangheng/Desktop/work-code/xxd-h5/src/mods/"
  }
]