[
  {
    "cwd": "/Users/jiangheng/Desktop/work-code/xxd-h5",
    "base": "/Users/jiangheng/Desktop/work-code/xxd-h5/src/mods/",
    "contents": {
      "type": "Buffer",
      "data": [
        137,
        80,
        78,
        71,
        13,
        10,
        26,
        10,
        0,
        0,
        0,
        13,
        73,
        72,
        68,
        82,
        0,
        0,
        0,
        79,
        0,
        0,
        0,
        79,
        8,
        3,
        0,
        0,
        0,
        157,
        234,
        104,
        180,
        0,
        0,
        2,
        232,
        80,
        76,
        84,
        69,
        255,
        255,
        255,
        255,
        255,
        255,
        255,
        255,
        255,
        255,
        255,
        255,
        255,
        255,
        255,
        255,
        255,
        255,
        255,
        255,
        255,
        255,
        255,
        255,
        255,
        255,
        255,
        255,
        255,
        255,
        255,
        255,
        255,
        255,
        255,
        255,
        255,
        255,
        255,
        255,
        255,
        255,
        255,
        255,
        255,
        255,
        255,
        255,
        255,
        255,
        255,
        255,
        255,
        255,
        255,
        255,
        255,
        255,
        255,
        255,
        255,
        255,
        255,
        255,
        255,
        255,
        255,
        255,
        255,
        255,
        255,
        255,
        255,
        255,
        255,
        255,
        255,
        255,
        255,
        255,
        255,
        255,
        255,
        255,
        255,
        255,
        255,
        255,
        255,
        255,
        255,
        255,
        255,
        255,
        255,
        255,
        255,
        255,
        255,
        255,
        255,
        255,
        255,
        255,
        255,
        255,
        255,
        255,
        255,
        255,
        255,
        255,
        255,
        255,
        255,
        255,
        255,
        255,
        255,
        255,
        255,
        255,
        255,
        255,
        255,
        255,
        255,
        255,
        255,
        255,
        255,
        255,
        255,
        255,
        255,
        255,
        255,
        255,
        255,
        255,
        255,
        255,
        255,
        255,
        255,
        255,
        255,
        255,
        255,
        255,
        255,
        255,
        255,
        255,
        255,
        255,
        255,
        255,
        255,
        255,
        255,
        255,
        255,
        255,
        255,
        255,
        255,
        255,
        255,
        255,
        255,
        255,
        255,
        255,
        255,
        255,
        255,
        255,
        255,
        255,
        255,
        255,
        255,
        255,
        255,
        255,
        255,
        255,
        255,
        255,
        255,
        255,
        255,
        255,
        255,
        255,
        255,
        255,
        255,
        255,
        255,
        255,
        255,
        255,
        255,
        255,
        255,
        255,
        255,
        255,
        255,
        255,
        255,
        255,
        255,
        255,
        255,
        255,
        255,
        255,
        255,
        255,
        255,
        255,
        255,
        255,
        255,
        255,
        255,
        255,
        255,
        255,
        255,
        255,
        255,
        255,
        255,
        255,
        255,
        255,
        255,
        255,
        255,
        255,
        255,
        255,
        255,
        255,
        255,
        255,
        255,
        255,
        255,
        255,
        255,
        255,
        255,
        255,
        255,
        255,
        255,
        255,
        255,
        255,
        255,
        255,
        255,
        255,
        255,
        255,
        230,
        0,
        18,
        230,
        1,
        19,
        230,
        2,
        20,
        230,
        5,
        23,
        231,
        6,
        24,
        231,
        10,
        27,
        231,
        11,
        28,
        231,
        12,
        29,
        231,
        13,
        30,
        231,
        14,
        31,
        231,
        15,
        32,
        232,
        16,
        33,
        232,
        18,
        35,
        232,
        22,
        38,
        232,
        23,
        39,
        232,
        24,
        40,
        232,
        25,
        41,
        233,
        27,
        43,
        233,
        28,
        44,
        233,
        29,
        45,
        233,
        30,
        46,
        233,
        31,
        47,
        233,
        32,
        48,
        233,
        33,
        49,
        233,
        34,
        50,
        233,
        35,
        51,
        234,
        36,
        51,
        234,
        39,
        54,
        234,
        42,
        57,
        234,
        44,
        59,
        234,
        45,
        60,
        235,
        46,
        61,
        235,
        47,
        62,
        235,
        48,
        63,
        235,
        49,
        64,
        235,
        52,
        66,
        235,
        53,
        67,
        235,
        56,
        70,
        236,
        57,
        71,
        236,
        58,
        72,
        236,
        59,
        73,
        236,
        63,
        77,
        237,
        67,
        80,
        237,
        68,
        81,
        237,
        70,
        83,
        237,
        71,
        84,
        237,
        72,
        85,
        237,
        73,
        86,
        238,
        78,
        90,
        238,
        79,
        91,
        238,
        83,
        95,
        238,
        86,
        98,
        239,
        89,
        101,
        239,
        92,
        104,
        239,
        93,
        104,
        239,
        94,
        105,
        239,
        95,
        106,
        240,
        99,
        110,
        240,
        100,
        111,
        240,
        101,
        112,
        240,
        102,
        113,
        240,
        103,
        114,
        240,
        106,
        117,
        240,
        107,
        117,
        241,
        108,
        118,
        241,
        110,
        120,
        241,
        111,
        121,
        241,
        114,
        124,
        241,
        115,
        125,
        241,
        116,
        126,
        242,
        118,
        128,
        242,
        119,
        129,
        242,
        120,
        130,
        242,
        123,
        132,
        242,
        125,
        134,
        242,
        127,
        136,
        243,
        130,
        139,
        243,
        133,
        142,
        243,
        135,
        143,
        243,
        136,
        144,
        244,
        140,
        148,
        244,
        141,
        149,
        244,
        142,
        150,
        244,
        143,
        151,
        244,
        147,
        155,
        245,
        148,
        156,
        245,
        149,
        156,
        245,
        150,
        157,
        245,
        151,
        158,
        245,
        153,
        160,
        245,
        157,
        164,
        246,
        159,
        166,
        246,
        160,
        167,
        246,
        164,
        170,
        246,
        165,
        171,
        246,
        167,
        173,
        246,
        168,
        174,
        247,
        169,
        175,
        247,
        170,
        176,
        247,
        173,
        179,
        247,
        174,
        180,
        247,
        175,
        181,
        248,
        179,
        184,
        248,
        180,
        185,
        248,
        183,
        188,
        248,
        184,
        189,
        248,
        185,
        190,
        248,
        186,
        191,
        248,
        187,
        192,
        248,
        188,
        193,
        249,
        189,
        194,
        249,
        190,
        195,
        249,
        191,
        196,
        249,
        192,
        196,
        249,
        193,
        197,
        249,
        197,
        201,
        249,
        198,
        202,
        250,
        199,
        203,
        250,
        200,
        204,
        250,
        201,
        205,
        250,
        202,
        206,
        250,
        204,
        208,
        250,
        206,
        209,
        250,
        207,
        210,
        251,
        210,
        213,
        251,
        213,
        216,
        251,
        214,
        217,
        251,
        215,
        218,
        251,
        216,
        219,
        251,
        219,
        222,
        252,
        220,
        222,
        252,
        221,
        223,
        252,
        222,
        224,
        252,
        223,
        225,
        252,
        224,
        226,
        252,
        227,
        229,
        252,
        228,
        230,
        252,
        229,
        231,
        253,
        230,
        232,
        253,
        231,
        233,
        253,
        234,
        235,
        253,
        235,
        236,
        253,
        236,
        237,
        253,
        237,
        238,
        253,
        238,
        239,
        253,
        239,
        240,
        254,
        240,
        241,
        254,
        241,
        242,
        254,
        243,
        244,
        254,
        244,
        245,
        254,
        246,
        247,
        254,
        248,
        248,
        254,
        249,
        249,
        255,
        251,
        251,
        255,
        252,
        252,
        255,
        253,
        253,
        255,
        254,
        254,
        255,
        255,
        255,
        230,
        207,
        139,
        118,
        0,
        0,
        0,
        90,
        116,
        82,
        78,
        83,
        0,
        3,
        10,
        14,
        15,
        16,
        17,
        18,
        19,
        33,
        34,
        36,
        37,
        38,
        39,
        40,
        42,
        46,
        63,
        66,
        76,
        77,
        78,
        84,
        85,
        87,
        92,
        93,
        94,
        95,
        102,
        110,
        111,
        112,
        113,
        114,
        115,
        126,
        127,
        137,
        138,
        140,
        142,
        143,
        144,
        150,
        152,
        153,
        154,
        155,
        156,
        160,
        162,
        166,
        167,
        168,
        170,
        171,
        172,
        183,
        184,
        194,
        196,
        199,
        200,
        201,
        203,
        204,
        209,
        210,
        216,
        217,
        222,
        224,
        227,
        228,
        229,
        237,
        238,
        240,
        241,
        242,
        247,
        248,
        249,
        250,
        251,
        252,
        253,
        254,
        92,
        162,
        90,
        206,
        0,
        0,
        5,
        217,
        73,
        68,
        65,
        84,
        88,
        195,
        197,
        153,
        105,
        64,
        84,
        85,
        20,
        128,
        47,
        106,
        165,
        98,
        38,
        42,
        97,
        97,
        90,
        182,
        168,
        153,
        169,
        169,
        229,
        90,
        41,
        184,
        162,
        160,
        44,
        162,
        131,
        152,
        138,
        96,
        150,
        24,
        137,
        182,
        73,
        84,
        174,
        185,
        101,
        105,
        89,
        86,
        128,
        150,
        237,
        146,
        206,
        184,
        100,
        133,
        185,
        164,
        230,
        2,
        73,
        203,
        152,
        70,
        25,
        101,
        35,
        105,
        64,
        137,
        35,
        223,
        223,
        126,
        188,
        251,
        150,
        89,
        152,
        121,
        243,
        252,
        209,
        249,
        245,
        238,
        61,
        247,
        124,
        239,
        189,
        121,
        231,
        158,
        123,
        206,
        25,
        33,
        2,
        74,
        88,
        196,
        13,
        183,
        247,
        125,
        96,
        68,
        92,
        2,
        9,
        113,
        35,
        30,
        28,
        208,
        165,
        125,
        68,
        152,
        176,
        44,
        205,
        59,
        13,
        26,
        143,
        183,
        140,
        31,
        212,
        169,
        185,
        21,
        88,
        147,
        14,
        131,
        39,
        225,
        95,
        38,
        13,
        238,
        208,
        36,
        68,
        90,
        179,
        238,
        137,
        4,
        146,
        164,
        238,
        205,
        66,
        160,
        133,
        247,
        158,
        160,
        26,
        186,
        203,
        28,
        133,
        171,
        242,
        115,
        179,
        210,
        108,
        211,
        231,
        228,
        173,
        40,
        112,
        148,
        185,
        165,
        98,
        66,
        239,
        22,
        38,
        105,
        141,
        187,
        38,
        75,
        155,
        154,
        93,
        171,
        51,
        109,
        94,
        146,
        185,
        122,
        167,
        75,
        209,
        38,
        119,
        109,
        108,
        6,
        23,
        57,
        90,
        210,
        74,
        95,
        121,
        200,
        230,
        95,
        158,
        219,
        85,
        7,
        192,
        232,
        200,
        160,
        180,
        70,
        61,
        21,
        216,
        165,
        221,
        207,
        216,
        2,
        72,
        182,
        67,
        33,
        246,
        108,
        20,
        228,
        151,
        139,
        5,
        160,
        206,
        241,
        152,
        45,
        136,
        100,
        111,
        191,
        4,
        16,
        27,
        30,
        8,
        215,
        122,
        44,
        0,
        135,
        131,
        210,
        108,
        54,
        155,
        109,
        254,
        158,
        122,
        96,
        108,
        235,
        134,
        113,
        81,
        73,
        0,
        53,
        111,
        216,
        76,
        202,
        242,
        11,
        64,
        82,
        84,
        67,
        184,
        27,
        83,
        1,
        78,
        205,
        245,
        52,
        154,
        183,
        166,
        232,
        163,
        29,
        251,
        203,
        157,
        63,
        238,
        221,
        105,
        95,
        63,
        223,
        83,
        55,
        247,
        20,
        144,
        26,
        221,
        192,
        211,
        165,
        2,
        236,
        203,
        48,
        26,
        188,
        96,
        63,
        227,
        233,
        200,
        174,
        221,
        203,
        211,
        12,
        250,
        140,
        35,
        64,
        170,
        223,
        39,
        108,
        147,
        12,
        96,
        55,
        172,
        158,
        186,
        241,
        87,
        127,
        123,
        163,
        242,
        29,
        131,
        83,
        166,
        127,
        9,
        36,
        183,
        241,
        243,
        101,
        19,
        0,
        236,
        134,
        149,
        69,
        85,
        13,
        237,
        182,
        218,
        226,
        44,
        109,
        89,
        154,
        29,
        72,
        240,
        249,
        202,
        141,
        98,
        1,
        190,
        208,
        113,
        75,
        78,
        7,
        218,
        191,
        174,
        149,
        250,
        74,
        59,
        16,
        235,
        237,
        135,
        61,
        0,
        14,
        167,
        171,
        107,
        102,
        149,
        16,
        68,
        182,
        165,
        123,
        0,
        123,
        120,
        226,
        218,
        2,
        156,
        210,
        62,
        69,
        118,
        5,
        65,
        165,
        252,
        81,
        13,
        120,
        24,
        104,
        235,
        17,
        236,
        70,
        3,
        181,
        243,
        84,
        253,
        211,
        127,
        96,
        66,
        126,
        127,
        74,
        93,
        159,
        83,
        11,
        113,
        198,
        144,
        120,
        39,
        192,
        171,
        170,
        122,
        81,
        53,
        166,
        164,
        122,
        145,
        106,
        177,
        30,
        232,
        166,
        227,
        174,
        77,
        1,
        190,
        85,
        149,
        11,
        206,
        255,
        237,
        45,
        23,
        1,
        46,
        250,
        76,
        159,
        95,
        160,
        218,
        28,
        132,
        148,
        150,
        26,
        239,
        94,
        224,
        242,
        179,
        82,
        53,
        251,
        236,
        94,
        159,
        141,
        85,
        12,
        80,
        236,
        51,
        189,
        247,
        108,
        182,
        250,
        198,
        117,
        112,
        159,
        138,
        107,
        53,
        17,
        216,
        161,
        186,
        93,
        57,
        230,
        121,
        84,
        204,
        146,
        151,
        14,
        152,
        216,
        74,
        242,
        122,
        1,
        117,
        234,
        157,
        182,
        17,
        10,
        143,
        18,
        121,
        249,
        200,
        191,
        208,
        83,
        193,
        53,
        77,
        4,
        182,
        171,
        110,
        76,
        104,
        60,
        150,
        200,
        235,
        15,
        32,
        241,
        26,
        33,
        132,
        16,
        55,
        3,
        245,
        79,
        200,
        183,
        61,
        29,
        42,
        239,
        180,
        244,
        235,
        25,
        127,
        193,
        45,
        66,
        8,
        33,
        134,
        2,
        7,
        228,
        138,
        34,
        52,
        222,
        230,
        223,
        116,
        169,
        1,
        168,
        49,
        76,
        108,
        214,
        120,
        20,
        73,
        211,
        247,
        33,
        70,
        8,
        33,
        154,
        3,
        44,
        148,
        17,
        165,
        74,
        231,
        21,
        7,
        114,
        189,
        98,
        157,
        87,
        53,
        85,
        177,
        125,
        188,
        30,
        194,
        133,
        16,
        29,
        1,
        151,
        188,
        199,
        70,
        66,
        231,
        177,
        81,
        26,
        31,
        129,
        142,
        66,
        136,
        129,
        192,
        78,
        57,
        245,
        139,
        21,
        94,
        133,
        52,
        126,
        19,
        6,
        10,
        17,
        54,
        14,
        88,
        45,
        163,
        49,
        86,
        120,
        60,
        175,
        185,
        198,
        248,
        48,
        17,
        1,
        184,
        51,
        245,
        192,
        163,
        241,
        150,
        189,
        167,
        203,
        9,
        128,
        19,
        134,
        137,
        101,
        70,
        158,
        12,
        194,
        153,
        110,
        136,
        16,
        209,
        64,
        153,
        124,
        226,
        51,
        70,
        158,
        73,
        127,
        1,
        206,
        200,
        97,
        25,
        68,
        139,
        206,
        128,
        67,
        158,
        100,
        88,
        227,
        49,
        79,
        219,
        115,
        93,
        68,
        127,
        160,
        80,
        25,
        175,
        179,
        202,
        91,
        167,
        12,
        11,
        161,
        191,
        24,
        10,
        172,
        82,
        198,
        159,
        88,
        229,
        73,
        205,
        42,
        24,
        42,
        134,
        3,
        249,
        202,
        120,
        167,
        84,
        239,
        159,
        161,
        203,
        84,
        111,
        222,
        84,
        131,
        114,
        191,
        52,
        56,
        168,
        216,
        231,
        195,
        72,
        49,
        6,
        200,
        85,
        198,
        159,
        251,
        113,
        140,
        99,
        222,
        188,
        99,
        126,
        22,
        57,
        21,
        251,
        92,
        72,
        16,
        227,
        0,
        121,
        154,
        126,
        127,
        133,
        188,
        44,
        72,
        17,
        0,
        50,
        39,
        112,
        94,
        33,
        47,
        13,
        16,
        227,
        0,
        249,
        243,
        254,
        112,
        133,
        60,
        27,
        164,
        136,
        49,
        192,
        116,
        101,
        248,
        245,
        21,
        242,
        50,
        32,
        65,
        12,
        7,
        230,
        40,
        227,
        207,
        212,
        147,
        122,
        165,
        46,
        11,
        189,
        121,
        11,
        13,
        202,
        114,
        79,
        94,
        14,
        140,
        20,
        49,
        64,
        158,
        50,
        254,
        216,
        170,
        255,
        149,
        42,
        195,
        60,
        24,
        42,
        250,
        3,
        43,
        140,
        209,
        207,
        2,
        79,
        6,
        132,
        21,
        208,
        95,
        116,
        6,
        10,
        148,
        241,
        203,
        86,
        121,
        50,
        179,
        40,
        128,
        46,
        34,
        90,
        143,
        7,
        243,
        173,
        242,
        230,
        107,
        241,
        160,
        189,
        136,
        48,
        196,
        43,
        151,
        181,
        248,
        167,
        158,
        22,
        165,
        16,
        33,
        194,
        198,
        233,
        241,
        116,
        183,
        181,
        248,
        188,
        91,
        177,
        158,
        252,
        15,
        227,
        195,
        148,
        243,
        67,
        198,
        251,
        229,
        214,
        120,
        203,
        101,
        150,
        7,
        3,
        133,
        16,
        183,
        234,
        231,
        81,
        90,
        165,
        21,
        94,
        165,
        220,
        174,
        175,
        195,
        109,
        66,
        136,
        112,
        160,
        122,
        138,
        50,
        181,
        201,
        10,
        111,
        147,
        252,
        249,
        78,
        40,
        231,
        175,
        136,
        209,
        35,
        106,
        102,
        109,
        232,
        188,
        218,
        25,
        218,
        235,
        198,
        104,
        249,
        203,
        87,
        70,
        199,
        80,
        120,
        249,
        107,
        117,
        57,
        8,
        112,
        208,
        48,
        145,
        175,
        243,
        84,
        55,
        122,
        87,
        205,
        95,
        154,
        38,
        233,
        233,
        90,
        150,
        43,
        84,
        255,
        115,
        201,
        224,
        153,
        246,
        19,
        137,
        77,
        149,
        132,
        237,
        30,
        221,
        165,
        109,
        43,
        67,
        229,
        169,
        133,
        200,
        75,
        208,
        203,
        144,
        159,
        106,
        249,
        100,
        73,
        104,
        188,
        109,
        54,
        237,
        197,
        38,
        169,
        249,
        169,
        232,
        7,
        108,
        81,
        43,
        153,
        138,
        80,
        120,
        229,
        106,
        85,
        179,
        29,
        250,
        105,
        249,
        120,
        203,
        20,
        168,
        158,
        166,
        214,
        50,
        231,
        78,
        190,
        237,
        45,
        199,
        1,
        142,
        251,
        76,
        159,
        60,
        55,
        91,
        173,
        173,
        47,
        25,
        243,
        123,
        209,
        13,
        216,
        170,
        222,
        117,
        177,
        27,
        147,
        226,
        94,
        172,
        218,
        236,
        129,
        187,
        140,
        245,
        81,
        28,
        212,
        47,
        85,
        149,
        27,
        76,
        2,
        221,
        27,
        84,
        139,
        165,
        245,
        158,
        245,
        145,
        136,
        4,
        206,
        231,
        106,
        79,
        88,
        101,
        6,
        119,
        78,
        123,
        186,
        156,
        11,
        112,
        189,
        111,
        125,
        105,
        168,
        7,
        191,
        11,
        142,
        171,
        200,
        214,
        190,
        203,
        33,
        159,
        250,
        82,
        169,
        127,
        247,
        105,
        197,
        249,
        20,
        71,
        48,
        92,
        201,
        44,
        99,
        189,
        234,
        83,
        255,
        42,
        245,
        185,
        221,
        98,
        61,
        157,
        16,
        222,
        64,
        255,
        192,
        100,
        189,
        191,
        37,
        203,
        3,
        231,
        175,
        127,
        32,
        68,
        187,
        84,
        79,
        160,
        169,
        126,
        132,
        205,
        14,
        169,
        237,
        2,
        244,
        95,
        236,
        182,
        80,
        250,
        37,
        54,
        123,
        195,
        253,
        23,
        33,
        162,
        146,
        129,
        163,
        57,
        94,
        253,
        156,
        117,
        197,
        135,
        156,
        78,
        167,
        211,
        233,
        44,
        253,
        244,
        53,
        175,
        126,
        78,
        206,
        81,
        72,
        142,
        10,
        208,
        191,
        138,
        7,
        106,
        77,
        247,
        155,
        94,
        188,
        0,
        241,
        173,
        3,
        246,
        215,
        134,
        1,
        156,
        200,
        55,
        67,
        155,
        182,
        181,
        30,
        134,
        181,
        48,
        211,
        255,
        187,
        188,
        35,
        43,
        24,
        109,
        230,
        150,
        106,
        19,
        253,
        63,
        33,
        68,
        100,
        28,
        128,
        107,
        77,
        122,
        32,
        90,
        122,
        97,
        13,
        16,
        23,
        25,
        66,
        255,
        244,
        207,
        15,
        27,
        236,
        80,
        206,
        124,
        235,
        103,
        32,
        185,
        171,
        217,
        174,
        113,
        203,
        62,
        74,
        127,
        183,
        108,
        253,
        147,
        147,
        125,
        96,
        15,
        175,
        61,
        224,
        6,
        38,
        244,
        185,
        46,
        148,
        254,
        243,
        221,
        73,
        114,
        43,
        28,
        87,
        251,
        197,
        25,
        115,
        242,
        86,
        20,
        56,
        190,
        169,
        172,
        7,
        72,
        234,
        209,
        44,
        196,
        142,
        246,
        85,
        29,
        238,
        111,
        176,
        63,
        126,
        127,
        135,
        171,
        255,
        247,
        254,
        189,
        246,
        255,
        194,
        29,
        125,
        135,
        140,
        138,
        79,
        37,
        53,
        126,
        212,
        144,
        1,
        93,
        110,
        10,
        246,
        255,
        194,
        127,
        7,
        197,
        70,
        11,
        194,
        217,
        149,
        222,
        0,
        0,
        0,
        0,
        73,
        69,
        78,
        68,
        174,
        66,
        96,
        130
      ]
    },
    "stat": {
      "dev": 16777220,
      "mode": 33188,
      "nlink": 1,
      "uid": 501,
      "gid": 20,
      "rdev": 0,
      "blksize": 4194304,
      "ino": 2088750,
      "size": 4300,
      "blocks": 16,
      "atime": "2018-04-17T07:59:11.793Z",
      "mtime": "2018-03-22T08:50:41.034Z",
      "ctime": "2018-03-22T08:50:41.034Z",
      "birthtime": "2018-03-22T08:50:41.034Z"
    },
    "history": [
      "/Users/jiangheng/Desktop/work-code/xxd-h5/src/mods/openaccount/yhimgs/gsyh@2x.png"
    ],
    "path": "/Users/jiangheng/Desktop/work-code/xxd-h5/src/mods/openaccount/yhimgs/gsyh@2x.png",
    "gulpCache$filePathChangedInsideTask": false,
    "gulpCache$fileBaseChangedInsideTask": false,
    "gulpCache$originalPath": "/Users/jiangheng/Desktop/work-code/xxd-h5/src/mods/openaccount/yhimgs/gsyh@2x.png",
    "gulpCache$originalBase": "/Users/jiangheng/Desktop/work-code/xxd-h5/src/mods/"
  }
]