[
  {
    "cwd": "/Users/jiangheng/Desktop/work-code/xxd-h5",
    "base": "/Users/jiangheng/Desktop/work-code/xxd-h5/src/mods/",
    "contents": {
      "type": "Buffer",
      "data": [
        137,
        80,
        78,
        71,
        13,
        10,
        26,
        10,
        0,
        0,
        0,
        13,
        73,
        72,
        68,
        82,
        0,
        0,
        0,
        34,
        0,
        0,
        0,
        34,
        8,
        3,
        0,
        0,
        0,
        13,
        153,
        251,
        240,
        0,
        0,
        0,
        231,
        80,
        76,
        84,
        69,
        67,
        137,
        245,
        255,
        255,
        255,
        67,
        137,
        245,
        67,
        137,
        245,
        67,
        137,
        245,
        67,
        137,
        245,
        67,
        137,
        245,
        67,
        137,
        245,
        67,
        137,
        245,
        67,
        137,
        245,
        67,
        137,
        245,
        67,
        137,
        245,
        67,
        137,
        245,
        67,
        137,
        245,
        67,
        137,
        245,
        67,
        137,
        245,
        67,
        137,
        245,
        67,
        137,
        245,
        67,
        137,
        245,
        67,
        137,
        245,
        67,
        137,
        245,
        67,
        137,
        245,
        67,
        137,
        245,
        67,
        137,
        245,
        67,
        137,
        245,
        67,
        137,
        245,
        67,
        137,
        245,
        67,
        137,
        245,
        67,
        137,
        245,
        67,
        137,
        245,
        67,
        137,
        245,
        67,
        137,
        245,
        67,
        137,
        245,
        67,
        137,
        245,
        67,
        137,
        245,
        67,
        137,
        245,
        67,
        137,
        245,
        67,
        137,
        245,
        67,
        137,
        245,
        67,
        137,
        245,
        67,
        137,
        245,
        67,
        137,
        245,
        67,
        137,
        245,
        67,
        137,
        245,
        67,
        137,
        245,
        67,
        137,
        245,
        67,
        137,
        245,
        67,
        137,
        245,
        67,
        137,
        245,
        67,
        137,
        245,
        67,
        137,
        245,
        67,
        137,
        245,
        67,
        137,
        245,
        67,
        137,
        245,
        67,
        137,
        245,
        67,
        137,
        245,
        67,
        137,
        245,
        67,
        137,
        245,
        67,
        137,
        245,
        67,
        137,
        245,
        67,
        137,
        245,
        67,
        137,
        245,
        67,
        137,
        245,
        67,
        137,
        245,
        67,
        137,
        245,
        67,
        137,
        245,
        67,
        137,
        245,
        67,
        137,
        245,
        67,
        137,
        245,
        67,
        137,
        245,
        67,
        137,
        245,
        67,
        137,
        245,
        67,
        137,
        245,
        67,
        137,
        245,
        67,
        137,
        245,
        67,
        137,
        245,
        67,
        137,
        245,
        6,
        108,
        100,
        30,
        0,
        0,
        0,
        76,
        116,
        82,
        78,
        83,
        0,
        0,
        1,
        2,
        4,
        9,
        11,
        12,
        17,
        20,
        24,
        28,
        30,
        35,
        36,
        37,
        38,
        41,
        44,
        45,
        50,
        51,
        55,
        56,
        72,
        79,
        85,
        87,
        89,
        91,
        93,
        99,
        102,
        104,
        105,
        109,
        118,
        120,
        130,
        134,
        154,
        159,
        160,
        167,
        172,
        174,
        175,
        178,
        179,
        182,
        183,
        188,
        189,
        195,
        202,
        207,
        208,
        219,
        220,
        222,
        225,
        227,
        228,
        229,
        231,
        232,
        234,
        235,
        241,
        242,
        243,
        248,
        249,
        251,
        252,
        253,
        72,
        54,
        127,
        18,
        0,
        0,
        1,
        68,
        73,
        68,
        65,
        84,
        56,
        203,
        133,
        148,
        107,
        91,
        130,
        64,
        16,
        133,
        207,
        138,
        134,
        98,
        90,
        154,
        149,
        146,
        230,
        37,
        34,
        76,
        205,
        212,
        178,
        48,
        77,
        140,
        174,
        54,
        255,
        255,
        247,
        244,
        1,
        112,
        215,
        101,
        161,
        243,
        233,
        12,
        251,
        62,
        179,
        179,
        236,
        206,
        0,
        130,
        140,
        166,
        221,
        31,
        13,
        28,
        171,
        174,
        243,
        111,
        140,
        113,
        159,
        235,
        206,
        41,
        210,
        207,
        196,
        212,
        98,
        72,
        166,
        237,
        209,
        158,
        220,
        134,
        132,
        24,
        51,
        138,
        105,
        152,
        23,
        145,
        234,
        138,
        20,
        114,
        75,
        28,
        169,
        248,
        164,
        212,
        186,
        20,
        33,
        133,
        37,
        37,
        200,
        205,
        135,
        200,
        152,
        18,
        53,
        12,
        16,
        147,
        82,
        212,
        96,
        12,
        200,
        46,
        210,
        16,
        87,
        99,
        255,
        36,
        33,
        50,
        25,
        48,
        85,
        47,
        221,
        159,
        173,
        137,
        136,
        104,
        194,
        160,
        111,
        149,
        196,
        77,
        230,
        34,
        188,
        11,
        29,
        117,
        21,
        240,
        213,
        66,
        235,
        55,
        244,
        117,
        88,
        10,
        98,
        115,
        206,
        9,
        178,
        224,
        196,
        137,
        167,
        67,
        129,
        32,
        7,
        131,
        200,
        126,
        191,
        132,
        230,
        238,
        0,
        151,
        156,
        160,
        1,
        70,
        145,
        125,
        128,
        249,
        25,
        20,
        138,
        158,
        152,
        115,
        132,
        254,
        238,
        25,
        157,
        226,
        232,
        153,
        62,
        90,
        216,
        39,
        168,
        15,
        123,
        231,
        253,
        19,
        104,
        199,
        186,
        76,
        144,
        141,
        38,
        15,
        252,
        50,
        0,
        92,
        73,
        197,
        55,
        97,
        8,
        209,
        107,
        25,
        184,
        150,
        207,
        103,
        0,
        115,
        33,
        244,
        172,
        91,
        153,
        152,
        179,
        216,
        214,
        178,
        186,
        12,
        200,
        121,
        105,
        132,
        151,
        99,
        0,
        58,
        105,
        72,
        155,
        49,
        0,
        218,
        99,
        50,
        49,
        203,
        4,
        111,
        183,
        248,
        150,
        68,
        172,
        140,
        168,
        73,
        106,
        239,
        106,
        194,
        175,
        242,
        86,
        171,
        41,
        243,
        44,
        43,
        98,
        195,
        22,
        21,
        245,
        140,
        11,
        251,
        109,
        175,
        117,
        164,
        179,
        47,
        76,
        197,
        240,
        232,
        241,
        255,
        188,
        157,
        154,
        89,
        197,
        124,
        73,
        28,
        65,
        127,
        23,
        90,
        246,
        163,
        37,
        225,
        51,
        233,
        0,
        0,
        0,
        0,
        73,
        69,
        78,
        68,
        174,
        66,
        96,
        130
      ]
    },
    "stat": {
      "dev": 16777220,
      "mode": 33188,
      "nlink": 1,
      "uid": 501,
      "gid": 20,
      "rdev": 0,
      "blksize": 4194304,
      "ino": 2088791,
      "size": 1571,
      "blocks": 8,
      "atime": "2018-04-17T07:59:11.795Z",
      "mtime": "2018-03-22T08:50:41.043Z",
      "ctime": "2018-03-22T08:50:41.043Z",
      "birthtime": "2018-03-22T08:50:41.043Z"
    },
    "history": [
      "/Users/jiangheng/Desktop/work-code/xxd-h5/src/mods/personal/imgs/radio_checked@3x.png"
    ],
    "path": "/Users/jiangheng/Desktop/work-code/xxd-h5/src/mods/personal/imgs/radio_checked@3x.png",
    "gulpCache$filePathChangedInsideTask": false,
    "gulpCache$fileBaseChangedInsideTask": false,
    "gulpCache$originalPath": "/Users/jiangheng/Desktop/work-code/xxd-h5/src/mods/personal/imgs/radio_checked@3x.png",
    "gulpCache$originalBase": "/Users/jiangheng/Desktop/work-code/xxd-h5/src/mods/"
  }
]