[
  {
    "cwd": "/Users/jiangheng/Desktop/work-code/xxd-h5",
    "base": "/Users/jiangheng/Desktop/work-code/xxd-h5/src/mods/",
    "contents": {
      "type": "Buffer",
      "data": [
        137,
        80,
        78,
        71,
        13,
        10,
        26,
        10,
        0,
        0,
        0,
        13,
        73,
        72,
        68,
        82,
        0,
        0,
        0,
        43,
        0,
        0,
        0,
        40,
        8,
        6,
        0,
        0,
        0,
        103,
        201,
        3,
        110,
        0,
        0,
        2,
        10,
        73,
        68,
        65,
        84,
        120,
        218,
        236,
        152,
        59,
        72,
        195,
        64,
        24,
        199,
        237,
        89,
        20,
        161,
        226,
        162,
        40,
        136,
        147,
        224,
        3,
        65,
        92,
        28,
        4,
        21,
        117,
        113,
        117,
        113,
        113,
        16,
        71,
        145,
        22,
        29,
        187,
        248,
        160,
        142,
        66,
        69,
        10,
        82,
        39,
        95,
        224,
        34,
        34,
        86,
        65,
        116,
        112,
        113,
        81,
        80,
        233,
        42,
        136,
        136,
        80,
        20,
        10,
        93,
        58,
        251,
        248,
        31,
        124,
        129,
        35,
        164,
        215,
        36,
        189,
        75,
        50,
        228,
        131,
        31,
        73,
        238,
        154,
        228,
        199,
        113,
        215,
        251,
        190,
        68,
        226,
        241,
        120,
        157,
        194,
        24,
        7,
        105,
        208,
        6,
        14,
        193,
        58,
        248,
        147,
        221,
        144,
        201,
        100,
        108,
        63,
        60,
        170,
        80,
        116,
        10,
        92,
        129,
        38,
        186,
        94,
        37,
        233,
        165,
        106,
        194,
        118,
        131,
        105,
        16,
        45,
        128,
        115,
        106,
        95,
        4,
        187,
        32,
        18,
        20,
        89,
        179,
        232,
        4,
        152,
        5,
        39,
        170,
        133,
        163,
        26,
        68,
        223,
        168,
        111,
        158,
        142,
        115,
        36,
        92,
        87,
        235,
        148,
        96,
        154,
        68,
        121,
        252,
        144,
        176,
        178,
        17,
        102,
        154,
        68,
        181,
        8,
        51,
        141,
        162,
        202,
        133,
        153,
        102,
        81,
        165,
        194,
        204,
        3,
        81,
        169,
        112,
        34,
        145,
        136,
        168,
        150,
        173,
        85,
        84,
        137,
        48,
        243,
        80,
        180,
        102,
        97,
        230,
        177,
        104,
        77,
        194,
        204,
        7,
        81,
        215,
        194,
        204,
        39,
        81,
        87,
        194,
        204,
        71,
        81,
        35,
        69,
        180,
        45,
        204,
        252,
        20,
        117,
        42,
        204,
        252,
        22,
        117,
        34,
        204,
        130,
        32,
        106,
        87,
        152,
        203,
        142,
        6,
        65,
        180,
        138,
        240,
        182,
        33,
        155,
        14,
        138,
        168,
        68,
        120,
        25,
        163,
        219,
        199,
        147,
        239,
        24,
        53,
        180,
        130,
        39,
        225,
        158,
        18,
        56,
        6,
        27,
        170,
        106,
        40,
        89,
        64,
        102,
        12,
        135,
        45,
        208,
        33,
        52,
        215,
        11,
        231,
        49,
        46,
        187,
        3,
        178,
        160,
        145,
        48,
        162,
        5,
        172,
        129,
        103,
        144,
        211,
        44,
        202,
        165,
        78,
        65,
        123,
        133,
        159,
        220,
        129,
        23,
        46,
        187,
        7,
        30,
        193,
        160,
        233,
        223,
        33,
        9,
        122,
        193,
        144,
        110,
        89,
        146,
        52,
        68,
        121,
        249,
        254,
        41,
        244,
        21,
        193,
        13,
        166,
        198,
        175,
        81,
        131,
        229,
        9,
        49,
        22,
        72,
        182,
        210,
        46,
        215,
        13,
        82,
        160,
        211,
        166,
        80,
        153,
        114,
        216,
        107,
        139,
        190,
        6,
        225,
        60,
        7,
        177,
        188,
        211,
        130,
        177,
        90,
        49,
        121,
        9,
        250,
        29,
        142,
        224,
        52,
        232,
        1,
        31,
        170,
        171,
        219,
        152,
        164,
        175,
        89,
        16,
        229,
        211,
        232,
        219,
        198,
        187,
        146,
        180,
        38,
        70,
        116,
        200,
        202,
        66,
        92,
        165,
        89,
        139,
        41,
        100,
        21,
        43,
        22,
        139,
        216,
        151,
        47,
        50,
        158,
        68,
        40,
        27,
        202,
        134,
        178,
        161,
        108,
        40,
        171,
        55,
        100,
        59,
        88,
        73,
        200,
        212,
        103,
        36,
        59,
        88,
        217,
        230,
        187,
        74,
        148,
        118,
        166,
        104,
        55,
        51,
        210,
        67,
        115,
        34,
        83,
        116,
        35,
        123,
        4,
        38,
        77,
        233,
        155,
        57,
        238,
        193,
        187,
        77,
        217,
        125,
        18,
        237,
        34,
        172,
        226,
        22,
        25,
        87,
        193,
        141,
        236,
        1,
        120,
        5,
        195,
        21,
        166,
        11,
        31,
        129,
        51,
        7,
        85,
        196,
        38,
        120,
        0,
        3,
        21,
        250,
        191,
        192,
        133,
        236,
        1,
        255,
        2,
        12,
        0,
        71,
        65,
        201,
        127,
        121,
        141,
        8,
        214,
        0,
        0,
        0,
        0,
        73,
        69,
        78,
        68,
        174,
        66,
        96,
        130
      ]
    },
    "stat": {
      "dev": 16777220,
      "mode": 33188,
      "nlink": 1,
      "uid": 501,
      "gid": 20,
      "rdev": 0,
      "blksize": 4194304,
      "ino": 2088643,
      "size": 1436,
      "blocks": 8,
      "atime": "2018-04-17T07:59:11.787Z",
      "mtime": "2018-03-22T08:50:41.000Z",
      "ctime": "2018-03-22T08:50:41.000Z",
      "birthtime": "2018-03-22T08:50:41.000Z"
    },
    "history": [
      "/Users/jiangheng/Desktop/work-code/xxd-h5/src/mods/home/imgs/home_icon@2x.png"
    ],
    "path": "/Users/jiangheng/Desktop/work-code/xxd-h5/src/mods/home/imgs/home_icon@2x.png",
    "gulpCache$filePathChangedInsideTask": false,
    "gulpCache$fileBaseChangedInsideTask": false,
    "gulpCache$originalPath": "/Users/jiangheng/Desktop/work-code/xxd-h5/src/mods/home/imgs/home_icon@2x.png",
    "gulpCache$originalBase": "/Users/jiangheng/Desktop/work-code/xxd-h5/src/mods/"
  }
]