[
  {
    "cwd": "/Users/jiangheng/Desktop/work-code/xxd-h5",
    "base": "/Users/jiangheng/Desktop/work-code/xxd-h5/src/mods/",
    "contents": {
      "type": "Buffer",
      "data": [
        137,
        80,
        78,
        71,
        13,
        10,
        26,
        10,
        0,
        0,
        0,
        13,
        73,
        72,
        68,
        82,
        0,
        0,
        0,
        46,
        0,
        0,
        0,
        46,
        8,
        6,
        0,
        0,
        0,
        87,
        185,
        43,
        55,
        0,
        0,
        3,
        0,
        73,
        68,
        65,
        84,
        120,
        218,
        204,
        154,
        77,
        72,
        21,
        81,
        20,
        199,
        239,
        27,
        180,
        4,
        23,
        145,
        70,
        88,
        46,
        203,
        40,
        136,
        136,
        210,
        10,
        41,
        179,
        162,
        72,
        23,
        5,
        17,
        65,
        80,
        139,
        190,
        196,
        69,
        133,
        46,
        74,
        141,
        71,
        61,
        179,
        111,
        250,
        88,
        20,
        4,
        145,
        70,
        33,
        5,
        5,
        45,
        90,
        132,
        5,
        125,
        72,
        68,
        148,
        86,
        246,
        1,
        69,
        181,
        44,
        10,
        73,
        196,
        149,
        161,
        69,
        253,
        15,
        239,
        12,
        76,
        50,
        111,
        222,
        153,
        59,
        190,
        185,
        247,
        192,
        15,
        97,
        184,
        231,
        242,
        247,
        122,
        230,
        156,
        115,
        207,
        152,
        40,
        111,
        251,
        169,
        124,
        172,
        8,
        204,
        3,
        223,
        192,
        103,
        149,
        67,
        235,
        73,
        22,
        107,
        249,
        57,
        62,
        207,
        246,
        177,
        224,
        71,
        224,
        19,
        232,
        6,
        11,
        149,
        101,
        54,
        86,
        120,
        10,
        156,
        2,
        5,
        158,
        103,
        85,
        224,
        25,
        216,
        102,
        171,
        240,
        101,
        224,
        80,
        134,
        117,
        249,
        160,
        3,
        236,
        176,
        81,
        248,
        97,
        193,
        250,
        75,
        96,
        181,
        77,
        194,
        231,
        131,
        106,
        225,
        250,
        27,
        160,
        212,
        22,
        225,
        235,
        66,
        248,
        80,
        26,
        184,
        10,
        18,
        54,
        8,
        95,
        25,
        210,
        111,
        21,
        216,
        98,
        131,
        240,
        89,
        26,
        190,
        167,
        193,
        100,
        147,
        194,
        39,
        130,
        105,
        26,
        190,
        83,
        65,
        155,
        73,
        225,
        5,
        17,
        252,
        235,
        64,
        137,
        41,
        225,
        67,
        17,
        252,
        243,
        77,
        85,
        85,
        55,
        198,
        127,
        105,
        250,
        143,
        128,
        151,
        38,
        133,
        127,
        209,
        244,
        63,
        6,
        126,
        152,
        20,
        222,
        171,
        225,
        251,
        138,
        133,
        27,
        77,
        135,
        15,
        66,
        250,
        253,
        230,
        190,
        101,
        212,
        180,
        240,
        251,
        224,
        111,
        8,
        191,
        163,
        160,
        207,
        134,
        2,
        212,
        15,
        94,
        8,
        125,
        222,
        179,
        112,
        107,
        186,
        195,
        78,
        161,
        79,
        171,
        201,
        16,
        241,
        19,
        126,
        19,
        252,
        17,
        158,
        184,
        85,
        253,
        56,
        133,
        203,
        109,
        129,
        207,
        36,
        27,
        175,
        110,
        231,
        5,
        62,
        203,
        109,
        20,
        254,
        4,
        60,
        207,
        226,
        179,
        19,
        228,
        217,
        38,
        220,
        189,
        48,
        7,
        89,
        25,
        168,
        183,
        81,
        120,
        23,
        223,
        234,
        131,
        236,
        4,
        152,
        97,
        155,
        112,
        178,
        134,
        44,
        5,
        169,
        16,
        92,
        227,
        238,
        208,
        42,
        225,
        84,
        140,
        218,
        179,
        248,
        86,
        130,
        147,
        182,
        9,
        39,
        107,
        22,
        116,
        126,
        141,
        202,
        208,
        172,
        37,
        72,
        248,
        128,
        80,
        20,
        205,
        90,
        214,
        219,
        36,
        156,
        236,
        46,
        184,
        40,
        216,
        131,
        10,
        215,
        118,
        93,
        17,
        21,
        71,
        6,
        74,
        64,
        45,
        253,
        148,
        250,
        36,
        50,
        76,
        107,
        189,
        54,
        65,
        165,
        7,
        159,
        75,
        4,
        251,
        157,
        3,
        251,
        185,
        237,
        149,
        94,
        253,
        14,
        128,
        22,
        190,
        180,
        143,
        242,
        65,
        29,
        236,
        73,
        22,
        15,
        69,
        57,
        113,
        247,
        122,
        182,
        65,
        165,
        39,
        184,
        74,
        16,
        243,
        221,
        194,
        84,
        57,
        135,
        211,
        110,
        138,
        69,
        187,
        191,
        200,
        94,
        240,
        17,
        167,
        191,
        57,
        170,
        112,
        178,
        239,
        160,
        6,
        12,
        10,
        214,
        82,
        182,
        121,
        3,
        118,
        103,
        168,
        176,
        121,
        252,
        226,
        191,
        14,
        184,
        104,
        83,
        200,
        92,
        135,
        248,
        123,
        96,
        122,
        20,
        225,
        100,
        239,
        88,
        252,
        176,
        96,
        109,
        33,
        247,
        61,
        31,
        64,
        19,
        135,
        217,
        108,
        176,
        145,
        47,
        215,
        199,
        61,
        167,
        28,
        100,
        107,
        232,
        16,
        32,
        126,
        133,
        78,
        140,
        143,
        181,
        197,
        252,
        210,
        22,
        197,
        152,
        68,
        232,
        157,
        169,
        67,
        220,
        95,
        209,
        57,
        113,
        215,
        168,
        9,
        171,
        6,
        95,
        99,
        20,
        78,
        225,
        213,
        129,
        147,
        223,
        26,
        69,
        184,
        27,
        54,
        21,
        224,
        105,
        204,
        233,
        187,
        29,
        226,
        23,
        68,
        17,
        174,
        184,
        170,
        210,
        148,
        247,
        66,
        140,
        194,
        41,
        235,
        156,
        213,
        141,
        113,
        63,
        171,
        229,
        222,
        38,
        174,
        57,
        98,
        153,
        51,
        78,
        27,
        209,
        203,
        58,
        23,
        92,
        14,
        57,
        230,
        208,
        181,
        82,
        103,
        28,
        55,
        163,
        222,
        102,
        23,
        88,
        36,
        232,
        231,
        163,
        24,
        205,
        57,
        223,
        58,
        57,
        216,
        184,
        151,
        139,
        80,
        141,
        224,
        26,
        168,
        99,
        73,
        164,
        197,
        65,
        39,
        135,
        39,
        211,
        197,
        133,
        103,
        41,
        184,
        21,
        162,
        127,
        9,
        178,
        20,
        68,
        159,
        137,
        154,
        85,
        164,
        70,
        41,
        115,
        147,
        74,
        127,
        169,
        219,
        195,
        127,
        133,
        176,
        239,
        193,
        99,
        80,
        5,
        209,
        173,
        222,
        196,
        30,
        151,
        245,
        115,
        234,
        36,
        166,
        128,
        181,
        42,
        253,
        17,
        172,
        28,
        204,
        84,
        255,
        127,
        25,
        161,
        222,
        136,
        62,
        199,
        63,
        4,
        119,
        32,
        184,
        207,
        175,
        34,
        153,
        48,
        202,
        193,
        52,
        242,
        235,
        244,
        254,
        19,
        2,
        138,
        11,
        13,
        155,
        134,
        241,
        108,
        36,
        219,
        6,
        255,
        4,
        24,
        0,
        159,
        139,
        163,
        112,
        32,
        125,
        169,
        173,
        0,
        0,
        0,
        0,
        73,
        69,
        78,
        68,
        174,
        66,
        96,
        130
      ]
    },
    "stat": {
      "dev": 16777220,
      "mode": 33188,
      "nlink": 1,
      "uid": 501,
      "gid": 20,
      "rdev": 0,
      "blksize": 4194304,
      "ino": 2088606,
      "size": 1682,
      "blocks": 8,
      "atime": "2018-04-17T07:59:11.786Z",
      "mtime": "2018-03-22T08:50:40.990Z",
      "ctime": "2018-03-22T08:50:40.990Z",
      "birthtime": "2018-03-22T08:50:40.990Z"
    },
    "history": [
      "/Users/jiangheng/Desktop/work-code/xxd-h5/src/mods/contactus/imgs/phone_icon@3x.png"
    ],
    "path": "/Users/jiangheng/Desktop/work-code/xxd-h5/src/mods/contactus/imgs/phone_icon@3x.png",
    "gulpCache$filePathChangedInsideTask": false,
    "gulpCache$fileBaseChangedInsideTask": false,
    "gulpCache$originalPath": "/Users/jiangheng/Desktop/work-code/xxd-h5/src/mods/contactus/imgs/phone_icon@3x.png",
    "gulpCache$originalBase": "/Users/jiangheng/Desktop/work-code/xxd-h5/src/mods/"
  }
]