[
  {
    "cwd": "/Users/jiangheng/Desktop/work-code/xxd-h5",
    "base": "/Users/jiangheng/Desktop/work-code/xxd-h5/src/mods/",
    "contents": {
      "type": "Buffer",
      "data": [
        137,
        80,
        78,
        71,
        13,
        10,
        26,
        10,
        0,
        0,
        0,
        13,
        73,
        72,
        68,
        82,
        0,
        0,
        0,
        39,
        0,
        0,
        0,
        41,
        8,
        6,
        0,
        0,
        0,
        182,
        169,
        48,
        69,
        0,
        0,
        4,
        94,
        73,
        68,
        65,
        84,
        88,
        133,
        181,
        216,
        107,
        168,
        84,
        85,
        20,
        7,
        240,
        223,
        157,
        124,
        224,
        104,
        9,
        90,
        102,
        25,
        166,
        89,
        4,
        145,
        164,
        37,
        246,
        144,
        76,
        241,
        150,
        153,
        228,
        181,
        168,
        160,
        7,
        33,
        24,
        73,
        101,
        66,
        84,
        99,
        16,
        4,
        89,
        80,
        94,
        163,
        130,
        178,
        40,
        51,
        250,
        96,
        245,
        193,
        130,
        74,
        163,
        135,
        3,
        101,
        102,
        148,
        8,
        249,
        192,
        50,
        233,
        134,
        133,
        93,
        75,
        122,
        232,
        181,
        174,
        102,
        62,
        250,
        176,
        247,
        48,
        163,
        206,
        153,
        51,
        231,
        206,
        244,
        135,
        97,
        239,
        61,
        123,
        173,
        181,
        255,
        231,
        236,
        189,
        30,
        251,
        180,
        76,
        89,
        248,
        183,
        38,
        97,
        22,
        238,
        193,
        98,
        188,
        86,
        175,
        82,
        177,
        144,
        79,
        156,
        203,
        53,
        202,
        168,
        2,
        243,
        48,
        46,
        182,
        77,
        65,
        51,
        201,
        229,
        142,
        105,
        147,
        112,
        18,
        78,
        204,
        98,
        48,
        9,
        109,
        216,
        137,
        231,
        235,
        176,
        181,
        38,
        182,
        107,
        107,
        200,
        140,
        196,
        79,
        248,
        5,
        163,
        27,
        37,
        119,
        11,
        134,
        10,
        103,
        105,
        74,
        138,
        236,
        189,
        24,
        28,
        101,
        147,
        240,
        20,
        6,
        34,
        143,
        81,
        141,
        146,
        123,
        165,
        162,
        127,
        115,
        154,
        49,
        252,
        145,
        50,
        127,
        89,
        108,
        183,
        96,
        101,
        154,
        177,
        94,
        41,
        243,
        171,
        176,
        16,
        83,
        241,
        106,
        149,
        249,
        254,
        184,
        84,
        216,
        162,
        211,
        209,
        27,
        7,
        208,
        137,
        77,
        248,
        10,
        149,
        225,
        224,
        118,
        220,
        132,
        103,
        113,
        176,
        81,
        114,
        240,
        80,
        252,
        85,
        226,
        74,
        220,
        141,
        105,
        232,
        91,
        67,
        247,
        31,
        124,
        136,
        23,
        240,
        177,
        240,
        176,
        171,
        234,
        88,
        19,
        217,
        189,
        245,
        60,
        172,
        142,
        11,
        205,
        76,
        33,
        38,
        206,
        183,
        225,
        35,
        124,
        142,
        11,
        178,
        44,
        150,
        133,
        220,
        157,
        248,
        26,
        19,
        227,
        248,
        72,
        92,
        244,
        14,
        140,
        17,
        14,
        121,
        11,
        250,
        225,
        124,
        204,
        198,
        123,
        56,
        20,
        229,
        39,
        96,
        29,
        230,
        102,
        37,
        55,
        68,
        240,
        162,
        36,
        60,
        142,
        151,
        208,
        39,
        142,
        223,
        194,
        89,
        184,
        26,
        75,
        177,
        17,
        251,
        162,
        189,
        115,
        209,
        33,
        156,
        209,
        182,
        40,
        247,
        122,
        212,
        235,
        131,
        231,
        240,
        100,
        210,
        66,
        173,
        237,
        221,
        3,
        91,
        219,
        187,
        79,
        41,
        145,
        27,
        135,
        29,
        241,
        55,
        223,
        241,
        111,
        243,
        126,
        60,
        28,
        251,
        93,
        152,
        129,
        27,
        177,
        189,
        138,
        237,
        185,
        216,
        32,
        120,
        237,
        74,
        180,
        10,
        113,
        237,
        182,
        168,
        183,
        39,
        202,
        205,
        175,
        176,
        89,
        34,
        149,
        107,
        109,
        239,
        158,
        31,
        121,
        252,
        220,
        218,
        222,
        61,
        62,
        39,
        196,
        155,
        222,
        24,
        16,
        159,
        232,
        250,
        10,
        157,
        137,
        104,
        143,
        253,
        63,
        227,
        120,
        69,
        210,
        83,
        163,
        40,
        108,
        53,
        76,
        23,
        14,
        255,
        39,
        56,
        51,
        234,
        93,
        142,
        223,
        226,
        252,
        2,
        71,
        199,
        206,
        25,
        113,
        253,
        1,
        145,
        207,
        200,
        28,
        150,
        163,
        128,
        189,
        66,
        24,
        248,
        62,
        10,
        247,
        17,
        182,
        44,
        39,
        184,
        253,
        117,
        194,
        246,
        213,
        194,
        55,
        194,
        86,
        15,
        22,
        222,
        226,
        175,
        152,
        132,
        245,
        184,
        16,
        155,
        113,
        67,
        180,
        151,
        195,
        146,
        214,
        246,
        238,
        126,
        81,
        183,
        35,
        174,
        191,
        55,
        242,
        89,
        158,
        195,
        97,
        44,
        194,
        105,
        241,
        183,
        33,
        10,
        207,
        193,
        217,
        177,
        255,
        132,
        224,
        165,
        245,
        98,
        159,
        80,
        157,
        140,
        198,
        167,
        56,
        25,
        31,
        8,
        113,
        113,
        181,
        16,
        59,
        9,
        233,
        108,
        14,
        20,
        11,
        249,
        205,
        37,
        14,
        197,
        66,
        126,
        81,
        177,
        144,
        63,
        220,
        146,
        80,
        50,
        229,
        176,
        77,
        216,
        242,
        93,
        209,
        72,
        119,
        6,
        114,
        149,
        200,
        227,
        109,
        140,
        21,
        30,
        246,
        47,
        193,
        163,
        127,
        16,
        82,
        227,
        118,
        140,
        42,
        22,
        242,
        135,
        171,
        145,
        168,
        134,
        75,
        148,
        115,
        223,
        210,
        6,
        136,
        137,
        186,
        211,
        34,
        185,
        23,
        133,
        176,
        179,
        79,
        240,
        126,
        24,
        161,
        156,
        214,
        234,
        34,
        119,
        85,
        69,
        127,
        89,
        3,
        196,
        42,
        49,
        70,
        240,
        218,
        197,
        113,
        252,
        102,
        197,
        220,
        212,
        106,
        10,
        73,
        228,
        46,
        138,
        237,
        110,
        124,
        219,
        20,
        106,
        193,
        115,
        63,
        19,
        74,
        48,
        248,
        78,
        112,
        24,
        18,
        50,
        71,
        82,
        110,
        29,
        17,
        219,
        45,
        66,
        38,
        104,
        6,
        14,
        226,
        138,
        99,
        254,
        219,
        138,
        83,
        37,
        148,
        79,
        73,
        111,
        174,
        84,
        169,
        238,
        73,
        152,
        111,
        22,
        118,
        199,
        182,
        127,
        181,
        201,
        36,
        114,
        7,
        82,
        230,
        155,
        133,
        82,
        58,
        252,
        183,
        218,
        100,
        210,
        226,
        165,
        40,
        126,
        70,
        211,
        233,
        28,
        141,
        33,
        177,
        173,
        90,
        164,
        38,
        145,
        219,
        26,
        219,
        115,
        132,
        56,
        245,
        127,
        160,
        175,
        242,
        61,
        162,
        170,
        211,
        37,
        145,
        251,
        178,
        194,
        192,
        228,
        38,
        147,
        42,
        97,
        178,
        242,
        182,
        174,
        171,
        38,
        144,
        68,
        110,
        133,
        178,
        151,
        206,
        110,
        50,
        169,
        18,
        102,
        197,
        246,
        8,
        222,
        169,
        38,
        144,
        68,
        110,
        167,
        114,
        117,
        49,
        83,
        29,
        215,
        184,
        140,
        24,
        45,
        220,
        37,
        96,
        85,
        177,
        144,
        239,
        172,
        38,
        84,
        203,
        27,
        31,
        139,
        109,
        11,
        150,
        224,
        132,
        38,
        17,
        235,
        37,
        164,
        177,
        150,
        56,
        94,
        144,
        36,
        88,
        139,
        220,
        23,
        120,
        35,
        246,
        47,
        198,
        51,
        77,
        161,
        22,
        234,
        195,
        9,
        177,
        191,
        188,
        88,
        200,
        39,
        94,
        194,
        211,
        226,
        216,
        60,
        161,
        50,
        37,
        92,
        154,
        23,
        42,
        63,
        113,
        86,
        180,
        68,
        98,
        247,
        197,
        113,
        39,
        238,
        170,
        165,
        144,
        70,
        238,
        119,
        161,
        162,
        237,
        138,
        227,
        130,
        224,
        44,
        195,
        50,
        18,
        27,
        138,
        119,
        241,
        96,
        28,
        119,
        225,
        154,
        104,
        191,
        199,
        228,
        8,
        151,
        227,
        41,
        202,
        73,
        122,
        186,
        16,
        7,
        151,
        97,
        120,
        138,
        238,
        240,
        40,
        183,
        13,
        215,
        198,
        255,
        118,
        9,
        247,
        222,
        180,
        170,
        186,
        238,
        244,
        180,
        94,
        56,
        119,
        165,
        106,
        120,
        0,
        110,
        197,
        160,
        20,
        189,
        65,
        81,
        174,
        148,
        171,
        215,
        96,
        188,
        132,
        184,
        118,
        44,
        234,
        185,
        241,
        151,
        240,
        163,
        16,
        56,
        23,
        9,
        55,
        50,
        194,
        39,
        136,
        221,
        137,
        26,
        97,
        190,
        132,
        167,
        241,
        128,
        12,
        85,
        78,
        22,
        114,
        162,
        225,
        77,
        21,
        227,
        247,
        51,
        232,
        110,
        148,
        177,
        252,
        234,
        73,
        213,
        177,
        22,
        251,
        51,
        234,
        236,
        87,
        251,
        187,
        93,
        85,
        100,
        125,
        115,
        132,
        43,
        220,
        88,
        225,
        80,
        215,
        19,
        152,
        15,
        9,
        247,
        217,
        142,
        172,
        11,
        245,
        132,
        28,
        193,
        91,
        183,
        166,
        74,
        53,
        136,
        158,
        146,
        131,
        71,
        4,
        7,
        169,
        21,
        148,
        143,
        8,
        55,
        254,
        196,
        20,
        85,
        11,
        61,
        37,
        55,
        12,
        143,
        214,
        41,
        59,
        73,
        248,
        168,
        179,
        35,
        69,
        238,
        56,
        244,
        148,
        92,
        39,
        94,
        22,
        98,
        95,
        26,
        214,
        71,
        249,
        204,
        248,
        15,
        64,
        252,
        233,
        17,
        254,
        40,
        200,
        31,
        0,
        0,
        0,
        0,
        73,
        69,
        78,
        68,
        174,
        66,
        96,
        130
      ]
    },
    "stat": {
      "dev": 16777220,
      "mode": 33188,
      "nlink": 1,
      "uid": 501,
      "gid": 20,
      "rdev": 0,
      "blksize": 4194304,
      "ino": 2088811,
      "size": 1175,
      "blocks": 8,
      "atime": "2018-04-17T07:59:11.796Z",
      "mtime": "2018-03-22T08:50:41.047Z",
      "ctime": "2018-03-22T08:50:41.047Z",
      "birthtime": "2018-03-22T08:50:41.047Z"
    },
    "history": [
      "/Users/jiangheng/Desktop/work-code/xxd-h5/src/mods/product/imgs/light_icon.png"
    ],
    "path": "/Users/jiangheng/Desktop/work-code/xxd-h5/src/mods/product/imgs/light_icon.png",
    "gulpCache$filePathChangedInsideTask": false,
    "gulpCache$fileBaseChangedInsideTask": false,
    "gulpCache$originalPath": "/Users/jiangheng/Desktop/work-code/xxd-h5/src/mods/product/imgs/light_icon.png",
    "gulpCache$originalBase": "/Users/jiangheng/Desktop/work-code/xxd-h5/src/mods/"
  }
]