[
  {
    "cwd": "/Users/jiangheng/Desktop/work-code/xxd-h5",
    "base": "/Users/jiangheng/Desktop/work-code/xxd-h5/src/mods/",
    "contents": {
      "type": "Buffer",
      "data": [
        137,
        80,
        78,
        71,
        13,
        10,
        26,
        10,
        0,
        0,
        0,
        13,
        73,
        72,
        68,
        82,
        0,
        0,
        0,
        57,
        0,
        0,
        0,
        63,
        8,
        6,
        0,
        0,
        0,
        90,
        65,
        96,
        152,
        0,
        0,
        5,
        39,
        73,
        68,
        65,
        84,
        104,
        222,
        237,
        155,
        121,
        108,
        20,
        85,
        28,
        199,
        119,
        161,
        84,
        182,
        41,
        80,
        57,
        12,
        141,
        214,
        96,
        202,
        31,
        88,
        65,
        40,
        52,
        109,
        49,
        6,
        27,
        154,
        6,
        16,
        84,
        18,
        69,
        42,
        9,
        129,
        72,
        128,
        18,
        2,
        37,
        82,
        66,
        1,
        133,
        34,
        151,
        144,
        6,
        26,
        240,
        224,
        208,
        168,
        85,
        27,
        148,
        160,
        133,
        96,
        82,
        130,
        145,
        134,
        35,
        45,
        119,
        32,
        148,
        132,
        67,
        65,
        192,
        112,
        31,
        9,
        54,
        36,
        68,
        193,
        239,
        47,
        249,
        62,
        51,
        110,
        102,
        167,
        187,
        51,
        111,
        119,
        103,
        38,
        252,
        241,
        73,
        95,
        119,
        223,
        188,
        153,
        207,
        188,
        115,
        222,
        252,
        54,
        80,
        188,
        178,
        53,
        16,
        71,
        130,
        96,
        8,
        168,
        6,
        251,
        192,
        37,
        112,
        7,
        92,
        6,
        7,
        193,
        26,
        48,
        2,
        180,
        143,
        231,
        117,
        196,
        171,
        224,
        20,
        48,
        9,
        156,
        3,
        135,
        192,
        2,
        80,
        4,
        178,
        192,
        147,
        224,
        105,
        240,
        18,
        168,
        0,
        123,
        192,
        69,
        80,
        14,
        82,
        189,
        36,
        41,
        181,
        246,
        43,
        40,
        136,
        50,
        255,
        139,
        224,
        71,
        240,
        59,
        120,
        195,
        43,
        146,
        79,
        217,
        60,
        78,
        106,
        187,
        5,
        236,
        0,
        217,
        110,
        151,
        116,
        66,
        7,
        48,
        7,
        92,
        7,
        85,
        32,
        228,
        71,
        73,
        197,
        51,
        224,
        7,
        246,
        235,
        145,
        126,
        149,
        84,
        148,
        128,
        211,
        160,
        30,
        244,
        246,
        171,
        100,
        128,
        163,
        238,
        124,
        112,
        3,
        44,
        5,
        233,
        126,
        148,
        84,
        100,
        130,
        90,
        240,
        39,
        24,
        199,
        121,
        216,
        119,
        146,
        138,
        66,
        208,
        12,
        154,
        192,
        32,
        39,
        146,
        105,
        224,
        35,
        240,
        166,
        75,
        69,
        219,
        129,
        119,
        185,
        122,
        90,
        15,
        50,
        98,
        149,
        204,
        3,
        191,
        129,
        111,
        184,
        66,
        113,
        115,
        173,
        118,
        2,
        31,
        115,
        201,
        56,
        36,
        90,
        201,
        81,
        236,
        224,
        99,
        60,
        214,
        132,
        101,
        20,
        190,
        10,
        198,
        183,
        37,
        57,
        148,
        147,
        112,
        190,
        71,
        251,
        106,
        31,
        112,
        5,
        188,
        30,
        73,
        50,
        147,
        119,
        162,
        216,
        163,
        130,
        138,
        2,
        182,
        196,
        231,
        204,
        36,
        235,
        192,
        42,
        143,
        11,
        42,
        102,
        131,
        93,
        225,
        146,
        125,
        56,
        247,
        164,
        249,
        68,
        50,
        133,
        203,
        193,
        151,
        141,
        146,
        107,
        193,
        7,
        118,
        10,
        204,
        95,
        114,
        43,
        86,
        170,
        193,
        114,
        245,
        127,
        28,
        69,
        203,
        192,
        22,
        37,
        25,
        228,
        240,
        155,
        157,
        32,
        201,
        70,
        18,
        111,
        201,
        30,
        224,
        158,
        60,
        197,
        4,
        216,
        65,
        207,
        219,
        45,
        204,
        68,
        226,
        59,
        112,
        215,
        130,
        191,
        137,
        85,
        158,
        239,
        53,
        137,
        30,
        150,
        29,
        8,
        73,
        188,
        6,
        182,
        107,
        146,
        44,
        4,
        143,
        200,
        54,
        80,
        99,
        194,
        101,
        98,
        246,
        221,
        54,
        195,
        241,
        133,
        26,
        36,
        191,
        4,
        83,
        37,
        49,
        25,
        108,
        212,
        36,
        185,
        19,
        92,
        85,
        181,
        17,
        107,
        115,
        197,
        255,
        155,
        193,
        95,
        44,
        163,
        81,
        131,
        164,
        60,
        177,
        44,
        8,
        112,
        51,
        169,
        90,
        131,
        100,
        17,
        107,
        96,
        22,
        168,
        98,
        58,
        55,
        90,
        73,
        164,
        251,
        129,
        135,
        224,
        67,
        48,
        147,
        199,
        23,
        57,
        148,
        172,
        4,
        43,
        254,
        75,
        104,
        144,
        108,
        100,
        51,
        12,
        129,
        12,
        112,
        19,
        212,
        199,
        32,
        89,
        207,
        22,
        32,
        199,
        166,
        130,
        139,
        160,
        201,
        77,
        146,
        195,
        121,
        231,
        203,
        12,
        50,
        149,
        170,
        111,
        181,
        37,
        137,
        191,
        3,
        153,
        247,
        125,
        67,
        185,
        83,
        248,
        217,
        112,
        183,
        72,
        54,
        131,
        243,
        172,
        1,
        245,
        89,
        58,
        251,
        86,
        67,
        20,
        146,
        13,
        172,
        249,
        116,
        67,
        185,
        41,
        224,
        28,
        56,
        10,
        130,
        78,
        37,
        167,
        129,
        79,
        29,
        72,
        142,
        230,
        29,
        159,
        104,
        210,
        52,
        103,
        169,
        190,
        21,
        73,
        18,
        12,
        102,
        158,
        10,
        147,
        178,
        39,
        240,
        187,
        209,
        73,
        147,
        148,
        59,
        12,
        142,
        129,
        51,
        188,
        243,
        225,
        146,
        33,
        246,
        211,
        70,
        11,
        73,
        73,
        95,
        145,
        188,
        38,
        229,
        183,
        3,
        167,
        192,
        73,
        73,
        39,
        75,
        114,
        44,
        239,
        116,
        169,
        197,
        10,
        167,
        140,
        121,
        134,
        153,
        72,
        170,
        17,
        121,
        70,
        52,
        231,
        72,
        150,
        100,
        11,
        135,
        253,
        90,
        240,
        85,
        4,
        242,
        216,
        95,
        247,
        155,
        72,
        238,
        163,
        64,
        157,
        197,
        241,
        195,
        216,
        90,
        78,
        219,
        184,
        198,
        197,
        96,
        161,
        83,
        201,
        123,
        160,
        21,
        92,
        176,
        224,
        85,
        94,
        236,
        37,
        19,
        201,
        63,
        192,
        253,
        54,
        142,
        159,
        198,
        69,
        125,
        171,
        141,
        107,
        148,
        1,
        181,
        210,
        169,
        228,
        14,
        147,
        81,
        53,
        156,
        52,
        142,
        156,
        223,
        154,
        72,
        126,
        205,
        239,
        58,
        89,
        156,
        163,
        3,
        207,
        209,
        144,
        44,
        201,
        98,
        54,
        183,
        154,
        8,
        130,
        65,
        214,
        226,
        67,
        54,
        219,
        112,
        73,
        153,
        31,
        255,
        97,
        158,
        96,
        132,
        115,
        172,
        225,
        57,
        74,
        108,
        92,
        227,
        50,
        217,
        148,
        214,
        49,
        133,
        172,
        53,
        244,
        171,
        222,
        6,
        193,
        23,
        12,
        11,
        238,
        42,
        139,
        209,
        117,
        17,
        243,
        108,
        7,
        125,
        13,
        229,
        102,
        179,
        76,
        249,
        238,
        147,
        100,
        207,
        147,
        237,
        41,
        241,
        128,
        23,
        36,
        11,
        128,
        27,
        76,
        75,
        127,
        171,
        96,
        141,
        90,
        45,
        6,
        222,
        99,
        222,
        71,
        60,
        246,
        26,
        211,
        82,
        230,
        98,
        57,
        71,
        178,
        37,
        21,
        89,
        96,
        54,
        216,
        4,
        54,
        130,
        114,
        208,
        51,
        134,
        181,
        171,
        228,
        157,
        1,
        54,
        176,
        12,
        41,
        43,
        75,
        215,
        218,
        85,
        215,
        83,
        136,
        219,
        118,
        6,
        226,
        242,
        20,
        242,
        88,
        242,
        177,
        100,
        2,
        36,
        117,
        13,
        60,
        110,
        148,
        148,
        152,
        131,
        42,
        73,
        140,
        85,
        251,
        147,
        62,
        148,
        148,
        253,
        228,
        114,
        21,
        67,
        211,
        162,
        81,
        178,
        35,
        232,
        101,
        65,
        51,
        177,
        202,
        211,
        81,
        147,
        164,
        108,
        134,
        149,
        168,
        144,
        146,
        187,
        160,
        139,
        38,
        73,
        227,
        182,
        162,
        93,
        182,
        106,
        16,
        124,
        130,
        94,
        221,
        213,
        7,
        91,
        204,
        222,
        235,
        217,
        148,
        44,
        224,
        142,
        128,
        19,
        116,
        188,
        58,
        28,
        201,
        154,
        12,
        24,
        63,
        56,
        224,
        147,
        151,
        61,
        138,
        93,
        124,
        221,
        30,
        48,
        70,
        51,
        30,
        1,
        111,
        249,
        68,
        240,
        21,
        112,
        129,
        93,
        241,
        127,
        239,
        39,
        243,
        25,
        100,
        144,
        233,
        113,
        65,
        25,
        91,
        206,
        50,
        196,
        212,
        244,
        117,
        250,
        60,
        112,
        194,
        238,
        32,
        228,
        2,
        210,
        24,
        157,
        89,
        99,
        21,
        51,
        16,
        228,
        220,
        114,
        140,
        177,
        169,
        94,
        18,
        236,
        70,
        193,
        218,
        240,
        32,
        166,
        72,
        7,
        204,
        101,
        128,
        65,
        169,
        71,
        4,
        71,
        176,
        15,
        174,
        98,
        124,
        79,
        212,
        193,
        74,
        249,
        108,
        186,
        63,
        219,
        13,
        220,
        75,
        0,
        207,
        130,
        205,
        140,
        57,
        26,
        106,
        55,
        236,
        44,
        149,
        65,
        6,
        215,
        184,
        95,
        146,
        238,
        18,
        185,
        16,
        215,
        165,
        183,
        24,
        6,
        16,
        210,
        17,
        91,
        39,
        175,
        166,
        191,
        224,
        27,
        233,
        183,
        147,
        44,
        88,
        202,
        166,
        89,
        199,
        154,
        212,
        30,
        64,
        152,
        11,
        246,
        131,
        221,
        32,
        39,
        193,
        114,
        185,
        60,
        239,
        81,
        134,
        113,
        199,
        53,
        20,
        84,
        70,
        174,
        119,
        24,
        20,
        191,
        218,
        42,
        112,
        79,
        19,
        25,
        140,
        157,
        147,
        46,
        51,
        213,
        108,
        96,
        137,
        103,
        40,
        168,
        244,
        207,
        149,
        108,
        58,
        19,
        163,
        141,
        61,
        141,
        241,
        102,
        78,
        224,
        40,
        255,
        153,
        147,
        64,
        70,
        29,
        23,
        147,
        195,
        249,
        169,
        137,
        77,
        74,
        71,
        153,
        242,
        248,
        183,
        151,
        63,
        144,
        201,
        115,
        83,
        160,
        253,
        56,
        67,
        236,
        105,
        119,
        155,
        101,
        116,
        230,
        175,
        126,
        108,
        55,
        205,
        68,
        68,
        46,
        171,
        139,
        148,
        64,
        196,
        233,
        49,
        252,
        98,
        71,
        194,
        196,
        166,
        48,
        244,
        237,
        115,
        7,
        55,
        41,
        161,
        225,
        217,
        210,
        132,
        127,
        226,
        69,
        47,
        1,
        3,
        76,
        106,
        69,
        250,
        220,
        243,
        156,
        231,
        100,
        50,
        255,
        69,
        71,
        211,
        76,
        70,
        12,
        122,
        14,
        71,
        224,
        83,
        252,
        33,
        218,
        113,
        246,
        95,
        89,
        27,
        223,
        166,
        220,
        186,
        104,
        226,
        200,
        189,
        242,
        187,
        144,
        174,
        160,
        63,
        151,
        95,
        185,
        92,
        96,
        36,
        228,
        220,
        255,
        2,
        195,
        4,
        228,
        147,
        29,
        69,
        18,
        111,
        0,
        0,
        0,
        0,
        73,
        69,
        78,
        68,
        174,
        66,
        96,
        130
      ]
    },
    "stat": {
      "dev": 16777220,
      "mode": 33188,
      "nlink": 1,
      "uid": 501,
      "gid": 20,
      "rdev": 0,
      "blksize": 4194304,
      "ino": 2088808,
      "size": 1825,
      "blocks": 8,
      "atime": "2018-04-17T07:59:11.796Z",
      "mtime": "2018-03-22T08:50:41.046Z",
      "ctime": "2018-03-22T08:50:41.046Z",
      "birthtime": "2018-03-22T08:50:41.046Z"
    },
    "history": [
      "/Users/jiangheng/Desktop/work-code/xxd-h5/src/mods/product/imgs/fair_icon.png"
    ],
    "path": "/Users/jiangheng/Desktop/work-code/xxd-h5/src/mods/product/imgs/fair_icon.png",
    "gulpCache$filePathChangedInsideTask": false,
    "gulpCache$fileBaseChangedInsideTask": false,
    "gulpCache$originalPath": "/Users/jiangheng/Desktop/work-code/xxd-h5/src/mods/product/imgs/fair_icon.png",
    "gulpCache$originalBase": "/Users/jiangheng/Desktop/work-code/xxd-h5/src/mods/"
  }
]