[
  {
    "cwd": "/Users/jiangheng/Desktop/work-code/xxd-h5",
    "base": "/Users/jiangheng/Desktop/work-code/xxd-h5/src/mods/",
    "contents": {
      "type": "Buffer",
      "data": [
        137,
        80,
        78,
        71,
        13,
        10,
        26,
        10,
        0,
        0,
        0,
        13,
        73,
        72,
        68,
        82,
        0,
        0,
        0,
        29,
        0,
        0,
        0,
        24,
        8,
        6,
        0,
        0,
        0,
        6,
        94,
        246,
        188,
        0,
        0,
        2,
        252,
        73,
        68,
        65,
        84,
        120,
        218,
        164,
        150,
        109,
        104,
        141,
        97,
        24,
        199,
        207,
        153,
        183,
        134,
        121,
        57,
        20,
        139,
        100,
        41,
        74,
        227,
        131,
        181,
        40,
        132,
        201,
        75,
        74,
        249,
        34,
        212,
        196,
        102,
        241,
        129,
        90,
        43,
        49,
        239,
        167,
        25,
        86,
        179,
        146,
        151,
        98,
        19,
        229,
        44,
        52,
        243,
        146,
        228,
        11,
        34,
        37,
        53,
        141,
        98,
        31,
        36,
        20,
        27,
        218,
        66,
        204,
        12,
        99,
        248,
        93,
        245,
        95,
        61,
        158,
        238,
        231,
        156,
        227,
        236,
        174,
        95,
        207,
        233,
        62,
        207,
        125,
        253,
        239,
        235,
        186,
        175,
        235,
        186,
        159,
        112,
        44,
        22,
        11,
        165,
        48,
        214,
        195,
        62,
        200,
        206,
        207,
        207,
        111,
        253,
        223,
        197,
        105,
        161,
        212,
        198,
        100,
        24,
        9,
        153,
        169,
        44,
        238,
        235,
        152,
        155,
        36,
        163,
        151,
        67,
        189,
        24,
        181,
        181,
        181,
        253,
        120,
        172,
        129,
        11,
        68,
        227,
        115,
        34,
        79,
        75,
        224,
        18,
        204,
        15,
        245,
        110,
        108,
        129,
        26,
        88,
        149,
        76,
        120,
        143,
        194,
        79,
        168,
        134,
        129,
        41,
        122,
        153,
        197,
        99,
        7,
        180,
        187,
        34,
        230,
        10,
        111,
        19,
        28,
        128,
        221,
        80,
        6,
        155,
        97,
        0,
        44,
        128,
        185,
        48,
        5,
        166,
        233,
        221,
        24,
        2,
        207,
        120,
        54,
        192,
        117,
        194,
        248,
        68,
        243,
        135,
        33,
        221,
        188,
        117,
        37,
        90,
        56,
        32,
        123,
        77,
        228,
        17,
        76,
        132,
        227,
        10,
        81,
        196,
        243,
        255,
        119,
        248,
        6,
        195,
        204,
        134,
        103,
        190,
        17,
        110,
        64,
        169,
        214,
        231,
        34,
        218,
        237,
        10,
        239,
        32,
        232,
        227,
        155,
        255,
        1,
        231,
        52,
        191,
        81,
        207,
        99,
        176,
        4,
        134,
        203,
        139,
        136,
        230,
        109,
        99,
        5,
        112,
        19,
        114,
        36,
        104,
        99,
        175,
        75,
        176,
        199,
        211,
        247,
        218,
        225,
        82,
        232,
        210,
        206,
        247,
        107,
        177,
        137,
        87,
        41,
        220,
        29,
        46,
        3,
        24,
        246,
        158,
        101,
        182,
        66,
        59,
        15,
        62,
        152,
        77,
        254,
        191,
        239,
        249,
        127,
        151,
        85,
        135,
        121,
        122,
        23,
        22,
        66,
        61,
        244,
        135,
        74,
        9,
        190,
        134,
        153,
        74,
        136,
        142,
        100,
        18,
        8,
        129,
        38,
        200,
        227,
        231,
        86,
        69,
        228,
        22,
        66,
        211,
        37,
        88,
        161,
        28,
        201,
        49,
        79,
        77,
        232,
        154,
        18,
        165,
        81,
        33,
        122,
        5,
        179,
        160,
        197,
        97,
        123,
        54,
        172,
        133,
        49,
        218,
        216,
        73,
        132,
        26,
        28,
        25,
        188,
        154,
        199,
        25,
        104,
        149,
        67,
        118,
        76,
        47,
        97,
        78,
        154,
        66,
        186,
        12,
        238,
        72,
        176,
        19,
        22,
        7,
        8,
        238,
        81,
        100,
        10,
        97,
        145,
        214,
        141,
        67,
        32,
        236,
        240,
        218,
        50,
        116,
        39,
        140,
        146,
        224,
        27,
        91,
        195,
        124,
        75,
        79,
        201,
        116,
        202,
        187,
        144,
        66,
        243,
        212,
        33,
        104,
        145,
        136,
        250,
        230,
        42,
        49,
        82,
        31,
        39,
        226,
        21,
        202,
        21,
        11,
        113,
        9,
        239,
        62,
        247,
        54,
        135,
        177,
        182,
        57,
        120,
        161,
        18,
        113,
        141,
        34,
        199,
        92,
        166,
        39,
        156,
        227,
        29,
        222,
        118,
        171,
        51,
        133,
        116,
        36,
        255,
        116,
        164,
        60,
        165,
        191,
        165,
        253,
        175,
        0,
        209,
        44,
        199,
        92,
        49,
        98,
        167,
        224,
        72,
        208,
        102,
        17,
        182,
        227,
        120,
        108,
        229,
        198,
        123,
        19,
        188,
        162,
        23,
        149,
        226,
        203,
        97,
        112,
        128,
        232,
        187,
        128,
        91,
        202,
        106,
        116,
        19,
        124,
        12,
        104,
        137,
        118,
        27,
        153,
        88,
        27,
        52,
        123,
        69,
        191,
        170,
        190,
        34,
        158,
        112,
        248,
        199,
        217,
        4,
        21,
        115,
        62,
        96,
        126,
        187,
        26,
        208,
        9,
        188,
        238,
        242,
        55,
        252,
        67,
        240,
        22,
        182,
        41,
        139,
        253,
        163,
        206,
        122,
        109,
        128,
        225,
        26,
        12,
        94,
        117,
        120,
        105,
        117,
        94,
        172,
        178,
        169,
        114,
        221,
        50,
        237,
        250,
        34,
        176,
        140,
        54,
        3,
        254,
        196,
        248,
        163,
        251,
        113,
        157,
        202,
        203,
        106,
        238,
        182,
        18,
        112,
        131,
        67,
        208,
        218,
        227,
        21,
        105,
        20,
        121,
        239,
        84,
        87,
        195,
        143,
        170,
        30,
        155,
        85,
        135,
        15,
        19,
        116,
        33,
        215,
        57,
        206,
        208,
        149,
        54,
        218,
        108,
        241,
        78,
        89,
        162,
        171,
        45,
        170,
        221,
        89,
        159,
        188,
        7,
        229,
        112,
        80,
        125,
        56,
        209,
        61,
        154,
        174,
        22,
        90,
        170,
        150,
        90,
        238,
        23,
        140,
        119,
        181,
        217,
        88,
        169,
        11,
        125,
        132,
        50,
        183,
        90,
        225,
        178,
        244,
        255,
        237,
        121,
        207,
        74,
        109,
        170,
        50,
        191,
        80,
        29,
        232,
        147,
        133,
        28,
        193,
        186,
        160,
        91,
        38,
        222,
        230,
        35,
        106,
        210,
        5,
        158,
        175,
        136,
        47,
        106,
        105,
        118,
        70,
        67,
        213,
        131,
        51,
        244,
        159,
        93,
        12,
        167,
        229,
        97,
        91,
        144,
        209,
        112,
        146,
        159,
        160,
        67,
        96,
        133,
        190,
        28,
        114,
        117,
        86,
        25,
        18,
        182,
        204,
        124,
        160,
        164,
        170,
        247,
        127,
        132,
        185,
        198,
        95,
        1,
        6,
        0,
        155,
        109,
        234,
        61,
        220,
        110,
        210,
        37,
        0,
        0,
        0,
        0,
        73,
        69,
        78,
        68,
        174,
        66,
        96,
        130
      ]
    },
    "stat": {
      "dev": 16777220,
      "mode": 33188,
      "nlink": 1,
      "uid": 501,
      "gid": 20,
      "rdev": 0,
      "blksize": 4194304,
      "ino": 2088674,
      "size": 1678,
      "blocks": 8,
      "atime": "2018-04-17T07:59:11.790Z",
      "mtime": "2018-03-22T08:50:41.016Z",
      "ctime": "2018-03-22T08:50:41.016Z",
      "birthtime": "2018-03-22T08:50:41.016Z"
    },
    "history": [
      "/Users/jiangheng/Desktop/work-code/xxd-h5/src/mods/login/imgs/eye_icon@2x.png"
    ],
    "path": "/Users/jiangheng/Desktop/work-code/xxd-h5/src/mods/login/imgs/eye_icon@2x.png",
    "gulpCache$filePathChangedInsideTask": false,
    "gulpCache$fileBaseChangedInsideTask": false,
    "gulpCache$originalPath": "/Users/jiangheng/Desktop/work-code/xxd-h5/src/mods/login/imgs/eye_icon@2x.png",
    "gulpCache$originalBase": "/Users/jiangheng/Desktop/work-code/xxd-h5/src/mods/"
  },
  {
    "cwd": "/Users/jiangheng/Desktop/work-code/xxd-h5",
    "base": "/Users/jiangheng/Desktop/work-code/xxd-h5/src/mods/",
    "contents": {
      "type": "Buffer",
      "data": [
        137,
        80,
        78,
        71,
        13,
        10,
        26,
        10,
        0,
        0,
        0,
        13,
        73,
        72,
        68,
        82,
        0,
        0,
        0,
        29,
        0,
        0,
        0,
        24,
        8,
        6,
        0,
        0,
        0,
        6,
        94,
        246,
        188,
        0,
        0,
        2,
        252,
        73,
        68,
        65,
        84,
        120,
        218,
        164,
        150,
        109,
        104,
        141,
        97,
        24,
        199,
        207,
        153,
        183,
        134,
        121,
        57,
        20,
        139,
        100,
        41,
        74,
        227,
        131,
        181,
        40,
        132,
        201,
        75,
        74,
        249,
        34,
        212,
        196,
        102,
        241,
        129,
        90,
        43,
        49,
        239,
        167,
        25,
        86,
        179,
        146,
        151,
        98,
        19,
        229,
        44,
        52,
        243,
        146,
        228,
        11,
        34,
        37,
        53,
        141,
        98,
        31,
        36,
        20,
        27,
        218,
        66,
        204,
        12,
        99,
        248,
        93,
        245,
        95,
        61,
        158,
        238,
        231,
        156,
        227,
        236,
        174,
        95,
        207,
        233,
        62,
        207,
        125,
        253,
        239,
        235,
        186,
        175,
        235,
        186,
        159,
        112,
        44,
        22,
        11,
        165,
        48,
        214,
        195,
        62,
        200,
        206,
        207,
        207,
        111,
        253,
        223,
        197,
        105,
        161,
        212,
        198,
        100,
        24,
        9,
        153,
        169,
        44,
        238,
        235,
        152,
        155,
        36,
        163,
        151,
        67,
        189,
        24,
        181,
        181,
        181,
        253,
        120,
        172,
        129,
        11,
        68,
        227,
        115,
        34,
        79,
        75,
        224,
        18,
        204,
        15,
        245,
        110,
        108,
        129,
        26,
        88,
        149,
        76,
        120,
        143,
        194,
        79,
        168,
        134,
        129,
        41,
        122,
        153,
        197,
        99,
        7,
        180,
        187,
        34,
        230,
        10,
        111,
        19,
        28,
        128,
        221,
        80,
        6,
        155,
        97,
        0,
        44,
        128,
        185,
        48,
        5,
        166,
        233,
        221,
        24,
        2,
        207,
        120,
        54,
        192,
        117,
        194,
        248,
        68,
        243,
        135,
        33,
        221,
        188,
        117,
        37,
        90,
        56,
        32,
        123,
        77,
        228,
        17,
        76,
        132,
        227,
        10,
        81,
        196,
        243,
        255,
        119,
        248,
        6,
        195,
        204,
        134,
        103,
        190,
        17,
        110,
        64,
        169,
        214,
        231,
        34,
        218,
        237,
        10,
        239,
        32,
        232,
        227,
        155,
        255,
        1,
        231,
        52,
        191,
        81,
        207,
        99,
        176,
        4,
        134,
        203,
        139,
        136,
        230,
        109,
        99,
        5,
        112,
        19,
        114,
        36,
        104,
        99,
        175,
        75,
        176,
        199,
        211,
        247,
        218,
        225,
        82,
        232,
        210,
        206,
        247,
        107,
        177,
        137,
        87,
        41,
        220,
        29,
        46,
        3,
        24,
        246,
        158,
        101,
        182,
        66,
        59,
        15,
        62,
        152,
        77,
        254,
        191,
        239,
        249,
        127,
        151,
        85,
        135,
        121,
        122,
        23,
        22,
        66,
        61,
        244,
        135,
        74,
        9,
        190,
        134,
        153,
        74,
        136,
        142,
        100,
        18,
        8,
        129,
        38,
        200,
        227,
        231,
        86,
        69,
        228,
        22,
        66,
        211,
        37,
        88,
        161,
        28,
        201,
        49,
        79,
        77,
        232,
        154,
        18,
        165,
        81,
        33,
        122,
        5,
        179,
        160,
        197,
        97,
        123,
        54,
        172,
        133,
        49,
        218,
        216,
        73,
        132,
        26,
        28,
        25,
        188,
        154,
        199,
        25,
        104,
        149,
        67,
        118,
        76,
        47,
        97,
        78,
        154,
        66,
        186,
        12,
        238,
        72,
        176,
        19,
        22,
        7,
        8,
        238,
        81,
        100,
        10,
        97,
        145,
        214,
        141,
        67,
        32,
        236,
        240,
        218,
        50,
        116,
        39,
        140,
        146,
        224,
        27,
        91,
        195,
        124,
        75,
        79,
        201,
        116,
        202,
        187,
        144,
        66,
        243,
        212,
        33,
        104,
        145,
        136,
        250,
        230,
        42,
        49,
        82,
        31,
        39,
        226,
        21,
        202,
        21,
        11,
        113,
        9,
        239,
        62,
        247,
        54,
        135,
        177,
        182,
        57,
        120,
        161,
        18,
        113,
        141,
        34,
        199,
        92,
        166,
        39,
        156,
        227,
        29,
        222,
        118,
        171,
        51,
        133,
        116,
        36,
        255,
        116,
        164,
        60,
        165,
        191,
        165,
        253,
        175,
        0,
        209,
        44,
        199,
        92,
        49,
        98,
        167,
        224,
        72,
        208,
        102,
        17,
        182,
        227,
        120,
        108,
        229,
        198,
        123,
        19,
        188,
        162,
        23,
        149,
        226,
        203,
        97,
        112,
        128,
        232,
        187,
        128,
        91,
        202,
        106,
        116,
        19,
        124,
        12,
        104,
        137,
        118,
        27,
        153,
        88,
        27,
        52,
        123,
        69,
        191,
        170,
        190,
        34,
        158,
        112,
        248,
        199,
        217,
        4,
        21,
        115,
        62,
        96,
        126,
        187,
        26,
        208,
        9,
        188,
        238,
        242,
        55,
        252,
        67,
        240,
        22,
        182,
        41,
        139,
        253,
        163,
        206,
        122,
        109,
        128,
        225,
        26,
        12,
        94,
        117,
        120,
        105,
        117,
        94,
        172,
        178,
        169,
        114,
        221,
        50,
        237,
        250,
        34,
        176,
        140,
        54,
        3,
        254,
        196,
        248,
        163,
        251,
        113,
        157,
        202,
        203,
        106,
        238,
        182,
        18,
        112,
        131,
        67,
        208,
        218,
        227,
        21,
        105,
        20,
        121,
        239,
        84,
        87,
        195,
        143,
        170,
        30,
        155,
        85,
        135,
        15,
        19,
        116,
        33,
        215,
        57,
        206,
        208,
        149,
        54,
        218,
        108,
        241,
        78,
        89,
        162,
        171,
        45,
        170,
        221,
        89,
        159,
        188,
        7,
        229,
        112,
        80,
        125,
        56,
        209,
        61,
        154,
        174,
        22,
        90,
        170,
        150,
        90,
        238,
        23,
        140,
        119,
        181,
        217,
        88,
        169,
        11,
        125,
        132,
        50,
        183,
        90,
        225,
        178,
        244,
        255,
        237,
        121,
        207,
        74,
        109,
        170,
        50,
        191,
        80,
        29,
        232,
        147,
        133,
        28,
        193,
        186,
        160,
        91,
        38,
        222,
        230,
        35,
        106,
        210,
        5,
        158,
        175,
        136,
        47,
        106,
        105,
        118,
        70,
        67,
        213,
        131,
        51,
        244,
        159,
        93,
        12,
        167,
        229,
        97,
        91,
        144,
        209,
        112,
        146,
        159,
        160,
        67,
        96,
        133,
        190,
        28,
        114,
        117,
        86,
        25,
        18,
        182,
        204,
        124,
        160,
        164,
        170,
        247,
        127,
        132,
        185,
        198,
        95,
        1,
        6,
        0,
        155,
        109,
        234,
        61,
        220,
        110,
        210,
        37,
        0,
        0,
        0,
        0,
        73,
        69,
        78,
        68,
        174,
        66,
        96,
        130
      ]
    },
    "stat": {
      "dev": 16777220,
      "mode": 33188,
      "nlink": 1,
      "uid": 501,
      "gid": 20,
      "rdev": 0,
      "blksize": 4194304,
      "ino": 2088862,
      "size": 1678,
      "blocks": 8,
      "atime": "2018-04-17T07:59:11.800Z",
      "mtime": "2018-03-22T08:50:41.059Z",
      "ctime": "2018-03-22T08:50:41.059Z",
      "birthtime": "2018-03-22T08:50:41.059Z"
    },
    "history": [
      "/Users/jiangheng/Desktop/work-code/xxd-h5/src/mods/register/imgs/eye_icon@2x.png"
    ],
    "path": "/Users/jiangheng/Desktop/work-code/xxd-h5/src/mods/register/imgs/eye_icon@2x.png",
    "gulpCache$filePathChangedInsideTask": true,
    "gulpCache$fileBaseChangedInsideTask": false,
    "gulpCache$originalPath": "/Users/jiangheng/Desktop/work-code/xxd-h5/src/mods/login/imgs/eye_icon@2x.png",
    "gulpCache$originalBase": "/Users/jiangheng/Desktop/work-code/xxd-h5/src/mods/"
  }
]