[
  {
    "cwd": "/Users/jiangheng/Desktop/work-code/xxd-h5",
    "base": "/Users/jiangheng/Desktop/work-code/xxd-h5/src/mods/",
    "contents": {
      "type": "Buffer",
      "data": [
        137,
        80,
        78,
        71,
        13,
        10,
        26,
        10,
        0,
        0,
        0,
        13,
        73,
        72,
        68,
        82,
        0,
        0,
        0,
        64,
        0,
        0,
        0,
        64,
        8,
        3,
        0,
        0,
        0,
        157,
        183,
        129,
        236,
        0,
        0,
        0,
        63,
        80,
        76,
        84,
        69,
        0,
        0,
        0,
        175,
        175,
        175,
        175,
        175,
        175,
        170,
        170,
        170,
        174,
        174,
        174,
        171,
        171,
        171,
        171,
        171,
        171,
        173,
        173,
        173,
        171,
        171,
        171,
        171,
        171,
        171,
        172,
        172,
        172,
        172,
        172,
        172,
        172,
        172,
        172,
        171,
        171,
        171,
        172,
        172,
        172,
        171,
        171,
        171,
        171,
        171,
        171,
        172,
        172,
        172,
        172,
        172,
        172,
        171,
        171,
        171,
        172,
        172,
        172,
        63,
        103,
        215,
        93,
        0,
        0,
        0,
        20,
        116,
        82,
        78,
        83,
        0,
        16,
        32,
        48,
        63,
        64,
        79,
        96,
        112,
        128,
        144,
        159,
        160,
        176,
        191,
        192,
        207,
        208,
        239,
        240,
        82,
        47,
        143,
        132,
        0,
        0,
        0,
        180,
        73,
        68,
        65,
        84,
        88,
        195,
        237,
        148,
        65,
        14,
        194,
        32,
        16,
        0,
        151,
        98,
        197,
        218,
        90,
        161,
        157,
        255,
        191,
        213,
        131,
        54,
        49,
        182,
        93,
        129,
        70,
        79,
        59,
        71,
        54,
        51,
        9,
        4,
        16,
        49,
        12,
        195,
        48,
        126,
        70,
        115,
        114,
        218,
        216,
        157,
        27,
        221,
        111,
        33,
        42,
        5,
        23,
        161,
        85,
        3,
        119,
        180,
        130,
        139,
        192,
        77,
        13,
        116,
        40,
        5,
        23,
        1,
        58,
        125,
        15,
        9,
        96,
        220,
        158,
        141,
        0,
        233,
        203,
        33,
        186,
        4,
        208,
        111,
        141,
        122,
        128,
        228,
        164,
        182,
        144,
        233,
        239,
        22,
        178,
        253,
        157,
        66,
        129,
        47,
        226,
        103,
        128,
        240,
        190,
        116,
        1,
        152,
        125,
        238,
        117,
        92,
        21,
        66,
        153,
        191,
        42,
        20,
        251,
        31,
        133,
        10,
        95,
        164,
        5,
        94,
        247,
        62,
        0,
        224,
        75,
        159,
        101,
        0,
        152,
        188,
        136,
        159,
        86,
        71,
        90,
        84,
        168,
        246,
        151,
        66,
        189,
        191,
        108,
        190,
        222,
        23,
        185,
        62,
        253,
        174,
        254,
        131,
        27,
        0,
        134,
        35,
        95,
        228,
        112,
        208,
        23,
        241,
        94,
        12,
        195,
        48,
        140,
        191,
        241,
        0,
        133,
        31,
        15,
        11,
        227,
        218,
        122,
        96,
        0,
        0,
        0,
        0,
        73,
        69,
        78,
        68,
        174,
        66,
        96,
        130
      ]
    },
    "stat": {
      "dev": 16777220,
      "mode": 33188,
      "nlink": 1,
      "uid": 501,
      "gid": 20,
      "rdev": 0,
      "blksize": 4194304,
      "ino": 2088799,
      "size": 674,
      "blocks": 8,
      "atime": "2018-04-17T08:02:38.696Z",
      "mtime": "2018-03-22T08:50:41.045Z",
      "ctime": "2018-03-22T08:50:41.045Z",
      "birthtime": "2018-03-22T08:50:41.045Z"
    },
    "history": [
      "/Users/jiangheng/Desktop/work-code/xxd-h5/src/mods/product/imgs/arrow_down_gray.png"
    ],
    "path": "/Users/jiangheng/Desktop/work-code/xxd-h5/src/mods/product/imgs/arrow_down_gray.png",
    "gulpCache$filePathChangedInsideTask": false,
    "gulpCache$fileBaseChangedInsideTask": false,
    "gulpCache$originalPath": "/Users/jiangheng/Desktop/work-code/xxd-h5/src/mods/product/imgs/arrow_down_gray.png",
    "gulpCache$originalBase": "/Users/jiangheng/Desktop/work-code/xxd-h5/src/mods/"
  }
]