[
  {
    "cwd": "/Users/jiangheng/Desktop/work-code/xxd-h5",
    "base": "/Users/jiangheng/Desktop/work-code/xxd-h5/src/mods/",
    "contents": {
      "type": "Buffer",
      "data": [
        40,
        102,
        117,
        110,
        99,
        116,
        105,
        111,
        110,
        32,
        40,
        41,
        123,
        10,
        32,
        32,
        32,
        32,
        118,
        97,
        114,
        32,
        100,
        111,
        99,
        69,
        108,
        32,
        61,
        32,
        100,
        111,
        99,
        117,
        109,
        101,
        110,
        116,
        46,
        103,
        101,
        116,
        69,
        108,
        101,
        109,
        101,
        110,
        116,
        115,
        66,
        121,
        84,
        97,
        103,
        78,
        97,
        109,
        101,
        40,
        34,
        104,
        116,
        109,
        108,
        34,
        41,
        91,
        48,
        93,
        59,
        10,
        32,
        32,
        32,
        32,
        118,
        97,
        114,
        32,
        100,
        112,
        114,
        32,
        61,
        32,
        119,
        105,
        110,
        100,
        111,
        119,
        46,
        100,
        101,
        118,
        105,
        99,
        101,
        80,
        105,
        120,
        101,
        108,
        82,
        97,
        116,
        105,
        111,
        32,
        124,
        124,
        32,
        49,
        59,
        10,
        32,
        32,
        32,
        32,
        118,
        97,
        114,
        32,
        114,
        101,
        109,
        32,
        61,
        32,
        100,
        111,
        99,
        69,
        108,
        46,
        99,
        108,
        105,
        101,
        110,
        116,
        87,
        105,
        100,
        116,
        104,
        32,
        42,
        32,
        100,
        112,
        114,
        32,
        47,
        32,
        49,
        48,
        59,
        10,
        32,
        32,
        32,
        32,
        118,
        97,
        114,
        32,
        115,
        99,
        97,
        108,
        101,
        32,
        61,
        32,
        49,
        32,
        47,
        32,
        100,
        112,
        114,
        59,
        10,
        32,
        32,
        32,
        32,
        47,
        47,
        32,
        229,
        138,
        168,
        230,
        128,
        129,
        229,
        134,
        153,
        229,
        133,
        165,
        230,
        160,
        183,
        229,
        188,
        143,
        10,
        32,
        32,
        32,
        32,
        100,
        111,
        99,
        69,
        108,
        46,
        115,
        116,
        121,
        108,
        101,
        46,
        102,
        111,
        110,
        116,
        83,
        105,
        122,
        101,
        32,
        61,
        32,
        114,
        101,
        109,
        42,
        115,
        99,
        97,
        108,
        101,
        32,
        43,
        32,
        39,
        112,
        120,
        39,
        59,
        10,
        125,
        41,
        40,
        41,
        59,
        10,
        10,
        119,
        105,
        110,
        100,
        111,
        119,
        46,
        111,
        110,
        114,
        101,
        115,
        105,
        122,
        101,
        32,
        61,
        32,
        102,
        117,
        110,
        99,
        116,
        105,
        111,
        110,
        40,
        41,
        123,
        10,
        32,
        32,
        32,
        32,
        118,
        97,
        114,
        32,
        100,
        111,
        99,
        69,
        108,
        32,
        61,
        32,
        100,
        111,
        99,
        117,
        109,
        101,
        110,
        116,
        46,
        103,
        101,
        116,
        69,
        108,
        101,
        109,
        101,
        110,
        116,
        115,
        66,
        121,
        84,
        97,
        103,
        78,
        97,
        109,
        101,
        40,
        34,
        104,
        116,
        109,
        108,
        34,
        41,
        91,
        48,
        93,
        59,
        10,
        32,
        32,
        32,
        32,
        118,
        97,
        114,
        32,
        100,
        112,
        114,
        32,
        61,
        32,
        119,
        105,
        110,
        100,
        111,
        119,
        46,
        100,
        101,
        118,
        105,
        99,
        101,
        80,
        105,
        120,
        101,
        108,
        82,
        97,
        116,
        105,
        111,
        32,
        124,
        124,
        32,
        49,
        59,
        10,
        32,
        32,
        32,
        32,
        118,
        97,
        114,
        32,
        114,
        101,
        109,
        32,
        61,
        32,
        100,
        111,
        99,
        69,
        108,
        46,
        99,
        108,
        105,
        101,
        110,
        116,
        87,
        105,
        100,
        116,
        104,
        32,
        42,
        32,
        100,
        112,
        114,
        32,
        47,
        32,
        49,
        48,
        59,
        10,
        32,
        32,
        32,
        32,
        118,
        97,
        114,
        32,
        115,
        99,
        97,
        108,
        101,
        32,
        61,
        32,
        49,
        32,
        47,
        32,
        100,
        112,
        114,
        59,
        10,
        32,
        32,
        32,
        32,
        47,
        47,
        32,
        229,
        138,
        168,
        230,
        128,
        129,
        229,
        134,
        153,
        229,
        133,
        165,
        230,
        160,
        183,
        229,
        188,
        143,
        10,
        32,
        32,
        32,
        32,
        100,
        111,
        99,
        69,
        108,
        46,
        115,
        116,
        121,
        108,
        101,
        46,
        102,
        111,
        110,
        116,
        83,
        105,
        122,
        101,
        32,
        61,
        32,
        114,
        101,
        109,
        42,
        115,
        99,
        97,
        108,
        101,
        32,
        43,
        32,
        39,
        112,
        120,
        39,
        59,
        10,
        125,
        59
      ]
    },
    "stat": {
      "dev": 16777220,
      "mode": 33188,
      "nlink": 1,
      "uid": 501,
      "gid": 20,
      "rdev": 0,
      "blksize": 4194304,
      "ino": 2088594,
      "size": 537,
      "blocks": 8,
      "atime": "2018-04-17T07:59:11.775Z",
      "mtime": "2018-03-22T08:50:40.985Z",
      "ctime": "2018-03-22T08:50:40.985Z",
      "birthtime": "2018-03-22T08:50:40.985Z"
    },
    "history": [
      "/Users/jiangheng/Desktop/work-code/xxd-h5/src/mods/base.js"
    ],
    "path": "/Users/jiangheng/Desktop/work-code/xxd-h5/src/mods/base.js",
    "gulpCache$filePathChangedInsideTask": false,
    "gulpCache$fileBaseChangedInsideTask": false,
    "gulpCache$originalPath": "/Users/jiangheng/Desktop/work-code/xxd-h5/src/mods/base.js",
    "gulpCache$originalBase": "/Users/jiangheng/Desktop/work-code/xxd-h5/src/mods/"
  }
]