[
  {
    "cwd": "/Users/jiangheng/Desktop/work-code/xxd-h5",
    "base": "/Users/jiangheng/Desktop/work-code/xxd-h5/src/mods/",
    "contents": {
      "type": "Buffer",
      "data": [
        137,
        80,
        78,
        71,
        13,
        10,
        26,
        10,
        0,
        0,
        0,
        13,
        73,
        72,
        68,
        82,
        0,
        0,
        0,
        54,
        0,
        0,
        0,
        60,
        8,
        6,
        0,
        0,
        0,
        45,
        222,
        73,
        187,
        0,
        0,
        7,
        79,
        73,
        68,
        65,
        84,
        120,
        218,
        220,
        90,
        11,
        176,
        85,
        99,
        20,
        222,
        247,
        220,
        74,
        46,
        149,
        158,
        122,
        92,
        244,
        16,
        122,
        72,
        106,
        144,
        146,
        100,
        34,
        105,
        10,
        37,
        122,
        152,
        164,
        166,
        162,
        68,
        101,
        76,
        104,
        36,
        141,
        234,
        102,
        140,
        215,
        53,
        35,
        244,
        34,
        221,
        137,
        174,
        20,
        74,
        38,
        121,
        52,
        113,
        25,
        81,
        74,
        69,
        143,
        145,
        84,
        222,
        87,
        165,
        210,
        67,
        247,
        250,
        214,
        220,
        111,
        55,
        235,
        174,
        246,
        62,
        231,
        236,
        125,
        246,
        185,
        110,
        214,
        204,
        55,
        103,
        191,
        206,
        254,
        255,
        111,
        175,
        245,
        175,
        127,
        173,
        245,
        255,
        25,
        197,
        197,
        197,
        206,
        255,
        81,
        42,
        164,
        250,
        130,
        81,
        163,
        70,
        37,
        122,
        164,
        57,
        112,
        23,
        112,
        21,
        80,
        23,
        40,
        4,
        86,
        3,
        175,
        0,
        239,
        165,
        218,
        126,
        110,
        110,
        110,
        122,
        136,
        197,
        145,
        74,
        192,
        84,
        96,
        12,
        144,
        161,
        174,
        215,
        2,
        206,
        3,
        250,
        147,
        216,
        64,
        224,
        215,
        168,
        27,
        143,
        165,
        168,
        45,
        233,
        112,
        109,
        160,
        1,
        137,
        104,
        82,
        249,
        192,
        88,
        67,
        202,
        74,
        87,
        224,
        83,
        32,
        219,
        244,
        233,
        76,
        160,
        30,
        80,
        177,
        204,
        76,
        17,
        100,
        50,
        241,
        211,
        11,
        24,
        12,
        116,
        4,
        78,
        227,
        173,
        99,
        236,
        228,
        12,
        224,
        106,
        160,
        135,
        249,
        235,
        102,
        224,
        11,
        160,
        49,
        112,
        185,
        186,
        222,
        4,
        120,
        19,
        152,
        2,
        220,
        14,
        116,
        49,
        239,
        20,
        179,
        125,
        13,
        120,
        9,
        216,
        159,
        108,
        63,
        51,
        130,
        56,
        15,
        144,
        18,
        19,
        122,
        21,
        184,
        36,
        192,
        183,
        56,
        10,
        220,
        205,
        142,
        185,
        141,
        201,
        120,
        91,
        64,
        179,
        76,
        86,
        118,
        3,
        131,
        128,
        229,
        201,
        140,
        177,
        88,
        0,
        82,
        77,
        241,
        243,
        73,
        64,
        82,
        34,
        67,
        128,
        23,
        21,
        41,
        145,
        143,
        168,
        153,
        131,
        1,
        222,
        83,
        31,
        88,
        6,
        220,
        20,
        153,
        41,
        130,
        84,
        140,
        94,
        76,
        127,
        97,
        49,
        147,
        119,
        129,
        2,
        224,
        8,
        9,
        247,
        6,
        50,
        121,
        255,
        0,
        240,
        0,
        48,
        215,
        231,
        181,
        95,
        3,
        221,
        129,
        60,
        142,
        39,
        77,
        122,
        57,
        53,
        221,
        146,
        68,
        170,
        40,
        69,
        204,
        160,
        201,
        255,
        18,
        197,
        24,
        19,
        211,
        105,
        167,
        206,
        183,
        1,
        61,
        97,
        6,
        27,
        141,
        187,
        23,
        39,
        114,
        25,
        240,
        15,
        176,
        18,
        216,
        147,
        224,
        189,
        66,
        162,
        17,
        208,
        30,
        168,
        198,
        113,
        184,
        209,
        60,
        115,
        31,
        63,
        106,
        55,
        158,
        215,
        0,
        134,
        3,
        147,
        162,
        32,
        118,
        173,
        57,
        239,
        35,
        164,
        60,
        158,
        219,
        5,
        44,
        12,
        104,
        170,
        135,
        129,
        15,
        227,
        220,
        255,
        29,
        184,
        5,
        216,
        74,
        111,
        233,
        122,
        211,
        73,
        81,
        184,
        251,
        186,
        234,
        248,
        55,
        144,
        90,
        83,
        198,
        129,
        196,
        126,
        154,
        188,
        43,
        245,
        162,
        154,
        199,
        180,
        73,
        213,
        166,
        35,
        41,
        75,
        57,
        5,
        184,
        88,
        157,
        255,
        17,
        21,
        177,
        15,
        204,
        249,
        27,
        32,
        119,
        86,
        25,
        145,
        202,
        2,
        230,
        0,
        231,
        196,
        233,
        79,
        104,
        98,
        75,
        129,
        245,
        234,
        252,
        66,
        25,
        232,
        32,
        55,
        139,
        131,
        63,
        29,
        34,
        19,
        247,
        100,
        96,
        59,
        208,
        87,
        93,
        23,
        111,
        251,
        92,
        36,
        196,
        48,
        166,
        196,
        203,
        13,
        0,
        246,
        169,
        203,
        149,
        129,
        59,
        128,
        181,
        64,
        179,
        8,
        9,
        85,
        230,
        20,
        177,
        5,
        120,
        136,
        33,
        155,
        150,
        97,
        192,
        143,
        145,
        197,
        138,
        32,
        39,
        26,
        187,
        146,
        46,
        89,
        75,
        85,
        70,
        239,
        81,
        201,
        253,
        192,
        109,
        30,
        49,
        166,
        140,
        243,
        62,
        156,
        247,
        34,
        15,
        130,
        215,
        49,
        164,
        178,
        114,
        44,
        66,
        98,
        173,
        61,
        174,
        189,
        192,
        140,
        32,
        63,
        242,
        232,
        30,
        227,
        73,
        2,
        211,
        215,
        61,
        230,
        143,
        189,
        201,
        216,
        124,
        0,
        241,
        202,
        209,
        36,
        160,
        110,
        24,
        121,
        218,
        2,
        82,
        217,
        12,
        99,
        110,
        54,
        183,
        62,
        3,
        46,
        101,
        36,
        18,
        149,
        72,
        176,
        60,
        205,
        196,
        150,
        245,
        25,
        201,
        244,
        139,
        140,
        24,
        72,
        157,
        203,
        224,
        183,
        149,
        185,
        53,
        137,
        105,
        203,
        230,
        136,
        189,
        97,
        49,
        99,
        76,
        9,
        146,
        127,
        50,
        78,
        37,
        143,
        137,
        107,
        106,
        196,
        64,
        170,
        49,
        227,
        185,
        179,
        77,
        20,
        112,
        3,
        156,
        201,
        35,
        244,
        150,
        233,
        18,
        153,
        171,
        218,
        208,
        42,
        180,
        60,
        73,
        226,
        225,
        136,
        129,
        84,
        45,
        166,
        9,
        13,
        76,
        220,
        214,
        1,
        132,
        222,
        42,
        163,
        201,
        249,
        103,
        6,
        224,
        54,
        67,
        152,
        202,
        224,
        56,
        24,
        49,
        144,
        146,
        148,
        124,
        17,
        208,
        212,
        4,
        184,
        237,
        65,
        106,
        93,
        25,
        135,
        83,
        135,
        153,
        89,
        79,
        55,
        215,
        159,
        96,
        221,
        36,
        144,
        198,
        114,
        68,
        51,
        70,
        83,
        157,
        65,
        106,
        75,
        18,
        29,
        57,
        63,
        128,
        7,
        171,
        200,
        116,
        40,
        43,
        137,
        113,
        55,
        66,
        166,
        83,
        115,
        125,
        22,
        148,
        208,
        38,
        41,
        98,
        120,
        176,
        11,
        139,
        48,
        250,
        139,
        245,
        76,
        146,
        212,
        117,
        192,
        38,
        70,
        13,
        3,
        18,
        60,
        91,
        141,
        158,
        78,
        162,
        246,
        247,
        147,
        116,
        42,
        247,
        2,
        243,
        76,
        112,
        156,
        143,
        62,
        87,
        141,
        75,
        12,
        15,
        100,
        113,
        50,
        212,
        50,
        26,
        164,
        10,
        146,
        212,
        64,
        43,
        70,
        12,
        21,
        152,
        28,
        246,
        138,
        19,
        216,
        46,
        83,
        201,
        107,
        235,
        0,
        30,
        83,
        138,
        72,
        159,
        171,
        107,
        141,
        104,
        150,
        113,
        53,
        118,
        15,
        171,
        72,
        174,
        44,
        6,
        169,
        233,
        1,
        198,
        195,
        12,
        149,
        1,
        203,
        187,
        231,
        139,
        182,
        61,
        72,
        189,
        99,
        50,
        242,
        209,
        1,
        218,
        56,
        194,
        249,
        180,
        80,
        93,
        27,
        10,
        165,
        92,
        225,
        73,
        12,
        55,
        196,
        52,
        198,
        153,
        40,
        122,
        100,
        192,
        129,
        94,
        200,
        236,
        118,
        155,
        26,
        67,
        249,
        138,
        156,
        75,
        170,
        179,
        250,
        207,
        131,
        44,
        246,
        4,
        145,
        157,
        84,
        130,
        150,
        105,
        126,
        26,
        147,
        138,
        236,
        25,
        218,
        235,
        64,
        91,
        187,
        66,
        120,
        177,
        157,
        116,
        209,
        150,
        92,
        55,
        214,
        15,
        45,
        169,
        156,
        144,
        222,
        114,
        158,
        201,
        203,
        218,
        211,
        63,
        156,
        64,
        108,
        152,
        58,
        150,
        178,
        216,
        211,
        41,
        184,
        104,
        151,
        220,
        15,
        138,
        220,
        82,
        83,
        59,
        25,
        159,
        2,
        41,
        87,
        198,
        89,
        223,
        87,
        138,
        24,
        195,
        166,
        150,
        250,
        107,
        64,
        91,
        123,
        82,
        108,
        116,
        39,
        195,
        34,
        47,
        173,
        139,
        217,
        76,
        137,
        96,
        142,
        91,
        77,
        207,
        234,
        74,
        119,
        112,
        169,
        174,
        53,
        214,
        213,
        252,
        33,
        63,
        100,
        67,
        245,
        56,
        135,
        185,
        144,
        144,
        107,
        144,
        73,
        80,
        243,
        56,
        217,
        54,
        52,
        56,
        53,
        100,
        155,
        51,
        213,
        113,
        166,
        91,
        166,
        115,
        203,
        111,
        109,
        205,
        188,
        245,
        113,
        136,
        6,
        102,
        147,
        68,
        34,
        233,
        239,
        19,
        49,
        252,
        197,
        160,
        96,
        125,
        192,
        118,
        197,
        25,
        21,
        41,
        37,
        137,
        119,
        204,
        115,
        79,
        154,
        171,
        7,
        55,
        193,
        12,
        15,
        135,
        32,
        214,
        35,
        69,
        179,
        170,
        194,
        12,
        61,
        144,
        160,
        175,
        133,
        38,
        195,
        104,
        169,
        53,
        166,
        235,
        134,
        97,
        115,
        171,
        71,
        57,
        31,
        101,
        122,
        220,
        171,
        203,
        40,
        65,
        68,
        74,
        211,
        135,
        60,
        158,
        217,
        33,
        213,
        175,
        144,
        109,
        127,
        7,
        92,
        192,
        227,
        108,
        77,
        172,
        170,
        49,
        137,
        48,
        146,
        235,
        17,
        203,
        185,
        34,
        169,
        79,
        39,
        30,
        247,
        229,
        121,
        148,
        242,
        167,
        9,
        213,
        142,
        19,
        43,
        82,
        55,
        50,
        66,
        190,
        92,
        230,
        167,
        59,
        149,
        102,
        28,
        107,
        30,
        148,
        199,
        24,
        84,
        91,
        17,
        115,
        154,
        224,
        163,
        205,
        68,
        162,
        251,
        92,
        164,
        137,
        73,
        242,
        88,
        83,
        217,
        122,
        24,
        153,
        107,
        114,
        55,
        63,
        233,
        144,
        192,
        164,
        102,
        134,
        104,
        59,
        203,
        90,
        92,
        76,
        149,
        182,
        92,
        169,
        17,
        146,
        216,
        246,
        8,
        76,
        106,
        71,
        200,
        255,
        85,
        83,
        199,
        251,
        180,
        198,
        228,
        133,
        23,
        241,
        56,
        108,
        93,
        190,
        59,
        189,
        154,
        151,
        243,
        16,
        243,
        107,
        193,
        227,
        135,
        129,
        111,
        60,
        158,
        145,
        34,
        232,
        151,
        33,
        219,
        110,
        98,
        178,
        238,
        227,
        196,
        116,
        174,
        213,
        64,
        2,
        98,
        184,
        209,
        189,
        1,
        95,
        46,
        207,
        191,
        237,
        115,
        79,
        71,
        239,
        171,
        162,
        116,
        30,
        204,
        246,
        117,
        93,
        255,
        91,
        109,
        138,
        54,
        221,
        239,
        228,
        156,
        60,
        210,
        214,
        41,
        189,
        206,
        183,
        65,
        19,
        179,
        145,
        198,
        53,
        39,
        17,
        177,
        206,
        230,
        252,
        171,
        227,
        196,
        96,
        118,
        219,
        205,
        196,
        220,
        15,
        42,
        174,
        20,
        97,
        227,
        135,
        124,
        142,
        163,
        144,
        222,
        38,
        31,
        92,
        99,
        211,
        150,
        249,
        234,
        184,
        166,
        115,
        98,
        213,
        55,
        21,
        153,
        40,
        217,
        56,
        240,
        184,
        83,
        178,
        215,
        35,
        42,
        105,
        97,
        226,
        220,
        69,
        80,
        82,
        145,
        37,
        54,
        219,
        252,
        105,
        2,
        180,
        22,
        213,
        150,
        36,
        41,
        122,
        222,
        200,
        252,
        41,
        202,
        5,
        12,
        91,
        56,
        125,
        249,
        132,
        68,
        19,
        76,
        183,
        241,
        171,
        234,
        50,
        218,
        136,
        114,
        60,
        182,
        90,
        153,
        74,
        216,
        90,
        112,
        88,
        233,
        87,
        204,
        25,
        239,
        148,
        94,
        12,
        200,
        129,
        214,
        154,
        149,
        67,
        82,
        226,
        226,
        231,
        152,
        80,
        106,
        162,
        111,
        149,
        10,
        140,
        197,
        85,
        62,
        175,
        46,
        73,
        242,
        183,
        152,
        229,
        238,
        242,
        36,
        79,
        57,
        165,
        23,
        219,
        87,
        160,
        239,
        139,
        125,
        137,
        81,
        100,
        69,
        113,
        171,
        58,
        151,
        72,
        100,
        73,
        57,
        34,
        39,
        203,
        183,
        35,
        77,
        108,
        56,
        212,
        62,
        20,
        243,
        72,
        220,
        14,
        210,
        35,
        234,
        116,
        94,
        214,
        192,
        86,
        253,
        7,
        219,
        32,
        28,
        147,
        246,
        139,
        166,
        38,
        155,
        235,
        3,
        209,
        231,
        239,
        19,
        18,
        35,
        57,
        217,
        231,
        36,
        187,
        97,
        142,
        26,
        103,
        178,
        6,
        228,
        134,
        112,
        159,
        98,
        89,
        74,
        99,
        6,
        17,
        182,
        176,
        58,
        6,
        125,
        93,
        228,
        245,
        135,
        88,
        156,
        148,
        91,
        150,
        76,
        175,
        119,
        74,
        239,
        17,
        148,
        229,
        90,
        169,
        246,
        22,
        216,
        202,
        107,
        154,
        164,
        58,
        43,
        90,
        27,
        76,
        186,
        83,
        68,
        115,
        244,
        45,
        17,
        38,
        220,
        175,
        8,
        2,
        50,
        72,
        23,
        152,
        8,
        218,
        149,
        2,
        86,
        156,
        22,
        58,
        1,
        54,
        73,
        38,
        144,
        24,
        77,
        127,
        48,
        221,
        121,
        150,
        71,
        182,
        60,
        144,
        69,
        28,
        223,
        253,
        138,
        73,
        109,
        196,
        4,
        57,
        73,
        62,
        159,
        113,
        74,
        246,
        117,
        248,
        133,
        76,
        43,
        24,
        181,
        175,
        226,
        23,
        78,
        182,
        196,
        144,
        69,
        7,
        37,
        187,
        230,
        100,
        231,
        169,
        148,
        2,
        253,
        246,
        74,
        201,
        54,
        194,
        225,
        142,
        218,
        231,
        145,
        18,
        49,
        69,
        80,
        26,
        150,
        165,
        210,
        118,
        73,
        60,
        190,
        139,
        144,
        141,
        204,
        7,
        84,
        140,
        120,
        58,
        201,
        212,
        38,
        129,
        100,
        178,
        110,
        41,
        201,
        73,
        57,
        124,
        137,
        199,
        144,
        73,
        157,
        152,
        34,
        40,
        17,
        245,
        88,
        142,
        193,
        88,
        154,
        198,
        151,
        140,
        35,
        217,
        144,
        249,
        172,
        83,
        178,
        228,
        84,
        228,
        227,
        11,
        162,
        35,
        166,
        8,
        214,
        193,
        207,
        173,
        204,
        158,
        59,
        58,
        137,
        87,
        38,
        19,
        201,
        1,
        154,
        179,
        16,
        201,
        119,
        179,
        225,
        184,
        165,
        177,
        116,
        16,
        35,
        57,
        247,
        80,
        210,
        156,
        214,
        140,
        225,
        4,
        217,
        52,
        179,
        58,
        76,
        4,
        171,
        168,
        250,
        202,
        223,
        78,
        201,
        214,
        188,
        221,
        12,
        6,
        182,
        176,
        44,
        32,
        107,
        107,
        129,
        118,
        34,
        164,
        141,
        88,
        121,
        149,
        127,
        5,
        24,
        0,
        138,
        175,
        244,
        62,
        159,
        92,
        25,
        251,
        0,
        0,
        0,
        0,
        73,
        69,
        78,
        68,
        174,
        66,
        96,
        130
      ]
    },
    "stat": {
      "dev": 16777220,
      "mode": 33188,
      "nlink": 1,
      "uid": 501,
      "gid": 20,
      "rdev": 0,
      "blksize": 4194304,
      "ino": 2088649,
      "size": 2785,
      "blocks": 8,
      "atime": "2018-04-17T07:59:11.790Z",
      "mtime": "2018-03-22T08:50:41.001Z",
      "ctime": "2018-03-22T08:50:41.001Z",
      "birthtime": "2018-03-22T08:50:41.001Z"
    },
    "history": [
      "/Users/jiangheng/Desktop/work-code/xxd-h5/src/mods/home/imgs/my_xxd_icon@3x.png"
    ],
    "path": "/Users/jiangheng/Desktop/work-code/xxd-h5/src/mods/home/imgs/my_xxd_icon@3x.png",
    "gulpCache$filePathChangedInsideTask": false,
    "gulpCache$fileBaseChangedInsideTask": false,
    "gulpCache$originalPath": "/Users/jiangheng/Desktop/work-code/xxd-h5/src/mods/home/imgs/my_xxd_icon@3x.png",
    "gulpCache$originalBase": "/Users/jiangheng/Desktop/work-code/xxd-h5/src/mods/"
  }
]