[
  {
    "cwd": "/Users/jiangheng/Desktop/work-code/xxd-h5",
    "base": "/Users/jiangheng/Desktop/work-code/xxd-h5/src/mods/",
    "contents": {
      "type": "Buffer",
      "data": [
        60,
        33,
        68,
        79,
        67,
        84,
        89,
        80,
        69,
        32,
        104,
        116,
        109,
        108,
        62,
        10,
        60,
        104,
        116,
        109,
        108,
        32,
        108,
        97,
        110,
        103,
        61,
        34,
        101,
        110,
        34,
        62,
        10,
        60,
        104,
        101,
        97,
        100,
        62,
        10,
        32,
        32,
        32,
        32,
        60,
        109,
        101,
        116,
        97,
        32,
        99,
        104,
        97,
        114,
        115,
        101,
        116,
        61,
        34,
        85,
        84,
        70,
        45,
        56,
        34,
        62,
        10,
        32,
        32,
        32,
        32,
        60,
        109,
        101,
        116,
        97,
        32,
        110,
        97,
        109,
        101,
        61,
        34,
        107,
        101,
        121,
        119,
        111,
        114,
        100,
        115,
        34,
        32,
        99,
        111,
        110,
        116,
        101,
        110,
        116,
        61,
        34,
        230,
        156,
        136,
        232,
        191,
        155,
        230,
        150,
        151,
        233,
        135,
        145,
        44,
        230,
        156,
        136,
        231,
        144,
        134,
        232,
        180,
        162,
        228,
        186,
        167,
        229,
        147,
        129,
        44,
        231,
        159,
        173,
        230,
        156,
        159,
        231,
        144,
        134,
        232,
        180,
        162,
        44,
        230,
        156,
        136,
        231,
        144,
        134,
        232,
        180,
        162,
        228,
        186,
        167,
        229,
        147,
        129,
        230,
        148,
        182,
        231,
        155,
        138,
        34,
        62,
        10,
        32,
        32,
        32,
        32,
        60,
        109,
        101,
        116,
        97,
        32,
        110,
        97,
        109,
        101,
        61,
        34,
        100,
        101,
        115,
        99,
        114,
        105,
        112,
        116,
        105,
        111,
        110,
        34,
        32,
        99,
        111,
        110,
        116,
        101,
        110,
        116,
        61,
        34,
        230,
        156,
        136,
        232,
        191,
        155,
        230,
        150,
        151,
        233,
        135,
        145,
        230,
        152,
        175,
        230,
        150,
        176,
        230,
        150,
        176,
        232,
        180,
        183,
        230,
        142,
        168,
        229,
        135,
        186,
        231,
        154,
        132,
        51,
        49,
        229,
        164,
        169,
        230,
        156,
        159,
        231,
        144,
        134,
        232,
        180,
        162,
        232,
        174,
        161,
        229,
        136,
        146,
        239,
        188,
        140,
        229,
        142,
        134,
        229,
        143,
        178,
        229,
        185,
        180,
        229,
        140,
        150,
        230,
        148,
        182,
        231,
        155,
        138,
        49,
        53,
        37,
        239,
        188,
        140,
        229,
        189,
        147,
        230,
        151,
        165,
        232,
        181,
        183,
        230,
        129,
        175,
        239,
        188,
        140,
        229,
        136,
        176,
        230,
        156,
        159,
        229,
        143,
        175,
        230,
        143,
        144,
        231,
        142,
        176,
        227,
        128,
        130,
        230,
        156,
        136,
        231,
        144,
        134,
        232,
        180,
        162,
        228,
        186,
        167,
        229,
        147,
        129,
        229,
        143,
        175,
        228,
        187,
        165,
        229,
        156,
        168,
        230,
        175,
        143,
        229,
        164,
        169,
        49,
        48,
        231,
        130,
        185,
        227,
        128,
        129,
        50,
        48,
        231,
        130,
        185,
        232,
        191,
        155,
        232,
        161,
        140,
        229,
        138,
        160,
        229,
        133,
        165,
        239,
        188,
        140,
        230,
        136,
        144,
        229,
        138,
        159,
        230,
        138,
        149,
        232,
        181,
        132,
        230,
        156,
        172,
        228,
        186,
        167,
        229,
        147,
        129,
        228,
        185,
        139,
        230,
        151,
        165,
        232,
        181,
        183,
        51,
        49,
        229,
        164,
        169,
        239,
        188,
        136,
        229,
        144,
        171,
        229,
        138,
        160,
        229,
        133,
        165,
        229,
        189,
        147,
        230,
        151,
        165,
        229,
        143,
        138,
        232,
        138,
        130,
        229,
        129,
        135,
        230,
        151,
        165,
        239,
        188,
        137,
        229,
        144,
        142,
        239,
        188,
        140,
        231,
        179,
        187,
        231,
        187,
        159,
        232,
        135,
        170,
        229,
        138,
        168,
        229,
        176,
        134,
        230,
        156,
        172,
        233,
        135,
        145,
        229,
        138,
        160,
        229,
        136,
        169,
        230,
        129,
        175,
        232,
        191,
        148,
        229,
        155,
        158,
        229,
        136,
        176,
        230,
        130,
        168,
        231,
        154,
        132,
        230,
        150,
        176,
        230,
        150,
        176,
        232,
        180,
        183,
        232,
        180,
        166,
        230,
        136,
        183,
        239,
        188,
        140,
        232,
        175,
        166,
        230,
        131,
        133,
        232,
        175,
        183,
        231,
        153,
        187,
        229,
        189,
        149,
        230,
        150,
        176,
        230,
        150,
        176,
        232,
        180,
        183,
        229,
        174,
        152,
        231,
        189,
        145,
        227,
        128,
        130,
        34,
        62,
        10,
        32,
        32,
        32,
        32,
        60,
        109,
        101,
        116,
        97,
        32,
        99,
        111,
        110,
        116,
        101,
        110,
        116,
        61,
        34,
        119,
        105,
        100,
        116,
        104,
        61,
        100,
        101,
        118,
        105,
        99,
        101,
        45,
        119,
        105,
        100,
        116,
        104,
        44,
        32,
        105,
        110,
        105,
        116,
        105,
        97,
        108,
        45,
        115,
        99,
        97,
        108,
        101,
        61,
        49,
        46,
        48,
        44,
        32,
        109,
        97,
        120,
        105,
        109,
        117,
        109,
        45,
        115,
        99,
        97,
        108,
        101,
        61,
        49,
        46,
        48,
        44,
        32,
        117,
        115,
        101,
        114,
        45,
        115,
        99,
        97,
        108,
        97,
        98,
        108,
        101,
        61,
        48,
        34,
        32,
        110,
        97,
        109,
        101,
        61,
        34,
        118,
        105,
        101,
        119,
        112,
        111,
        114,
        116,
        34,
        47,
        62,
        10,
        32,
        32,
        32,
        32,
        60,
        116,
        105,
        116,
        108,
        101,
        62,
        230,
        156,
        136,
        232,
        191,
        155,
        230,
        150,
        151,
        233,
        135,
        145,
        95,
        230,
        156,
        136,
        231,
        144,
        134,
        232,
        180,
        162,
        228,
        186,
        167,
        229,
        147,
        129,
        95,
        231,
        159,
        173,
        230,
        156,
        159,
        231,
        144,
        134,
        232,
        180,
        162,
        45,
        230,
        150,
        176,
        230,
        150,
        176,
        232,
        180,
        183,
        60,
        47,
        116,
        105,
        116,
        108,
        101,
        62,
        10,
        32,
        32,
        32,
        32,
        60,
        108,
        105,
        110,
        107,
        32,
        114,
        101,
        108,
        61,
        34,
        115,
        116,
        121,
        108,
        101,
        115,
        104,
        101,
        101,
        116,
        34,
        32,
        104,
        114,
        101,
        102,
        61,
        34,
        46,
        46,
        47,
        99,
        115,
        115,
        47,
        98,
        97,
        115,
        101,
        46,
        99,
        115,
        115,
        34,
        62,
        10,
        32,
        32,
        32,
        32,
        60,
        108,
        105,
        110,
        107,
        32,
        114,
        101,
        108,
        61,
        34,
        115,
        116,
        121,
        108,
        101,
        115,
        104,
        101,
        101,
        116,
        34,
        32,
        104,
        114,
        101,
        102,
        61,
        34,
        105,
        110,
        100,
        101,
        120,
        46,
        99,
        115,
        115,
        34,
        62,
        10,
        32,
        32,
        32,
        32,
        60,
        115,
        99,
        114,
        105,
        112,
        116,
        32,
        115,
        114,
        99,
        61,
        34,
        46,
        46,
        47,
        98,
        97,
        115,
        101,
        46,
        106,
        115,
        34,
        62,
        60,
        47,
        115,
        99,
        114,
        105,
        112,
        116,
        62,
        10,
        60,
        47,
        104,
        101,
        97,
        100,
        62,
        10,
        60,
        98,
        111,
        100,
        121,
        62,
        10,
        60,
        100,
        105,
        118,
        32,
        99,
        108,
        97,
        115,
        115,
        61,
        34,
        112,
        114,
        111,
        100,
        117,
        99,
        116,
        45,
        98,
        111,
        120,
        32,
        112,
        111,
        115,
        105,
        116,
        105,
        111,
        110,
        45,
        97,
        34,
        62,
        10,
        32,
        32,
        32,
        32,
        60,
        100,
        105,
        118,
        32,
        99,
        108,
        97,
        115,
        115,
        61,
        34,
        104,
        111,
        109,
        101,
        45,
        104,
        101,
        97,
        100,
        101,
        114,
        32,
        100,
        111,
        119,
        110,
        108,
        111,
        97,
        100,
        45,
        97,
        112,
        112,
        45,
        104,
        101,
        97,
        100,
        101,
        114,
        32,
        34,
        62,
        10,
        32,
        32,
        32,
        32,
        32,
        32,
        32,
        32,
        60,
        100,
        105,
        118,
        32,
        99,
        108,
        97,
        115,
        115,
        61,
        34,
        108,
        111,
        103,
        111,
        45,
        119,
        114,
        97,
        112,
        112,
        101,
        114,
        34,
        62,
        10,
        32,
        32,
        32,
        32,
        32,
        32,
        32,
        32,
        32,
        32,
        32,
        32,
        60,
        100,
        105,
        118,
        32,
        99,
        108,
        97,
        115,
        115,
        61,
        34,
        108,
        111,
        103,
        111,
        34,
        62,
        60,
        47,
        100,
        105,
        118,
        62,
        10,
        32,
        32,
        32,
        32,
        32,
        32,
        32,
        32,
        32,
        32,
        32,
        32,
        60,
        100,
        105,
        118,
        32,
        99,
        108,
        97,
        115,
        115,
        61,
        34,
        104,
        101,
        97,
        100,
        101,
        114,
        45,
        116,
        105,
        116,
        34,
        62,
        10,
        32,
        32,
        32,
        32,
        32,
        32,
        32,
        32,
        32,
        32,
        32,
        32,
        32,
        32,
        32,
        32,
        60,
        112,
        32,
        99,
        108,
        97,
        115,
        115,
        61,
        34,
        97,
        112,
        112,
        45,
        110,
        97,
        109,
        101,
        34,
        62,
        230,
        150,
        176,
        230,
        150,
        176,
        232,
        180,
        183,
        231,
        144,
        134,
        232,
        180,
        162,
        60,
        47,
        112,
        62,
        10,
        32,
        32,
        32,
        32,
        32,
        32,
        32,
        32,
        32,
        32,
        32,
        32,
        32,
        32,
        32,
        32,
        60,
        112,
        32,
        99,
        108,
        97,
        115,
        115,
        61,
        34,
        97,
        112,
        112,
        45,
        115,
        108,
        111,
        103,
        97,
        110,
        34,
        62,
        228,
        187,
        165,
        228,
        191,
        161,
        231,
        155,
        184,
        232,
        180,
        183,
        239,
        188,
        140,
        231,
        148,
        168,
        230,
        150,
        176,
        230,
        156,
        141,
        229,
        138,
        161,
        60,
        47,
        112,
        62,
        10,
        32,
        32,
        32,
        32,
        32,
        32,
        32,
        32,
        32,
        32,
        32,
        32,
        60,
        47,
        100,
        105,
        118,
        62,
        10,
        32,
        32,
        32,
        32,
        32,
        32,
        32,
        32,
        60,
        47,
        100,
        105,
        118,
        62,
        10,
        32,
        32,
        32,
        32,
        32,
        32,
        32,
        32,
        60,
        100,
        105,
        118,
        32,
        99,
        108,
        97,
        115,
        115,
        61,
        34,
        104,
        101,
        97,
        100,
        101,
        114,
        45,
        114,
        105,
        103,
        104,
        116,
        34,
        62,
        10,
        32,
        32,
        32,
        32,
        32,
        32,
        32,
        32,
        32,
        32,
        32,
        32,
        60,
        98,
        117,
        116,
        116,
        111,
        110,
        32,
        99,
        108,
        97,
        115,
        115,
        61,
        34,
        111,
        112,
        101,
        110,
        45,
        97,
        112,
        112,
        45,
        98,
        116,
        110,
        34,
        62,
        230,
        137,
        147,
        229,
        188,
        128,
        65,
        112,
        112,
        60,
        47,
        98,
        117,
        116,
        116,
        111,
        110,
        62,
        10,
        32,
        32,
        32,
        32,
        32,
        32,
        32,
        32,
        60,
        47,
        100,
        105,
        118,
        62,
        10,
        32,
        32,
        32,
        32,
        60,
        47,
        100,
        105,
        118,
        62,
        10,
        32,
        32,
        32,
        32,
        60,
        100,
        105,
        118,
        32,
        99,
        108,
        97,
        115,
        115,
        61,
        34,
        112,
        114,
        111,
        100,
        117,
        99,
        116,
        226,
        128,
        148,
        100,
        101,
        116,
        97,
        105,
        108,
        45,
        99,
        111,
        110,
        116,
        97,
        105,
        110,
        101,
        114,
        32,
        112,
        111,
        115,
        105,
        116,
        105,
        111,
        110,
        45,
        97,
        34,
        62,
        10,
        32,
        32,
        32,
        32,
        32,
        32,
        32,
        32,
        60,
        100,
        105,
        118,
        32,
        99,
        108,
        97,
        115,
        115,
        61,
        34,
        100,
        101,
        116,
        97,
        105,
        108,
        45,
        119,
        114,
        97,
        112,
        112,
        101,
        114,
        34,
        62,
        10,
        32,
        32,
        32,
        32,
        32,
        32,
        32,
        32,
        32,
        32,
        32,
        32,
        60,
        104,
        49,
        32,
        99,
        108,
        97,
        115,
        115,
        61,
        34,
        112,
        114,
        111,
        100,
        117,
        99,
        116,
        45,
        110,
        97,
        109,
        101,
        34,
        62,
        230,
        156,
        136,
        232,
        191,
        155,
        230,
        150,
        151,
        233,
        135,
        145,
        60,
        47,
        104,
        49,
        62,
        10,
        32,
        32,
        32,
        32,
        32,
        32,
        32,
        32,
        32,
        32,
        32,
        32,
        60,
        100,
        105,
        118,
        32,
        99,
        108,
        97,
        115,
        115,
        61,
        34,
        114,
        97,
        116,
        101,
        45,
        119,
        114,
        97,
        112,
        112,
        101,
        114,
        45,
        49,
        34,
        62,
        60,
        47,
        100,
        105,
        118,
        62,
        10,
        32,
        32,
        32,
        32,
        32,
        32,
        32,
        32,
        32,
        32,
        32,
        32,
        60,
        100,
        105,
        118,
        32,
        99,
        108,
        97,
        115,
        115,
        61,
        34,
        114,
        97,
        116,
        101,
        45,
        119,
        114,
        97,
        112,
        112,
        101,
        114,
        45,
        50,
        34,
        62,
        60,
        47,
        100,
        105,
        118,
        62,
        10,
        32,
        32,
        32,
        32,
        32,
        32,
        32,
        32,
        32,
        32,
        32,
        32,
        60,
        100,
        105,
        118,
        32,
        99,
        108,
        97,
        115,
        115,
        61,
        34,
        114,
        97,
        116,
        101,
        45,
        119,
        114,
        97,
        112,
        112,
        101,
        114,
        34,
        62,
        10,
        32,
        32,
        32,
        32,
        32,
        32,
        32,
        32,
        32,
        32,
        32,
        32,
        32,
        32,
        32,
        32,
        60,
        100,
        105,
        118,
        32,
        99,
        108,
        97,
        115,
        115,
        61,
        34,
        119,
        114,
        97,
        112,
        112,
        101,
        114,
        34,
        62,
        10,
        32,
        32,
        32,
        32,
        32,
        32,
        32,
        32,
        32,
        32,
        32,
        32,
        32,
        32,
        32,
        32,
        32,
        32,
        32,
        32,
        60,
        112,
        32,
        99,
        108,
        97,
        115,
        115,
        61,
        34,
        114,
        97,
        116,
        101,
        34,
        62,
        49,
        48,
        46,
        48,
        37,
        60,
        115,
        112,
        97,
        110,
        62,
        43,
        51,
        46,
        48,
        37,
        60,
        47,
        115,
        112,
        97,
        110,
        62,
        60,
        47,
        112,
        62,
        10,
        32,
        32,
        32,
        32,
        32,
        32,
        32,
        32,
        32,
        32,
        32,
        32,
        32,
        32,
        32,
        32,
        32,
        32,
        32,
        32,
        60,
        112,
        32,
        99,
        108,
        97,
        115,
        115,
        61,
        34,
        116,
        120,
        116,
        34,
        62,
        229,
        142,
        134,
        229,
        143,
        178,
        229,
        185,
        180,
        229,
        140,
        150,
        230,
        148,
        182,
        231,
        155,
        138,
        60,
        47,
        112,
        62,
        10,
        32,
        32,
        32,
        32,
        32,
        32,
        32,
        32,
        32,
        32,
        32,
        32,
        32,
        32,
        32,
        32,
        60,
        47,
        100,
        105,
        118,
        62,
        10,
        32,
        32,
        32,
        32,
        32,
        32,
        32,
        32,
        32,
        32,
        32,
        32,
        32,
        32,
        32,
        32,
        60,
        112,
        32,
        99,
        108,
        97,
        115,
        115,
        61,
        34,
        114,
        101,
        113,
        117,
        105,
        114,
        101,
        45,
        116,
        105,
        112,
        115,
        34,
        62,
        10,
        32,
        32,
        32,
        32,
        32,
        32,
        32,
        32,
        32,
        32,
        32,
        32,
        32,
        32,
        32,
        32,
        32,
        32,
        32,
        32,
        60,
        115,
        112,
        97,
        110,
        62,
        65,
        80,
        80,
        228,
        184,
        147,
        228,
        186,
        171,
        60,
        47,
        115,
        112,
        97,
        110,
        62,
        10,
        32,
        32,
        32,
        32,
        32,
        32,
        32,
        32,
        32,
        32,
        32,
        32,
        32,
        32,
        32,
        32,
        32,
        32,
        32,
        32,
        60,
        115,
        112,
        97,
        110,
        62,
        233,
        153,
        144,
        230,
        151,
        182,
        231,
        167,
        146,
        230,
        157,
        128,
        60,
        47,
        115,
        112,
        97,
        110,
        62,
        10,
        32,
        32,
        32,
        32,
        32,
        32,
        32,
        32,
        32,
        32,
        32,
        32,
        32,
        32,
        32,
        32,
        60,
        47,
        112,
        62,
        10,
        32,
        32,
        32,
        32,
        32,
        32,
        32,
        32,
        32,
        32,
        32,
        32,
        60,
        47,
        100,
        105,
        118,
        62,
        10,
        32,
        32,
        32,
        32,
        32,
        32,
        32,
        32,
        60,
        47,
        100,
        105,
        118,
        62,
        10,
        32,
        32,
        32,
        32,
        32,
        32,
        32,
        32,
        60,
        117,
        108,
        32,
        99,
        108,
        97,
        115,
        115,
        61,
        34,
        120,
        120,
        100,
        45,
        99,
        111,
        109,
        109,
        111,
        110,
        45,
        108,
        105,
        115,
        116,
        32,
        108,
        105,
        115,
        116,
        45,
        119,
        114,
        97,
        112,
        112,
        101,
        114,
        34,
        62,
        10,
        32,
        32,
        32,
        32,
        32,
        32,
        32,
        32,
        32,
        32,
        32,
        32,
        60,
        108,
        105,
        32,
        99,
        108,
        97,
        115,
        115,
        61,
        34,
        108,
        105,
        115,
        116,
        45,
        105,
        116,
        101,
        109,
        34,
        62,
        10,
        32,
        32,
        32,
        32,
        32,
        32,
        32,
        32,
        32,
        32,
        32,
        32,
        32,
        32,
        32,
        32,
        60,
        115,
        112,
        97,
        110,
        32,
        99,
        108,
        97,
        115,
        115,
        61,
        34,
        105,
        116,
        101,
        109,
        45,
        116,
        120,
        116,
        34,
        62,
        232,
        181,
        183,
        230,
        138,
        149,
        233,
        135,
        145,
        233,
        162,
        157,
        60,
        47,
        115,
        112,
        97,
        110,
        62,
        10,
        32,
        32,
        32,
        32,
        32,
        32,
        32,
        32,
        32,
        32,
        32,
        32,
        32,
        32,
        32,
        32,
        60,
        115,
        112,
        97,
        110,
        32,
        99,
        108,
        97,
        115,
        115,
        61,
        34,
        105,
        116,
        101,
        109,
        45,
        114,
        105,
        103,
        104,
        116,
        45,
        116,
        120,
        116,
        34,
        62,
        49,
        48,
        48,
        229,
        133,
        131,
        60,
        47,
        115,
        112,
        97,
        110,
        62,
        10,
        32,
        32,
        32,
        32,
        32,
        32,
        32,
        32,
        32,
        32,
        32,
        32,
        60,
        47,
        108,
        105,
        62,
        10,
        32,
        32,
        32,
        32,
        32,
        32,
        32,
        32,
        32,
        32,
        32,
        32,
        60,
        108,
        105,
        32,
        99,
        108,
        97,
        115,
        115,
        61,
        34,
        108,
        105,
        115,
        116,
        45,
        105,
        116,
        101,
        109,
        34,
        62,
        10,
        32,
        32,
        32,
        32,
        32,
        32,
        32,
        32,
        32,
        32,
        32,
        32,
        32,
        32,
        32,
        32,
        60,
        115,
        112,
        97,
        110,
        32,
        99,
        108,
        97,
        115,
        115,
        61,
        34,
        105,
        116,
        101,
        109,
        45,
        116,
        120,
        116,
        34,
        62,
        230,
        138,
        149,
        232,
        181,
        132,
        228,
        184,
        138,
        233,
        153,
        144,
        60,
        47,
        115,
        112,
        97,
        110,
        62,
        10,
        32,
        32,
        32,
        32,
        32,
        32,
        32,
        32,
        32,
        32,
        32,
        32,
        32,
        32,
        32,
        32,
        60,
        115,
        112,
        97,
        110,
        32,
        99,
        108,
        97,
        115,
        115,
        61,
        34,
        105,
        116,
        101,
        109,
        45,
        114,
        105,
        103,
        104,
        116,
        45,
        116,
        120,
        116,
        34,
        62,
        51,
        44,
        48,
        48,
        48,
        44,
        48,
        48,
        229,
        133,
        131,
        60,
        47,
        115,
        112,
        97,
        110,
        62,
        10,
        32,
        32,
        32,
        32,
        32,
        32,
        32,
        32,
        32,
        32,
        32,
        32,
        60,
        47,
        108,
        105,
        62,
        10,
        32,
        32,
        32,
        32,
        32,
        32,
        32,
        32,
        32,
        32,
        32,
        32,
        60,
        108,
        105,
        32,
        99,
        108,
        97,
        115,
        115,
        61,
        34,
        108,
        105,
        115,
        116,
        45,
        105,
        116,
        101,
        109,
        34,
        62,
        10,
        32,
        32,
        32,
        32,
        32,
        32,
        32,
        32,
        32,
        32,
        32,
        32,
        32,
        32,
        32,
        32,
        60,
        115,
        112,
        97,
        110,
        32,
        99,
        108,
        97,
        115,
        115,
        61,
        34,
        105,
        116,
        101,
        109,
        45,
        116,
        120,
        116,
        34,
        62,
        232,
        181,
        183,
        230,
        129,
        175,
        230,
        151,
        182,
        233,
        151,
        180,
        60,
        47,
        115,
        112,
        97,
        110,
        62,
        10,
        32,
        32,
        32,
        32,
        32,
        32,
        32,
        32,
        32,
        32,
        32,
        32,
        32,
        32,
        32,
        32,
        60,
        115,
        112,
        97,
        110,
        32,
        99,
        108,
        97,
        115,
        115,
        61,
        34,
        105,
        116,
        101,
        109,
        45,
        114,
        105,
        103,
        104,
        116,
        45,
        116,
        120,
        116,
        34,
        62,
        230,
        138,
        149,
        232,
        181,
        132,
        229,
        189,
        147,
        230,
        151,
        165,
        229,
        188,
        128,
        229,
        167,
        139,
        232,
        174,
        161,
        230,
        129,
        175,
        60,
        47,
        115,
        112,
        97,
        110,
        62,
        10,
        32,
        32,
        32,
        32,
        32,
        32,
        32,
        32,
        32,
        32,
        32,
        32,
        60,
        47,
        108,
        105,
        62,
        10,
        32,
        32,
        32,
        32,
        32,
        32,
        32,
        32,
        32,
        32,
        32,
        32,
        60,
        108,
        105,
        32,
        99,
        108,
        97,
        115,
        115,
        61,
        34,
        108,
        105,
        115,
        116,
        45,
        105,
        116,
        101,
        109,
        34,
        62,
        10,
        32,
        32,
        32,
        32,
        32,
        32,
        32,
        32,
        32,
        32,
        32,
        32,
        32,
        32,
        32,
        32,
        60,
        115,
        112,
        97,
        110,
        32,
        99,
        108,
        97,
        115,
        115,
        61,
        34,
        105,
        116,
        101,
        109,
        45,
        116,
        120,
        116,
        34,
        62,
        233,
        148,
        129,
        229,
        174,
        154,
        230,
        156,
        159,
        233,
        153,
        144,
        60,
        47,
        115,
        112,
        97,
        110,
        62,
        10,
        32,
        32,
        32,
        32,
        32,
        32,
        32,
        32,
        32,
        32,
        32,
        32,
        32,
        32,
        32,
        32,
        60,
        115,
        112,
        97,
        110,
        32,
        99,
        108,
        97,
        115,
        115,
        61,
        34,
        105,
        116,
        101,
        109,
        45,
        114,
        105,
        103,
        104,
        116,
        45,
        116,
        120,
        116,
        34,
        62,
        51,
        49,
        229,
        164,
        169,
        60,
        47,
        115,
        112,
        97,
        110,
        62,
        10,
        32,
        32,
        32,
        32,
        32,
        32,
        32,
        32,
        32,
        32,
        32,
        32,
        60,
        47,
        108,
        105,
        62,
        10,
        32,
        32,
        32,
        32,
        32,
        32,
        32,
        32,
        60,
        47,
        117,
        108,
        62,
        10,
        10,
        32,
        32,
        32,
        32,
        32,
        32,
        32,
        32,
        60,
        117,
        108,
        32,
        99,
        108,
        97,
        115,
        115,
        61,
        34,
        105,
        110,
        116,
        114,
        111,
        45,
        108,
        105,
        115,
        116,
        34,
        62,
        10,
        32,
        32,
        32,
        32,
        32,
        32,
        32,
        32,
        32,
        32,
        32,
        32,
        60,
        108,
        105,
        62,
        10,
        32,
        32,
        32,
        32,
        32,
        32,
        32,
        32,
        32,
        32,
        32,
        32,
        32,
        32,
        32,
        32,
        60,
        112,
        32,
        99,
        108,
        97,
        115,
        115,
        61,
        34,
        99,
        111,
        110,
        116,
        101,
        110,
        116,
        45,
        116,
        105,
        116,
        34,
        62,
        60,
        115,
        112,
        97,
        110,
        62,
        228,
        186,
        167,
        229,
        147,
        129,
        230,
        143,
        143,
        232,
        191,
        176,
        229,
        143,
        138,
        229,
        138,
        160,
        229,
        133,
        165,
        232,
        175,
        180,
        230,
        152,
        142,
        60,
        47,
        115,
        112,
        97,
        110,
        62,
        60,
        115,
        112,
        97,
        110,
        32,
        99,
        108,
        97,
        115,
        115,
        61,
        34,
        97,
        114,
        114,
        111,
        119,
        45,
        114,
        105,
        103,
        104,
        116,
        32,
        34,
        62,
        229,
        177,
        149,
        229,
        188,
        128,
        60,
        47,
        115,
        112,
        97,
        110,
        62,
        60,
        47,
        112,
        62,
        10,
        32,
        32,
        32,
        32,
        32,
        32,
        32,
        32,
        32,
        32,
        32,
        32,
        32,
        32,
        32,
        32,
        60,
        33,
        45,
        45,
        233,
        187,
        152,
        232,
        174,
        164,
        230,
        148,
        182,
        232,
        181,
        183,
        32,
        229,
        177,
        149,
        229,
        188,
        128,
        231,
        138,
        182,
        230,
        128,
        129,
        239,
        188,
        154,
        97,
        114,
        114,
        111,
        119,
        45,
        114,
        105,
        103,
        104,
        116,
        230,
        183,
        187,
        229,
        138,
        160,
        231,
        177,
        187,
        229,
        144,
        141,
        115,
        104,
        111,
        119,
        59,
        99,
        111,
        110,
        116,
        101,
        110,
        116,
        230,
        183,
        187,
        229,
        138,
        160,
        231,
        177,
        187,
        229,
        144,
        141,
        115,
        104,
        111,
        119,
        45,
        45,
        62,
        10,
        32,
        32,
        32,
        32,
        32,
        32,
        32,
        32,
        32,
        32,
        32,
        32,
        32,
        32,
        32,
        32,
        60,
        100,
        105,
        118,
        32,
        99,
        108,
        97,
        115,
        115,
        61,
        34,
        99,
        111,
        110,
        116,
        101,
        110,
        116,
        34,
        62,
        10,
        32,
        32,
        32,
        32,
        32,
        32,
        32,
        32,
        32,
        32,
        32,
        32,
        32,
        32,
        32,
        32,
        32,
        32,
        32,
        32,
        60,
        112,
        62,
        230,
        156,
        136,
        232,
        191,
        155,
        230,
        150,
        151,
        233,
        135,
        145,
        230,
        152,
        175,
        230,
        150,
        176,
        230,
        150,
        176,
        232,
        180,
        183,
        230,
        142,
        168,
        229,
        135,
        186,
        231,
        154,
        132,
        60,
        115,
        112,
        97,
        110,
        32,
        99,
        108,
        97,
        115,
        115,
        61,
        34,
        110,
        111,
        116,
        105,
        99,
        101,
        34,
        62,
        51,
        49,
        229,
        164,
        169,
        60,
        47,
        115,
        112,
        97,
        110,
        62,
        230,
        156,
        159,
        231,
        144,
        134,
        232,
        180,
        162,
        232,
        174,
        161,
        229,
        136,
        146,
        239,
        188,
        140,
        230,
        175,
        143,
        230,
        151,
        165,
        60,
        115,
        112,
        97,
        110,
        32,
        99,
        108,
        97,
        115,
        115,
        61,
        34,
        110,
        111,
        116,
        105,
        99,
        101,
        34,
        62,
        49,
        48,
        58,
        48,
        48,
        227,
        128,
        129,
        50,
        48,
        58,
        48,
        48,
        60,
        47,
        115,
        112,
        97,
        110,
        62,
        233,
        153,
        144,
        230,
        151,
        182,
        233,
        148,
        128,
        229,
        148,
        174,
        239,
        188,
        140,
        229,
        148,
        174,
        229,
        174,
        140,
        229,
        141,
        179,
        230,
        173,
        162,
        227,
        128,
        130,
        60,
        47,
        112,
        62,
        10,
        10,
        32,
        32,
        32,
        32,
        32,
        32,
        32,
        32,
        32,
        32,
        32,
        32,
        32,
        32,
        32,
        32,
        32,
        32,
        32,
        32,
        60,
        112,
        62,
        232,
        175,
        165,
        228,
        186,
        167,
        229,
        147,
        129,
        49,
        48,
        48,
        229,
        133,
        131,
        232,
        181,
        183,
        230,
        138,
        149,
        239,
        188,
        140,
        60,
        115,
        112,
        97,
        110,
        32,
        99,
        108,
        97,
        115,
        115,
        61,
        34,
        110,
        111,
        116,
        105,
        99,
        101,
        34,
        62,
        49,
        48,
        48,
        229,
        133,
        131,
        60,
        47,
        115,
        112,
        97,
        110,
        62,
        228,
        184,
        186,
        228,
        184,
        128,
        228,
        184,
        170,
        230,
        138,
        149,
        232,
        181,
        132,
        229,
        141,
        149,
        228,
        189,
        141,
        239,
        188,
        140,
        230,
        175,
        143,
        228,
        189,
        141,
        231,
        148,
        168,
        230,
        136,
        183,
        230,
        138,
        149,
        232,
        181,
        132,
        233,
        162,
        157,
        229,
        186,
        166,
        228,
        184,
        186,
        60,
        115,
        112,
        97,
        110,
        32,
        99,
        108,
        97,
        115,
        115,
        61,
        34,
        110,
        111,
        116,
        105,
        99,
        101,
        34,
        62,
        51,
        44,
        48,
        48,
        48,
        46,
        48,
        48,
        229,
        133,
        131,
        60,
        47,
        115,
        112,
        97,
        110,
        62,
        239,
        188,
        140,
        32,
        230,
        138,
        149,
        232,
        181,
        132,
        233,
        135,
        145,
        233,
        162,
        157,
        229,
        136,
        176,
        230,
        156,
        159,
        233,
        128,
        128,
        229,
        135,
        186,
        229,
        144,
        142,
        233,
        135,
        138,
        230,
        148,
        190,
        230,
        138,
        149,
        232,
        181,
        132,
        233,
        162,
        157,
        229,
        186,
        166,
        239,
        188,
        140,
        229,
        143,
        175,
        228,
        187,
        165,
        231,
        187,
        167,
        231,
        187,
        173,
        230,
        138,
        149,
        232,
        181,
        132,
        32,
        227,
        128,
        130,
        232,
        175,
        165,
        228,
        186,
        167,
        229,
        147,
        129,
        228,
        184,
        128,
        230,
        151,
        166,
        230,
        138,
        149,
        232,
        181,
        132,
        230,
        136,
        144,
        229,
        138,
        159,
        239,
        188,
        140,
        228,
        184,
        141,
        230,
        148,
        175,
        230,
        140,
        129,
        230,
        143,
        144,
        229,
        137,
        141,
        232,
        181,
        142,
        229,
        155,
        158,
        227,
        128,
        130,
        232,
        175,
        165,
        228,
        186,
        167,
        229,
        147,
        129,
        229,
        128,
        186,
        230,
        157,
        131,
        229,
        175,
        185,
        230,
        142,
        165,
        229,
        185,
        179,
        229,
        143,
        176,
        231,
        154,
        132,
        228,
        188,
        152,
        232,
        180,
        168,
        231,
        159,
        173,
        230,
        156,
        159,
        229,
        128,
        159,
        230,
        172,
        190,
        230,
        160,
        135,
        231,
        154,
        132,
        227,
        128,
        130,
        60,
        47,
        112,
        62,
        10,
        32,
        32,
        32,
        32,
        32,
        32,
        32,
        32,
        32,
        32,
        32,
        32,
        32,
        32,
        32,
        32,
        60,
        47,
        100,
        105,
        118,
        62,
        10,
        32,
        32,
        32,
        32,
        32,
        32,
        32,
        32,
        32,
        32,
        32,
        32,
        60,
        47,
        108,
        105,
        62,
        10,
        32,
        32,
        32,
        32,
        32,
        32,
        32,
        32,
        32,
        32,
        32,
        32,
        60,
        108,
        105,
        62,
        10,
        32,
        32,
        32,
        32,
        32,
        32,
        32,
        32,
        32,
        32,
        32,
        32,
        32,
        32,
        32,
        32,
        60,
        112,
        32,
        99,
        108,
        97,
        115,
        115,
        61,
        34,
        99,
        111,
        110,
        116,
        101,
        110,
        116,
        45,
        116,
        105,
        116,
        34,
        62,
        60,
        115,
        112,
        97,
        110,
        62,
        230,
        148,
        182,
        231,
        155,
        138,
        229,
        166,
        130,
        228,
        189,
        149,
        232,
        174,
        161,
        231,
        174,
        151,
        60,
        47,
        115,
        112,
        97,
        110,
        62,
        60,
        115,
        112,
        97,
        110,
        32,
        99,
        108,
        97,
        115,
        115,
        61,
        34,
        97,
        114,
        114,
        111,
        119,
        45,
        114,
        105,
        103,
        104,
        116,
        34,
        62,
        229,
        177,
        149,
        229,
        188,
        128,
        60,
        47,
        115,
        112,
        97,
        110,
        62,
        60,
        47,
        112,
        62,
        10,
        32,
        32,
        32,
        32,
        32,
        32,
        32,
        32,
        32,
        32,
        32,
        32,
        32,
        32,
        32,
        32,
        60,
        100,
        105,
        118,
        32,
        99,
        108,
        97,
        115,
        115,
        61,
        34,
        99,
        111,
        110,
        116,
        101,
        110,
        116,
        34,
        62,
        230,
        156,
        172,
        228,
        186,
        167,
        229,
        147,
        129,
        230,
        138,
        149,
        232,
        181,
        132,
        230,
        136,
        144,
        229,
        138,
        159,
        229,
        144,
        142,
        229,
        189,
        147,
        230,
        151,
        165,
        229,
        188,
        128,
        229,
        167,
        139,
        232,
        174,
        161,
        230,
        129,
        175,
        239,
        188,
        140,
        230,
        148,
        182,
        231,
        155,
        138,
        61,
        60,
        115,
        112,
        97,
        110,
        32,
        99,
        108,
        97,
        115,
        115,
        61,
        34,
        110,
        111,
        116,
        105,
        99,
        101,
        34,
        62,
        230,
        138,
        149,
        232,
        181,
        132,
        233,
        135,
        145,
        233,
        162,
        157,
        195,
        151,
        49,
        53,
        37,
        195,
        183,
        51,
        54,
        48,
        195,
        151,
        51,
        49,
        60,
        47,
        115,
        112,
        97,
        110,
        62,
        60,
        47,
        100,
        105,
        118,
        62,
        10,
        32,
        32,
        32,
        32,
        32,
        32,
        32,
        32,
        32,
        32,
        32,
        32,
        60,
        47,
        108,
        105,
        62,
        10,
        32,
        32,
        32,
        32,
        32,
        32,
        32,
        32,
        32,
        32,
        32,
        32,
        60,
        108,
        105,
        62,
        10,
        32,
        32,
        32,
        32,
        32,
        32,
        32,
        32,
        32,
        32,
        32,
        32,
        32,
        32,
        32,
        32,
        60,
        112,
        32,
        99,
        108,
        97,
        115,
        115,
        61,
        34,
        99,
        111,
        110,
        116,
        101,
        110,
        116,
        45,
        116,
        105,
        116,
        34,
        62,
        60,
        115,
        112,
        97,
        110,
        62,
        229,
        166,
        130,
        228,
        189,
        149,
        229,
        155,
        158,
        230,
        172,
        190,
        60,
        47,
        115,
        112,
        97,
        110,
        62,
        60,
        115,
        112,
        97,
        110,
        32,
        99,
        108,
        97,
        115,
        115,
        61,
        34,
        97,
        114,
        114,
        111,
        119,
        45,
        114,
        105,
        103,
        104,
        116,
        34,
        62,
        229,
        177,
        149,
        229,
        188,
        128,
        60,
        47,
        115,
        112,
        97,
        110,
        62,
        60,
        47,
        112,
        62,
        10,
        32,
        32,
        32,
        32,
        32,
        32,
        32,
        32,
        32,
        32,
        32,
        32,
        32,
        32,
        32,
        32,
        60,
        100,
        105,
        118,
        32,
        99,
        108,
        97,
        115,
        115,
        61,
        34,
        99,
        111,
        110,
        116,
        101,
        110,
        116,
        34,
        62,
        230,
        136,
        144,
        229,
        138,
        159,
        230,
        138,
        149,
        232,
        181,
        132,
        230,
        156,
        172,
        228,
        186,
        167,
        229,
        147,
        129,
        228,
        185,
        139,
        230,
        151,
        165,
        232,
        181,
        183,
        51,
        49,
        229,
        164,
        169,
        239,
        188,
        136,
        229,
        144,
        171,
        229,
        138,
        160,
        229,
        133,
        165,
        229,
        189,
        147,
        230,
        151,
        165,
        229,
        143,
        138,
        232,
        138,
        130,
        229,
        129,
        135,
        230,
        151,
        165,
        239,
        188,
        137,
        229,
        144,
        142,
        239,
        188,
        140,
        231,
        179,
        187,
        231,
        187,
        159,
        232,
        135,
        170,
        229,
        138,
        168,
        229,
        176,
        134,
        230,
        156,
        172,
        233,
        135,
        145,
        229,
        138,
        160,
        229,
        136,
        169,
        230,
        129,
        175,
        232,
        191,
        148,
        229,
        155,
        158,
        229,
        136,
        176,
        230,
        130,
        168,
        231,
        154,
        132,
        230,
        150,
        176,
        230,
        150,
        176,
        232,
        180,
        183,
        232,
        180,
        166,
        230,
        136,
        183,
        227,
        128,
        130,
        60,
        47,
        100,
        105,
        118,
        62,
        10,
        32,
        32,
        32,
        32,
        32,
        32,
        32,
        32,
        32,
        32,
        32,
        32,
        60,
        47,
        108,
        105,
        62,
        10,
        32,
        32,
        32,
        32,
        32,
        32,
        32,
        32,
        60,
        47,
        117,
        108,
        62,
        10,
        10,
        32,
        32,
        32,
        32,
        32,
        32,
        32,
        32,
        60,
        100,
        105,
        118,
        32,
        99,
        108,
        97,
        115,
        115,
        61,
        34,
        109,
        97,
        105,
        110,
        45,
        98,
        111,
        116,
        116,
        111,
        109,
        34,
        62,
        10,
        32,
        32,
        32,
        32,
        32,
        32,
        32,
        32,
        32,
        32,
        32,
        32,
        60,
        100,
        105,
        118,
        32,
        99,
        108,
        97,
        115,
        115,
        61,
        34,
        119,
        114,
        97,
        112,
        112,
        101,
        114,
        32,
        100,
        105,
        115,
        45,
        102,
        108,
        101,
        120,
        45,
        114,
        111,
        119,
        34,
        62,
        10,
        32,
        32,
        32,
        32,
        32,
        32,
        32,
        32,
        32,
        32,
        32,
        32,
        32,
        32,
        32,
        32,
        60,
        100,
        105,
        118,
        32,
        99,
        108,
        97,
        115,
        115,
        61,
        34,
        115,
        108,
        111,
        103,
        97,
        110,
        34,
        62,
        10,
        32,
        32,
        32,
        32,
        32,
        32,
        32,
        32,
        32,
        32,
        32,
        32,
        32,
        32,
        32,
        32,
        32,
        32,
        32,
        32,
        60,
        112,
        32,
        99,
        108,
        97,
        115,
        115,
        61,
        34,
        115,
        108,
        111,
        103,
        97,
        110,
        45,
        105,
        99,
        111,
        110,
        32,
        115,
        116,
        97,
        110,
        100,
        97,
        114,
        100,
        45,
        105,
        99,
        111,
        110,
        34,
        62,
        60,
        47,
        112,
        62,
        10,
        32,
        32,
        32,
        32,
        32,
        32,
        32,
        32,
        32,
        32,
        32,
        32,
        32,
        32,
        32,
        32,
        32,
        32,
        32,
        32,
        60,
        112,
        32,
        99,
        108,
        97,
        115,
        115,
        61,
        34,
        115,
        108,
        111,
        103,
        97,
        110,
        45,
        116,
        120,
        116,
        34,
        62,
        228,
        184,
        147,
        228,
        184,
        154,
        232,
        167,
        132,
        232,
        140,
        131,
        60,
        47,
        112,
        62,
        10,
        32,
        32,
        32,
        32,
        32,
        32,
        32,
        32,
        32,
        32,
        32,
        32,
        32,
        32,
        32,
        32,
        60,
        47,
        100,
        105,
        118,
        62,
        10,
        32,
        32,
        32,
        32,
        32,
        32,
        32,
        32,
        32,
        32,
        32,
        32,
        32,
        32,
        32,
        32,
        60,
        100,
        105,
        118,
        32,
        99,
        108,
        97,
        115,
        115,
        61,
        34,
        115,
        108,
        111,
        103,
        97,
        110,
        34,
        62,
        10,
        32,
        32,
        32,
        32,
        32,
        32,
        32,
        32,
        32,
        32,
        32,
        32,
        32,
        32,
        32,
        32,
        32,
        32,
        32,
        32,
        60,
        112,
        32,
        99,
        108,
        97,
        115,
        115,
        61,
        34,
        115,
        108,
        111,
        103,
        97,
        110,
        45,
        105,
        99,
        111,
        110,
        32,
        98,
        97,
        110,
        107,
        45,
        105,
        99,
        111,
        110,
        34,
        62,
        60,
        47,
        112,
        62,
        10,
        32,
        32,
        32,
        32,
        32,
        32,
        32,
        32,
        32,
        32,
        32,
        32,
        32,
        32,
        32,
        32,
        32,
        32,
        32,
        32,
        60,
        112,
        32,
        99,
        108,
        97,
        115,
        115,
        61,
        34,
        115,
        108,
        111,
        103,
        97,
        110,
        45,
        116,
        120,
        116,
        34,
        62,
        232,
        181,
        132,
        233,
        135,
        145,
        233,
        147,
        182,
        232,
        161,
        140,
        229,
        173,
        152,
        231,
        174,
        161,
        60,
        47,
        112,
        62,
        10,
        32,
        32,
        32,
        32,
        32,
        32,
        32,
        32,
        32,
        32,
        32,
        32,
        32,
        32,
        32,
        32,
        60,
        47,
        100,
        105,
        118,
        62,
        10,
        32,
        32,
        32,
        32,
        32,
        32,
        32,
        32,
        32,
        32,
        32,
        32,
        32,
        32,
        32,
        32,
        60,
        100,
        105,
        118,
        32,
        99,
        108,
        97,
        115,
        115,
        61,
        34,
        115,
        108,
        111,
        103,
        97,
        110,
        34,
        62,
        10,
        32,
        32,
        32,
        32,
        32,
        32,
        32,
        32,
        32,
        32,
        32,
        32,
        32,
        32,
        32,
        32,
        32,
        32,
        32,
        32,
        60,
        112,
        32,
        99,
        108,
        97,
        115,
        115,
        61,
        34,
        115,
        108,
        111,
        103,
        97,
        110,
        45,
        105,
        99,
        111,
        110,
        32,
        102,
        97,
        105,
        114,
        45,
        105,
        99,
        111,
        110,
        34,
        62,
        60,
        47,
        112,
        62,
        10,
        32,
        32,
        32,
        32,
        32,
        32,
        32,
        32,
        32,
        32,
        32,
        32,
        32,
        32,
        32,
        32,
        32,
        32,
        32,
        32,
        60,
        112,
        32,
        99,
        108,
        97,
        115,
        115,
        61,
        34,
        115,
        108,
        111,
        103,
        97,
        110,
        45,
        116,
        120,
        116,
        34,
        62,
        229,
        133,
        172,
        229,
        185,
        179,
        233,
        135,
        145,
        232,
        158,
        141,
        231,
        144,
        134,
        229,
        191,
        181,
        60,
        47,
        112,
        62,
        10,
        32,
        32,
        32,
        32,
        32,
        32,
        32,
        32,
        32,
        32,
        32,
        32,
        32,
        32,
        32,
        32,
        60,
        47,
        100,
        105,
        118,
        62,
        10,
        32,
        32,
        32,
        32,
        32,
        32,
        32,
        32,
        32,
        32,
        32,
        32,
        60,
        47,
        100,
        105,
        118,
        62,
        10,
        32,
        32,
        32,
        32,
        32,
        32,
        32,
        32,
        60,
        47,
        100,
        105,
        118,
        62,
        10,
        32,
        32,
        32,
        32,
        60,
        47,
        100,
        105,
        118,
        62,
        10,
        10,
        32,
        32,
        32,
        32,
        60,
        100,
        105,
        118,
        32,
        99,
        108,
        97,
        115,
        115,
        61,
        34,
        100,
        105,
        118,
        45,
        98,
        111,
        116,
        116,
        111,
        109,
        45,
        98,
        116,
        110,
        34,
        62,
        10,
        32,
        32,
        32,
        32,
        32,
        32,
        32,
        32,
        60,
        98,
        117,
        116,
        116,
        111,
        110,
        32,
        99,
        108,
        97,
        115,
        115,
        61,
        34,
        120,
        120,
        100,
        45,
        120,
        108,
        45,
        98,
        116,
        110,
        34,
        62,
        229,
        191,
        131,
        229,
        138,
        168,
        228,
        186,
        134,
        229,
        144,
        151,
        239,
        188,
        159,
        232,
        181,
        182,
        231,
        180,
        167,
        229,
        137,
        141,
        229,
        190,
        128,
        230,
        150,
        176,
        230,
        150,
        176,
        232,
        180,
        183,
        65,
        80,
        80,
        229,
        144,
        167,
        60,
        47,
        98,
        117,
        116,
        116,
        111,
        110,
        62,
        10,
        32,
        32,
        32,
        32,
        60,
        47,
        100,
        105,
        118,
        62,
        10,
        10,
        32,
        32,
        32,
        32,
        60,
        33,
        45,
        45,
        232,
        191,
        148,
        229,
        155,
        158,
        233,
        166,
        150,
        233,
        161,
        181,
        45,
        45,
        62,
        10,
        32,
        32,
        32,
        32,
        60,
        100,
        105,
        118,
        32,
        99,
        108,
        97,
        115,
        115,
        61,
        34,
        103,
        111,
        116,
        111,
        45,
        104,
        111,
        109,
        101,
        34,
        62,
        60,
        47,
        100,
        105,
        118,
        62,
        10,
        10,
        32,
        32,
        32,
        32,
        60,
        33,
        45,
        45,
        229,
        183,
        178,
        231,
        187,
        143,
        229,
        138,
        160,
        229,
        133,
        165,
        232,
        191,
        135,
        231,
        154,
        132,
        230,
        143,
        144,
        231,
        164,
        186,
        229,
        188,
        185,
        231,
        170,
        151,
        45,
        45,
        62,
        10,
        32,
        32,
        32,
        32,
        60,
        100,
        105,
        118,
        32,
        99,
        108,
        97,
        115,
        115,
        61,
        34,
        112,
        117,
        114,
        99,
        104,
        97,
        115,
        101,
        100,
        45,
        97,
        108,
        101,
        114,
        116,
        32,
        112,
        111,
        115,
        105,
        116,
        105,
        111,
        110,
        45,
        97,
        34,
        62,
        10,
        32,
        32,
        32,
        32,
        32,
        32,
        32,
        32,
        60,
        100,
        105,
        118,
        32,
        99,
        108,
        97,
        115,
        115,
        61,
        34,
        97,
        108,
        101,
        114,
        116,
        45,
        99,
        111,
        110,
        116,
        101,
        110,
        116,
        45,
        119,
        114,
        97,
        112,
        112,
        101,
        114,
        34,
        62,
        10,
        32,
        32,
        32,
        32,
        32,
        32,
        32,
        32,
        32,
        32,
        32,
        32,
        60,
        100,
        105,
        118,
        32,
        99,
        108,
        97,
        115,
        115,
        61,
        34,
        97,
        108,
        101,
        114,
        116,
        45,
        99,
        111,
        110,
        116,
        101,
        110,
        116,
        34,
        62,
        10,
        32,
        32,
        32,
        32,
        32,
        32,
        32,
        32,
        32,
        32,
        32,
        32,
        32,
        32,
        32,
        32,
        60,
        100,
        105,
        118,
        32,
        99,
        108,
        97,
        115,
        115,
        61,
        34,
        99,
        108,
        111,
        115,
        101,
        45,
        98,
        116,
        110,
        34,
        62,
        60,
        47,
        100,
        105,
        118,
        62,
        10,
        32,
        32,
        32,
        32,
        32,
        32,
        32,
        32,
        32,
        32,
        32,
        32,
        32,
        32,
        32,
        32,
        60,
        100,
        105,
        118,
        32,
        99,
        108,
        97,
        115,
        115,
        61,
        34,
        97,
        108,
        101,
        114,
        116,
        45,
        98,
        103,
        34,
        62,
        60,
        47,
        100,
        105,
        118,
        62,
        10,
        32,
        32,
        32,
        32,
        32,
        32,
        32,
        32,
        32,
        32,
        32,
        32,
        32,
        32,
        32,
        32,
        60,
        112,
        62,
        230,
        130,
        168,
        229,
        183,
        178,
        229,
        138,
        160,
        229,
        133,
        165,
        232,
        191,
        135,
        239,
        188,
        140,
        230,
        155,
        180,
        229,
        164,
        154,
        228,
        186,
        167,
        229,
        147,
        129,
        231,
        173,
        137,
        230,
        130,
        168,
        228,
        184,
        180,
        229,
        185,
        184,
        33,
        60,
        47,
        112,
        62,
        10,
        32,
        32,
        32,
        32,
        32,
        32,
        32,
        32,
        32,
        32,
        32,
        32,
        60,
        47,
        100,
        105,
        118,
        62,
        10,
        32,
        32,
        32,
        32,
        32,
        32,
        32,
        32,
        32,
        32,
        32,
        32,
        60,
        100,
        105,
        118,
        32,
        99,
        108,
        97,
        115,
        115,
        61,
        34,
        100,
        105,
        118,
        45,
        98,
        116,
        110,
        34,
        62,
        60,
        98,
        117,
        116,
        116,
        111,
        110,
        32,
        99,
        108,
        97,
        115,
        115,
        61,
        34,
        120,
        120,
        100,
        45,
        120,
        108,
        45,
        98,
        116,
        110,
        34,
        62,
        231,
        171,
        139,
        229,
        141,
        179,
        229,
        137,
        141,
        229,
        190,
        128,
        230,
        150,
        176,
        230,
        150,
        176,
        232,
        180,
        183,
        65,
        80,
        80,
        60,
        47,
        98,
        117,
        116,
        116,
        111,
        110,
        62,
        60,
        47,
        100,
        105,
        118,
        62,
        10,
        32,
        32,
        32,
        32,
        32,
        32,
        32,
        32,
        60,
        47,
        100,
        105,
        118,
        62,
        10,
        32,
        32,
        32,
        32,
        60,
        47,
        100,
        105,
        118,
        62,
        10,
        60,
        47,
        100,
        105,
        118,
        62,
        10,
        60,
        47,
        98,
        111,
        100,
        121,
        62,
        10,
        60,
        47,
        104,
        116,
        109,
        108,
        62
      ]
    },
    "stat": {
      "dev": 16777220,
      "mode": 33188,
      "nlink": 1,
      "uid": 501,
      "gid": 20,
      "rdev": 0,
      "blksize": 4194304,
      "ino": 2088822,
      "size": 5686,
      "blocks": 16,
      "atime": "2018-04-17T07:59:11.782Z",
      "mtime": "2018-03-22T08:50:41.050Z",
      "ctime": "2018-03-22T08:50:41.050Z",
      "birthtime": "2018-03-22T08:50:41.050Z"
    },
    "history": [
      "/Users/jiangheng/Desktop/work-code/xxd-h5/src/mods/product/monthgold.html"
    ],
    "path": "/Users/jiangheng/Desktop/work-code/xxd-h5/src/mods/product/monthgold.html",
    "gulpCache$filePathChangedInsideTask": false,
    "gulpCache$fileBaseChangedInsideTask": false,
    "gulpCache$originalPath": "/Users/jiangheng/Desktop/work-code/xxd-h5/src/mods/product/monthgold.html",
    "gulpCache$originalBase": "/Users/jiangheng/Desktop/work-code/xxd-h5/src/mods/"
  }
]