[
  {
    "cwd": "/Users/jiangheng/Desktop/work-code/xxd-h5",
    "base": "/Users/jiangheng/Desktop/work-code/xxd-h5/src/mods/",
    "contents": {
      "type": "Buffer",
      "data": [
        137,
        80,
        78,
        71,
        13,
        10,
        26,
        10,
        0,
        0,
        0,
        13,
        73,
        72,
        68,
        82,
        0,
        0,
        0,
        20,
        0,
        0,
        0,
        20,
        8,
        6,
        0,
        0,
        0,
        141,
        137,
        29,
        13,
        0,
        0,
        2,
        38,
        73,
        68,
        65,
        84,
        120,
        218,
        180,
        84,
        61,
        136,
        19,
        65,
        20,
        158,
        55,
        51,
        217,
        189,
        221,
        36,
        38,
        232,
        129,
        63,
        167,
        168,
        156,
        218,
        168,
        141,
        40,
        216,
        137,
        189,
        160,
        88,
        136,
        54,
        54,
        34,
        136,
        165,
        32,
        118,
        34,
        218,
        92,
        43,
        88,
        8,
        218,
        89,
        216,
        72,
        208,
        238,
        44,
        196,
        82,
        177,
        16,
        196,
        66,
        65,
        143,
        3,
        197,
        40,
        92,
        188,
        92,
        76,
        178,
        217,
        219,
        153,
        157,
        241,
        77,
        156,
        131,
        201,
        144,
        189,
        75,
        113,
        14,
        60,
        150,
        247,
        246,
        189,
        111,
        190,
        247,
        55,
        160,
        181,
        38,
        155,
        121,
        40,
        217,
        228,
        195,
        93,
        229,
        200,
        141,
        133,
        177,
        78,
        213,
        223,
        179,
        198,
        175,
        130,
        146,
        116,
        183,
        45,
        100,
        19,
        3,
        186,
        39,
        76,
        182,
        210,
        32,
        173,
        95,
        32,
        26,
        174,
        161,
        122,
        210,
        152,
        80,
        20,
        130,
        127,
        34,
        68,
        63,
        81,
        76,
        60,
        232,
        215,
        191,
        247,
        39,
        74,
        185,
        220,
        217,
        93,
        15,
        6,
        245,
        121,
        4,
        123,
        138,
        234,
        41,
        11,
        182,
        230,
        127,
        152,
        16,
        152,
        163,
        121,
        240,
        190,
        210,
        222,
        119,
        112,
        67,
        134,
        76,
        68,
        156,
        202,
        160,
        129,
        65,
        167,
        173,
        73,
        231,
        60,
        109,
        228,
        124,
        245,
        35,
        104,
        86,
        229,
        89,
        124,
        17,
        52,
        157,
        65,
        251,
        33,
        80,
        236,
        101,
        220,
        153,
        57,
        158,
        212,
        126,
        44,
        23,
        49,
        132,
        168,
        187,
        227,
        138,
        3,
        70,
        16,
        232,
        57,
        2,
        36,
        65,
        90,
        187,
        83,
        202,
        202,
        231,
        178,
        104,
        229,
        158,
        227,
        191,
        31,
        153,
        222,
        116,
        113,
        124,
        64,
        14,
        4,
        174,
        186,
        6,
        77,
        197,
        91,
        12,
        58,
        251,
        79,
        129,
        89,
        208,
        208,
        28,
        97,
        160,
        225,
        146,
        155,
        169,
        159,
        114,
        9,
        131,
        142,
        142,
        220,
        144,
        85,
        238,
        174,
        213,
        80,
        81,
        57,
        207,
        68,
        124,
        204,
        75,
        106,
        239,
        48,
        142,
        144,
        108,
        28,
        67,
        163,
        7,
        126,
        195,
        45,
        216,
        59,
        236,
        236,
        27,
        38,
        195,
        219,
        222,
        127,
        197,
        228,
        84,
        80,
        88,
        67,
        13,
        250,
        219,
        184,
        206,
        203,
        176,
        247,
        136,
        139,
        232,
        150,
        31,
        163,
        65,
        45,
        98,
        211,
        100,
        17,
        160,
        210,
        84,
        190,
        26,
        7,
        24,
        12,
        106,
        115,
        248,
        137,
        125,
        187,
        102,
        162,
        97,
        122,
        87,
        4,
        40,
        178,
        168,
        125,
        31,
        111,
        93,
        242,
        9,
        38,
        181,
        230,
        101,
        100,
        223,
        242,
        216,
        125,
        73,
        203,
        75,
        15,
        205,
        255,
        34,
        64,
        41,
        194,
        238,
        162,
        152,
        234,
        92,
        71,
        103,
        55,
        152,
        199,
        127,
        118,
        61,
        198,
        122,
        76,
        143,
        22,
        79,
        188,
        192,
        177,
        106,
        173,
        7,
        168,
        204,
        190,
        174,
        198,
        203,
        175,
        7,
        213,
        95,
        231,
        177,
        54,
        207,
        144,
        213,
        138,
        165,
        179,
        211,
        178,
        250,
        137,
        50,
        28,
        100,
        154,
        243,
        3,
        182,
        187,
        106,
        189,
        93,
        54,
        183,
        117,
        242,
        210,
        224,
        3,
        110,
        128,
        25,
        218,
        105,
        220,
        142,
        61,
        160,
        120,
        5,
        25,
        181,
        209,
        222,
        194,
        13,
        137,
        162,
        222,
        246,
        51,
        84,
        134,
        39,
        38,
        125,
        28,
        12,
        104,
        15,
        37,
        69,
        105,
        201,
        32,
        249,
        106,
        38,
        192,
        50,
        193,
        198,
        229,
        44,
        217,
        210,
        252,
        76,
        213,
        48,
        92,
        79,
        244,
        218,
        216,
        224,
        204,
        10,
        88,
        209,
        86,
        76,
        169,
        250,
        56,
        155,
        224,
        214,
        111,
        35,
        192,
        145,
        134,
        122,
        76,
        148,
        91,
        183,
        255,
        250,
        98,
        255,
        21,
        96,
        0,
        10,
        204,
        219,
        110,
        165,
        89,
        147,
        221,
        0,
        0,
        0,
        0,
        73,
        69,
        78,
        68,
        174,
        66,
        96,
        130
      ]
    },
    "stat": {
      "dev": 16777220,
      "mode": 33188,
      "nlink": 1,
      "uid": 501,
      "gid": 20,
      "rdev": 0,
      "blksize": 4194304,
      "ino": 2088701,
      "size": 1459,
      "blocks": 8,
      "atime": "2018-04-17T07:59:11.791Z",
      "mtime": "2018-03-22T08:50:41.021Z",
      "ctime": "2018-03-22T08:50:41.021Z",
      "birthtime": "2018-03-22T08:50:41.021Z"
    },
    "history": [
      "/Users/jiangheng/Desktop/work-code/xxd-h5/src/mods/mypurse/imgs/helpcenter.png"
    ],
    "path": "/Users/jiangheng/Desktop/work-code/xxd-h5/src/mods/mypurse/imgs/helpcenter.png",
    "gulpCache$filePathChangedInsideTask": false,
    "gulpCache$fileBaseChangedInsideTask": false,
    "gulpCache$originalPath": "/Users/jiangheng/Desktop/work-code/xxd-h5/src/mods/mypurse/imgs/helpcenter.png",
    "gulpCache$originalBase": "/Users/jiangheng/Desktop/work-code/xxd-h5/src/mods/"
  }
]