[
  {
    "cwd": "/Users/jiangheng/Desktop/work-code/xxd-h5",
    "base": "/Users/jiangheng/Desktop/work-code/xxd-h5/src/mods/",
    "contents": {
      "type": "Buffer",
      "data": [
        137,
        80,
        78,
        71,
        13,
        10,
        26,
        10,
        0,
        0,
        0,
        13,
        73,
        72,
        68,
        82,
        0,
        0,
        0,
        60,
        0,
        0,
        0,
        60,
        8,
        3,
        0,
        0,
        0,
        13,
        34,
        41,
        64,
        0,
        0,
        2,
        151,
        80,
        76,
        84,
        69,
        108,
        108,
        108,
        255,
        255,
        255,
        108,
        108,
        108,
        108,
        108,
        108,
        108,
        108,
        108,
        108,
        108,
        108,
        108,
        108,
        108,
        108,
        108,
        108,
        108,
        108,
        108,
        108,
        108,
        108,
        108,
        108,
        108,
        108,
        108,
        108,
        108,
        108,
        108,
        108,
        108,
        108,
        108,
        108,
        108,
        108,
        108,
        108,
        108,
        108,
        108,
        108,
        108,
        108,
        108,
        108,
        108,
        108,
        108,
        108,
        108,
        108,
        108,
        108,
        108,
        108,
        108,
        108,
        108,
        108,
        108,
        108,
        108,
        108,
        108,
        108,
        108,
        108,
        108,
        108,
        108,
        108,
        108,
        108,
        108,
        108,
        108,
        108,
        108,
        108,
        108,
        108,
        108,
        108,
        108,
        108,
        108,
        108,
        108,
        108,
        108,
        108,
        108,
        108,
        108,
        108,
        108,
        108,
        108,
        108,
        108,
        108,
        108,
        108,
        108,
        108,
        108,
        108,
        108,
        108,
        108,
        108,
        108,
        108,
        108,
        108,
        108,
        108,
        108,
        108,
        108,
        108,
        108,
        108,
        108,
        108,
        108,
        108,
        108,
        108,
        108,
        108,
        108,
        108,
        108,
        108,
        108,
        108,
        108,
        108,
        108,
        108,
        108,
        108,
        108,
        108,
        108,
        108,
        108,
        108,
        108,
        108,
        108,
        108,
        108,
        108,
        108,
        108,
        108,
        108,
        108,
        108,
        108,
        108,
        108,
        108,
        108,
        108,
        108,
        108,
        108,
        108,
        108,
        108,
        108,
        108,
        108,
        108,
        108,
        108,
        108,
        108,
        108,
        108,
        108,
        108,
        108,
        108,
        108,
        108,
        108,
        108,
        108,
        108,
        108,
        108,
        108,
        108,
        108,
        108,
        108,
        108,
        108,
        108,
        108,
        108,
        108,
        108,
        108,
        108,
        108,
        108,
        108,
        108,
        108,
        108,
        108,
        108,
        108,
        108,
        108,
        108,
        108,
        108,
        108,
        108,
        108,
        108,
        108,
        108,
        108,
        108,
        108,
        108,
        108,
        108,
        108,
        108,
        108,
        108,
        108,
        108,
        108,
        108,
        108,
        108,
        108,
        108,
        108,
        108,
        108,
        108,
        108,
        108,
        108,
        108,
        108,
        108,
        108,
        108,
        108,
        108,
        108,
        108,
        108,
        108,
        108,
        108,
        108,
        108,
        108,
        108,
        108,
        108,
        108,
        108,
        108,
        108,
        108,
        108,
        108,
        108,
        108,
        108,
        108,
        108,
        108,
        108,
        108,
        108,
        108,
        108,
        108,
        108,
        108,
        108,
        108,
        108,
        108,
        108,
        108,
        108,
        108,
        108,
        108,
        108,
        108,
        108,
        108,
        108,
        108,
        108,
        108,
        108,
        108,
        108,
        108,
        108,
        108,
        108,
        108,
        108,
        108,
        108,
        108,
        108,
        108,
        108,
        108,
        108,
        108,
        108,
        108,
        108,
        108,
        108,
        108,
        108,
        108,
        108,
        108,
        108,
        108,
        108,
        108,
        108,
        108,
        108,
        108,
        108,
        108,
        108,
        108,
        108,
        108,
        108,
        108,
        108,
        108,
        108,
        108,
        108,
        108,
        108,
        108,
        108,
        108,
        108,
        108,
        108,
        108,
        108,
        108,
        108,
        108,
        108,
        108,
        108,
        108,
        108,
        108,
        108,
        108,
        108,
        108,
        108,
        108,
        108,
        108,
        108,
        108,
        108,
        108,
        108,
        108,
        108,
        108,
        108,
        108,
        108,
        108,
        108,
        108,
        108,
        108,
        108,
        108,
        108,
        108,
        108,
        108,
        108,
        108,
        108,
        108,
        108,
        108,
        108,
        108,
        108,
        108,
        108,
        108,
        108,
        108,
        108,
        108,
        108,
        108,
        108,
        108,
        108,
        108,
        108,
        108,
        108,
        108,
        108,
        108,
        108,
        108,
        108,
        108,
        108,
        108,
        108,
        108,
        108,
        108,
        108,
        108,
        108,
        108,
        108,
        108,
        108,
        108,
        108,
        108,
        108,
        108,
        108,
        108,
        108,
        108,
        108,
        108,
        108,
        108,
        108,
        108,
        108,
        108,
        108,
        108,
        108,
        108,
        108,
        108,
        108,
        108,
        108,
        108,
        108,
        108,
        108,
        108,
        108,
        108,
        108,
        108,
        108,
        108,
        108,
        108,
        108,
        108,
        108,
        108,
        108,
        108,
        108,
        108,
        108,
        108,
        108,
        108,
        108,
        108,
        108,
        108,
        108,
        108,
        108,
        108,
        108,
        108,
        108,
        108,
        108,
        108,
        108,
        108,
        108,
        108,
        108,
        108,
        108,
        108,
        108,
        108,
        108,
        108,
        108,
        108,
        108,
        108,
        108,
        108,
        108,
        108,
        108,
        108,
        108,
        108,
        108,
        108,
        108,
        108,
        108,
        108,
        108,
        108,
        108,
        108,
        108,
        108,
        108,
        108,
        108,
        108,
        108,
        108,
        108,
        108,
        108,
        108,
        108,
        108,
        108,
        108,
        108,
        108,
        108,
        108,
        108,
        108,
        108,
        108,
        108,
        108,
        108,
        108,
        108,
        108,
        108,
        108,
        108,
        108,
        108,
        108,
        108,
        108,
        108,
        108,
        108,
        108,
        108,
        108,
        108,
        108,
        108,
        108,
        108,
        108,
        108,
        108,
        108,
        108,
        108,
        108,
        108,
        108,
        108,
        108,
        108,
        108,
        108,
        108,
        108,
        108,
        108,
        108,
        108,
        108,
        108,
        108,
        108,
        108,
        108,
        108,
        108,
        108,
        108,
        108,
        108,
        108,
        108,
        108,
        108,
        108,
        108,
        108,
        108,
        108,
        108,
        108,
        108,
        108,
        108,
        108,
        108,
        108,
        147,
        189,
        199,
        104,
        0,
        0,
        0,
        220,
        116,
        82,
        78,
        83,
        0,
        0,
        1,
        2,
        3,
        4,
        5,
        6,
        7,
        8,
        9,
        10,
        11,
        12,
        13,
        14,
        15,
        16,
        17,
        18,
        19,
        20,
        21,
        22,
        23,
        24,
        28,
        29,
        30,
        31,
        32,
        33,
        34,
        35,
        36,
        37,
        38,
        39,
        40,
        41,
        44,
        45,
        46,
        47,
        48,
        49,
        50,
        51,
        52,
        53,
        54,
        55,
        56,
        57,
        58,
        59,
        60,
        61,
        62,
        63,
        64,
        66,
        67,
        68,
        69,
        70,
        71,
        73,
        75,
        76,
        77,
        83,
        85,
        86,
        87,
        88,
        89,
        90,
        92,
        93,
        94,
        95,
        96,
        98,
        99,
        100,
        101,
        102,
        103,
        104,
        105,
        106,
        107,
        109,
        110,
        111,
        113,
        115,
        116,
        117,
        119,
        120,
        121,
        122,
        125,
        126,
        128,
        129,
        130,
        132,
        133,
        134,
        135,
        138,
        139,
        140,
        141,
        142,
        143,
        144,
        145,
        146,
        147,
        148,
        149,
        150,
        151,
        152,
        153,
        154,
        155,
        156,
        157,
        158,
        159,
        160,
        161,
        163,
        164,
        165,
        166,
        167,
        168,
        169,
        170,
        171,
        172,
        173,
        174,
        176,
        177,
        178,
        179,
        180,
        183,
        184,
        185,
        186,
        188,
        189,
        190,
        191,
        192,
        193,
        194,
        195,
        196,
        197,
        200,
        201,
        202,
        204,
        205,
        207,
        208,
        209,
        210,
        211,
        212,
        213,
        214,
        215,
        216,
        217,
        218,
        219,
        220,
        221,
        222,
        223,
        225,
        226,
        227,
        228,
        229,
        230,
        231,
        232,
        233,
        234,
        235,
        236,
        237,
        238,
        239,
        240,
        241,
        242,
        243,
        244,
        245,
        246,
        247,
        248,
        249,
        250,
        251,
        252,
        253,
        254,
        26,
        133,
        141,
        187,
        0,
        0,
        5,
        247,
        73,
        68,
        65,
        84,
        72,
        199,
        149,
        151,
        251,
        95,
        82,
        119,
        24,
        199,
        191,
        30,
        6,
        7,
        177,
        200,
        196,
        196,
        133,
        77,
        67,
        193,
        165,
        91,
        78,
        101,
        150,
        105,
        216,
        205,
        9,
        74,
        173,
        203,
        242,
        146,
        174,
        139,
        75,
        219,
        77,
        45,
        203,
        251,
        52,
        69,
        219,
        42,
        147,
        169,
        84,
        91,
        23,
        203,
        117,
        111,
        105,
        10,
        106,
        152,
        81,
        186,
        233,
        188,
        128,
        210,
        188,
        36,
        154,
        207,
        31,
        179,
        35,
        40,
        194,
        57,
        7,
        116,
        207,
        47,
        188,
        142,
        240,
        126,
        249,
        61,
        207,
        247,
        185,
        124,
        62,
        8,
        81,
        130,
        185,
        138,
        47,
        57,
        144,
        115,
        249,
        110,
        91,
        239,
        200,
        216,
        216,
        72,
        111,
        219,
        221,
        203,
        57,
        7,
        36,
        252,
        85,
        76,
        235,
        183,
        110,
        118,
        65,
        101,
        89,
        33,
        73,
        89,
        202,
        91,
        218,
        17,
        176,
        197,
        136,
        246,
        150,
        50,
        43,
        41,
        132,
        181,
        44,
        188,
        86,
        156,
        80,
        210,
        110,
        6,
        24,
        31,
        234,
        237,
        233,
        210,
        106,
        52,
        218,
        174,
        158,
        222,
        161,
        113,
        128,
        153,
        246,
        146,
        4,
        241,
        90,
        215,
        240,
        250,
        228,
        70,
        157,
        1,
        224,
        157,
        182,
        62,
        47,
        67,
        46,
        149,
        132,
        133,
        73,
        164,
        242,
        140,
        188,
        122,
        237,
        59,
        0,
        131,
        174,
        49,
        121,
        189,
        11,
        120,
        93,
        124,
        193,
        51,
        128,
        201,
        199,
        149,
        39,
        20,
        209,
        129,
        222,
        172,
        133,
        215,
        240,
        14,
        140,
        86,
        100,
        42,
        31,
        79,
        2,
        60,
        43,
        136,
        95,
        231,
        4,
        102,
        6,
        36,
        223,
        153,
        3,
        67,
        107,
        69,
        146,
        63,
        70,
        126,
        27,
        134,
        80,
        81,
        209,
        106,
        128,
        185,
        59,
        41,
        1,
        76,
        90,
        56,
        226,
        220,
        139,
        105,
        208,
        23,
        237,
        242,
        227,
        34,
        154,
        224,
        250,
        237,
        42,
        210,
        195,
        244,
        139,
        115,
        17,
        52,
        48,
        190,
        189,
        106,
        0,
        76,
        215,
        210,
        66,
        144,
        211,
        8,
        73,
        187,
        54,
        6,
        3,
        85,
        219,
        113,
        50,
        204,
        137,
        81,
        141,
        67,
        127,
        149,
        148,
        141,
        92,
        4,
        91,
        90,
        217,
        15,
        227,
        170,
        24,
        14,
        9,
        150,
        214,
        153,
        64,
        159,
        29,
        236,
        146,
        37,
        232,
        224,
        108,
        61,
        152,
        234,
        164,
        14,
        48,
        51,
        92,
        105,
        130,
        182,
        204,
        13,
        104,
        217,
        216,
        144,
        217,
        6,
        38,
        101,
        56,
        211,
        14,
        14,
        40,
        236,
        7,
        253,
        9,
        62,
        90,
        65,
        240,
        79,
        232,
        161,
        191,
        112,
        35,
        102,
        131,
        125,
        83,
        116,
        240,
        87,
        150,
        96,
        37,
        44,
        114,
        19,
        100,
        245,
        129,
        46,
        197,
        215,
        6,
        239,
        190,
        7,
        131,
        21,
        34,
        180,
        50,
        216,
        77,
        84,
        49,
        8,
        15,
        246,
        44,
        192,
        152,
        160,
        8,
        230,
        212,
        177,
        182,
        92,
        97,
        62,
        193,
        65,
        164,
        171,
        230,
        6,
        5,
        251,
        96,
        139,
        48,
        59,
        246,
        234,
        28,
        148,
        248,
        49,
        44,
        176,
        87,
        242,
        115,
        120,
        153,
        234,
        110,
        251,
        165,
        199,
        225,
        166,
        235,
        10,
        15,
        123,
        214,
        99,
        239,
        111,
        77,
        95,
        113,
        108,
        45,
        233,
        126,
        228,
        21,
        180,
        165,
        240,
        44,
        112,
        176,
        122,
        234,
        109,
        81,
        208,
        210,
        79,
        125,
        43,
        1,
        238,
        236,
        91,
        179,
        244,
        135,
        53,
        251,
        154,
        1,
        206,
        251,
        44,
        245,
        179,
        168,
        248,
        237,
        212,
        213,
        96,
        2,
        198,
        220,
        101,
        47,
        161,
        101,
        7,
        195,
        46,
        159,
        63,
        142,
        1,
        60,
        144,
        217,
        104,
        79,
        249,
        67,
        128,
        209,
        31,
        236,
        96,
        108,
        71,
        11,
        188,
        148,
        185,
        99,
        136,
        25,
        82,
        102,
        26,
        45,
        179,
        207,
        52,
        190,
        165,
        106,
        20,
        204,
        15,
        191,
        92,
        56,
        249,
        170,
        253,
        143,
        204,
        96,
        172,
        138,
        194,
        237,
        38,
        137,
        160,
        108,
        212,
        84,
        22,
        194,
        68,
        108,
        185,
        102,
        246,
        105,
        34,
        199,
        225,
        21,
        183,
        94,
        24,
        0,
        248,
        195,
        122,
        114,
        207,
        253,
        247,
        1,
        250,
        171,
        163,
        56,
        200,
        14,
        230,
        36,
        62,
        157,
        213,
        200,
        217,
        136,
        159,
        53,
        13,
        74,
        161,
        99,
        114,
        241,
        232,
        26,
        35,
        192,
        67,
        185,
        39,
        193,
        38,
        62,
        2,
        48,
        42,
        183,
        176,
        144,
        61,
        236,
        22,
        88,
        13,
        211,
        89,
        124,
        36,
        81,
        194,
        68,
        38,
        147,
        116,
        153,
        248,
        214,
        243,
        70,
        48,
        63,
        218,
        135,
        179,
        247,
        63,
        158,
        1,
        67,
        197,
        226,
        153,
        109,
        48,
        243,
        155,
        9,
        80,
        74,
        208,
        193,
        219,
        239,
        59,
        19,
        41,
        165,
        128,
        71,
        213,
        244,
        3,
        220,
        252,
        250,
        232,
        45,
        226,
        204,
        202,
        207,
        113,
        68,
        130,
        221,
        18,
        59,
        223,
        223,
        62,
        128,
        114,
        59,
        38,
        26,
        182,
        209,
        204,
        208,
        173,
        74,
        35,
        76,
        188,
        126,
        61,
        9,
        134,
        170,
        40,
        22,
        162,
        192,
        219,
        26,
        38,
        180,
        57,
        168,
        214,
        48,
        156,
        23,
        72,
        83,
        134,
        120,
        84,
        185,
        193,
        50,
        119,
        203,
        36,
        44,
        68,
        133,
        3,
        243,
        134,
        71,
        106,
        81,
        243,
        76,
        111,
        58,
        143,
        182,
        138,
        195,
        207,
        191,
        6,
        208,
        151,
        127,
        70,
        174,
        109,
        75,
        240,
        210,
        123,
        103,
        154,
        81,
        27,
        244,
        200,
        112,
        18,
        246,
        1,
        17,
        12,
        140,
        189,
        243,
        119,
        128,
        235,
        113,
        108,
        140,
        49,
        255,
        76,
        130,
        113,
        89,
        15,
        180,
        161,
        55,
        208,
        37,
        117,
        32,
        49,
        174,
        48,
        34,
        50,
        60,
        60,
        124,
        243,
        166,
        221,
        141,
        0,
        13,
        187,
        55,
        109,
        38,
        30,
        34,
        35,
        132,
        92,
        204,
        97,
        99,
        72,
        187,
        224,
        13,
        26,
        1,
        173,
        196,
        177,
        219,
        211,
        107,
        84,
        170,
        186,
        186,
        186,
        43,
        151,
        234,
        59,
        1,
        58,
        235,
        47,
        93,
        33,
        30,
        84,
        170,
        154,
        35,
        124,
        7,
        88,
        162,
        133,
        17,
        100,
        2,
        77,
        152,
        3,
        44,
        110,
        2,
        218,
        184,
        45,
        118,
        128,
        195,
        52,
        96,
        162,
        194,
        254,
        23,
        167,
        233,
        216,
        233,
        139,
        254,
        84,
        152,
        114,
        236,
        53,
        113,
        199,
        191,
        183,
        70,
        254,
        19,
        128,
        39,
        249,
        11,
        15,
        199,
        227,
        184,
        14,
        112,
        228,
        252,
        177,
        41,
        9,
        179,
        107,
        144,
        124,
        128,
        124,
        15,
        68,
        123,
        85,
        110,
        219,
        231,
        19,
        70,
        119,
        85,
        139,
        83,
        250,
        12,
        192,
        25,
        54,
        61,
        108,
        189,
        170,
        230,
        153,
        62,
        106,
        145,
        96,
        194,
        248,
        189,
        138,
        196,
        212,
        155,
        68,
        121,
        167,
        38,
        42,
        246,
        198,
        11,
        49,
        106,
        145,
        244,
        17,
        69,
        82,
        107,
        24,
        162,
        148,
        39,
        230,
        147,
        113,
        79,
        211,
        222,
        170,
        29,
        6,
        24,
        214,
        182,
        182,
        107,
        238,
        101,
        172,
        195,
        40,
        229,
        57,
        100,
        168,
        37,
        26,
        99,
        188,
        62,
        154,
        188,
        80,
        63,
        253,
        133,
        16,
        7,
        115,
        214,
        52,
        19,
        31,
        230,
        159,
        63,
        97,
        144,
        224,
        232,
        250,
        241,
        142,
        28,
        116,
        176,
        105,
        182,
        67,
        78,
        134,
        253,
        191,
        107,
        233,
        208,
        182,
        119,
        17,
        157,
        97,
        232,
        106,
        215,
        118,
        180,
        124,
        251,
        17,
        25,
        150,
        119,
        204,
        18,
        45,
        41,
        169,
        166,
        25,
        6,
        88,
        232,
        161,
        99,
        71,
        51,
        78,
        17,
        3,
        232,
        254,
        169,
        140,
        163,
        199,
        14,
        133,
        146,
        223,
        153,
        153,
        105,
        25,
        6,
        116,
        99,
        136,
        104,
        103,
        79,
        111,
        111,
        158,
        136,
        152,
        193,
        149,
        34,
        158,
        183,
        183,
        39,
        139,
        156,
        109,
        161,
        210,
        50,
        134,
        104,
        6,
        224,
        98,
        172,
        62,
        11,
        112,
        118,
        53,
        221,
        85,
        113,
        146,
        254,
        180,
        12,
        64,
        234,
        232,
        181,
        133,
        79,
        49,
        64,
        177,
        15,
        29,
        236,
        87,
        97,
        178,
        140,
        94,
        204,
        61,
        161,
        219,
        113,
        232,
        47,
        245,
        215,
        60,
        204,
        167,
        129,
        177,
        157,
        173,
        208,
        157,
        224,
        62,
        159,
        8,
        113,
        227,
        212,
        219,
        194,
        160,
        255,
        3,
        7,
        21,
        255,
        59,
        165,
        22,
        91,
        23,
        221,
        225,
        231,
        208,
        109,
        183,
        232,
        150,
        150,
        86,
        41,
        64,
        169,
        47,
        21,
        118,
        63,
        66,
        148,
        102,
        178,
        151,
        5,
        102,
        172,
        47,
        38,
        86,
        108,
        12,
        85,
        142,
        240,
        75,
        0,
        74,
        168,
        255,
        153,
        29,
        67,
        172,
        216,
        98,
        1,
        99,
        97,
        185,
        239,
        185,
        15,
        131,
        229,
        212,
        229,
        206,
        61,
        13,
        112,
        154,
        75,
        93,
        238,
        229,
        255,
        44,
        45,
        119,
        171,
        172,
        232,
        163,
        202,
        10,
        70,
        210,
        141,
        27,
        73,
        12,
        58,
        89,
        209,
        157,
        250,
        161,
        13,
        198,
        156,
        8,
        26,
        158,
        72,
        196,
        163,
        19,
        52,
        3,
        69,
        118,
        130,
        6,
        49,
        35,
        44,
        82,
        106,
        5,
        146,
        70,
        48,
        47,
        165,
        170,
        35,
        153,
        14,
        34,
        46,
        78,
        101,
        130,
        87,
        39,
        69,
        184,
        107,
        20,
        23,
        157,
        124,
        5,
        38,
        85,
        28,
        89,
        62,
        198,
        54,
        76,
        66,
        127,
        121,
        140,
        75,
        26,
        143,
        249,
        233,
        111,
        152,
        248,
        53,
        150,
        67,
        17,
        174,
        210,
        234,
        1,
        24,
        85,
        167,
        109,
        114,
        206,
        126,
        156,
        166,
        54,
        194,
        128,
        146,
        42,
        92,
        137,
        144,
        20,
        232,
        204,
        160,
        47,
        116,
        42,
        153,
        119,
        22,
        232,
        193,
        172,
        43,
        148,
        208,
        234,
        109,
        86,
        64,
        202,
        93,
        112,
        38,
        214,
        55,
        18,
        98,
        157,
        240,
        44,
        205,
        169,
        27,
        89,
        78,
        108,
        130,
        79,
        124,
        65,
        203,
        162,
        77,
        16,
        242,
        22,
        38,
        4,
        147,
        39,
        92,
        180,
        9,
        45,
        5,
        95,
        240,
        93,
        24,
        20,
        65,
        138,
        90,
        103,
        180,
        24,
        148,
        220,
        116,
        153,
        213,
        160,
        200,
        210,
        115,
        45,
        6,
        197,
        168,
        83,
        167,
        8,
        92,
        91,
        35,
        47,
        113,
        66,
        169,
        102,
        150,
        176,
        70,
        131,
        75,
        214,
        104,
        144,
        176,
        70,
        179,
        154,
        210,
        4,
        177,
        215,
        242,
        166,
        44,
        84,
        145,
        77,
        53,
        101,
        217,
        138,
        208,
        229,
        77,
        217,
        162,
        29,
        204,
        37,
        236,
        96,
        159,
        193,
        100,
        50,
        244,
        17,
        118,
        48,
        215,
        137,
        29,
        252,
        15,
        205,
        67,
        191,
        197,
        220,
        153,
        34,
        192,
        0,
        0,
        0,
        0,
        73,
        69,
        78,
        68,
        174,
        66,
        96,
        130
      ]
    },
    "stat": {
      "dev": 16777220,
      "mode": 33188,
      "nlink": 1,
      "uid": 501,
      "gid": 20,
      "rdev": 0,
      "blksize": 4194304,
      "ino": 2088640,
      "size": 3534,
      "blocks": 8,
      "atime": "2018-04-17T07:59:11.787Z",
      "mtime": "2018-03-22T08:50:40.999Z",
      "ctime": "2018-03-22T08:50:40.999Z",
      "birthtime": "2018-03-22T08:50:40.999Z"
    },
    "history": [
      "/Users/jiangheng/Desktop/work-code/xxd-h5/src/mods/home/imgs/financial_icon@3x.png"
    ],
    "path": "/Users/jiangheng/Desktop/work-code/xxd-h5/src/mods/home/imgs/financial_icon@3x.png",
    "gulpCache$filePathChangedInsideTask": false,
    "gulpCache$fileBaseChangedInsideTask": false,
    "gulpCache$originalPath": "/Users/jiangheng/Desktop/work-code/xxd-h5/src/mods/home/imgs/financial_icon@3x.png",
    "gulpCache$originalBase": "/Users/jiangheng/Desktop/work-code/xxd-h5/src/mods/"
  }
]