[
  {
    "cwd": "/Users/jiangheng/Desktop/work-code/xxd-h5",
    "base": "/Users/jiangheng/Desktop/work-code/xxd-h5/src/mods/",
    "contents": {
      "type": "Buffer",
      "data": [
        137,
        80,
        78,
        71,
        13,
        10,
        26,
        10,
        0,
        0,
        0,
        13,
        73,
        72,
        68,
        82,
        0,
        0,
        0,
        40,
        0,
        0,
        0,
        40,
        8,
        6,
        0,
        0,
        0,
        140,
        254,
        184,
        109,
        0,
        0,
        2,
        255,
        73,
        68,
        65,
        84,
        120,
        218,
        236,
        88,
        205,
        107,
        19,
        65,
        20,
        159,
        153,
        221,
        77,
        54,
        95,
        45,
        9,
        212,
        40,
        85,
        68,
        189,
        246,
        230,
        201,
        158,
        10,
        61,
        104,
        85,
        144,
        64,
        61,
        8,
        42,
        158,
        69,
        47,
        158,
        252,
        43,
        212,
        255,
        64,
        68,
        161,
        23,
        41,
        30,
        139,
        55,
        65,
        244,
        32,
        10,
        66,
        17,
        47,
        86,
        42,
        90,
        15,
        74,
        141,
        237,
        230,
        163,
        217,
        217,
        25,
        127,
        155,
        76,
        113,
        91,
        183,
        155,
        253,
        34,
        9,
        146,
        129,
        199,
        219,
        12,
        100,
        246,
        55,
        239,
        227,
        247,
        222,
        91,
        42,
        165,
        36,
        163,
        188,
        24,
        25,
        241,
        53,
        6,
        248,
        223,
        3,
        212,
        253,
        54,
        103,
        238,
        124,
        242,
        187,
        8,
        245,
        232,
        36,
        203,
        205,
        74,
        225,
        209,
        123,
        214,
        234,
        189,
        83,
        253,
        1,
        238,
        7,
        103,
        54,
        166,
        74,
        70,
        187,
        244,
        12,
        216,
        230,
        82,
        48,
        10,
        128,
        201,
        149,
        118,
        225,
        231,
        162,
        109,
        110,
        181,
        253,
        64,
        70,
        113,
        177,
        107,
        45,
        77,
        239,
        20,
        46,
        167,
        4,
        78,
        157,
        73,
        23,
        178,
        173,
        242,
        133,
        48,
        30,
        9,
        5,
        16,
        82,
        77,
        59,
        182,
        96,
        198,
        195,
        234,
        236,
        232,
        49,
        168,
        128,
        209,
        252,
        214,
        116,
        149,
        74,
        122,
        82,
        48,
        123,
        131,
        48,
        254,
        64,
        82,
        167,
        168,
        113,
        243,
        18,
        149,
        108,
        42,
        185,
        29,
        165,
        238,
        177,
        160,
        140,
        3,
        80,
        215,
        108,
        243,
        45,
        244,
        17,
        239,
        197,
        29,
        163,
        245,
        68,
        179,
        115,
        215,
        210,
        113,
        117,
        255,
        132,
        99,
        65,
        174,
        149,
        84,
        190,
        131,
        222,
        134,
        88,
        192,
        214,
        144,
        84,
        172,
        19,
        73,
        141,
        161,
        211,
        140,
        50,
        185,
        180,
        42,
        107,
        55,
        160,
        39,
        115,
        86,
        245,
        28,
        179,
        205,
        139,
        120,
        206,
        193,
        197,
        139,
        163,
        0,
        144,
        168,
        244,
        239,
        64,
        90,
        212,
        209,
        243,
        136,
        59,
        151,
        160,
        204,
        144,
        212,
        52,
        16,
        128,
        164,
        184,
        121,
        226,
        46,
        5,
        189,
        72,
        210,
        13,
        104,
        11,
        73,
        242,
        69,
        50,
        190,
        202,
        156,
        204,
        194,
        40,
        0,
        100,
        176,
        218,
        109,
        23,
        39,
        85,
        177,
        140,
        223,
        4,
        73,
        242,
        144,
        56,
        137,
        222,
        9,
        175,
        72,
        187,
        39,
        221,
        28,
        96,
        187,
        33,
        21,
        153,
        102,
        0,
        166,
        6,
        80,
        167,
        97,
        193,
        50,
        126,
        151,
        128,
        144,
        51,
        158,
        57,
        27,
        23,
        153,
        208,
        58,
        47,
        145,
        104,
        95,
        169,
        208,
        39,
        169,
        208,
        230,
        224,
        161,
        89,
        108,
        63,
        183,
        42,
        159,
        31,
        67,
        59,
        126,
        32,
        131,
        146,
        196,
        105,
        78,
        108,
        188,
        129,
        254,
        80,
        168,
        31,
        187,
        5,
        183,
        222,
        76,
        76,
        206,
        204,
        89,
        3,
        69,
        93,
        223,
        183,
        93,
        131,
        44,
        121,
        234,
        115,
        104,
        128,
        130,
        57,
        134,
        208,
        237,
        66,
        94,
        48,
        254,
        17,
        6,
        125,
        4,
        11,
        230,
        24,
        55,
        206,
        227,
        185,
        24,
        15,
        33,
        245,
        227,
        189,
        44,
        36,
        3,
        225,
        126,
        117,
        57,
        200,
        197,
        12,
        150,
        123,
        133,
        199,
        25,
        207,
        126,
        19,
        110,
        95,
        134,
        21,
        174,
        38,
        232,
        100,
        14,
        10,
        53,
        26,
        181,
        22,
        107,
        255,
        254,
        73,
        186,
        133,
        62,
        254,
        16,
        131,
        24,
        246,
        217,
        221,
        137,
        77,
        51,
        86,
        121,
        125,
        30,
        196,
        124,
        20,
        221,
        204,
        25,
        141,
        103,
        103,
        241,
        2,
        77,
        179,
        179,
        181,
        216,
        248,
        132,
        126,
        220,
        209,
        219,
        75,
        56,
        230,
        144,
        186,
        111,
        135,
        48,
        241,
        66,
        185,
        87,
        70,
        5,
        200,
        17,
        212,
        13,
        158,
        105,
        124,
        203,
        54,
        43,
        211,
        72,
        146,
        43,
        137,
        219,
        119,
        199,
        152,
        199,
        43,
        45,
        248,
        165,
        193,
        141,
        214,
        253,
        86,
        233,
        251,
        83,
        108,
        255,
        86,
        5,
        65,
        68,
        1,
        40,
        254,
        114,
        22,
        105,
        226,
        238,
        118,
        122,
        212,
        139,
        4,
        147,
        164,
        200,
        132,
        230,
        90,
        172,
        222,
        59,
        255,
        96,
        11,
        178,
        62,
        165,
        142,
        119,
        249,
        9,
        228,
        149,
        122,
        137,
        64,
        73,
        82,
        241,
        103,
        31,
        196,
        129,
        225,
        135,
        38,
        42,
        41,
        73,
        127,
        237,
        206,
        36,
        34,
        168,
        31,
        28,
        230,
        84,
        23,
        234,
        210,
        227,
        185,
        120,
        12,
        80,
        205,
        177,
        191,
        210,
        143,
        64,
        81,
        15,
        74,
        142,
        40,
        0,
        197,
        78,
        126,
        115,
        25,
        76,
        243,
        62,
        181,
        244,
        165,
        226,
        117,
        171,
        240,
        99,
        37,
        168,
        15,
        12,
        251,
        101,
        161,
        219,
        118,
        161,
        154,
        212,
        209,
        179,
        185,
        51,
        201,
        132,
        106,
        251,
        227,
        134,
        134,
        75,
        41,
        109,
        85,
        61,
        182,
        21,
        207,
        146,
        196,
        0,
        213,
        161,
        162,
        55,
        221,
        245,
        31,
        182,
        67,
        112,
        159,
        173,
        68,
        36,
        181,
        224,
        222,
        138,
        50,
        128,
        143,
        71,
        113,
        0,
        122,
        107,
        179,
        51,
        232,
        44,
        166,
        227,
        111,
        212,
        99,
        128,
        67,
        94,
        127,
        4,
        24,
        0,
        81,
        239,
        26,
        186,
        208,
        92,
        124,
        197,
        0,
        0,
        0,
        0,
        73,
        69,
        78,
        68,
        174,
        66,
        96,
        130
      ]
    },
    "stat": {
      "dev": 16777220,
      "mode": 33188,
      "nlink": 1,
      "uid": 501,
      "gid": 20,
      "rdev": 0,
      "blksize": 4194304,
      "ino": 2088711,
      "size": 1676,
      "blocks": 8,
      "atime": "2018-04-17T07:59:11.792Z",
      "mtime": "2018-03-22T08:50:41.023Z",
      "ctime": "2018-03-22T08:50:41.023Z",
      "birthtime": "2018-03-22T08:50:41.023Z"
    },
    "history": [
      "/Users/jiangheng/Desktop/work-code/xxd-h5/src/mods/mypurse/imgs/record_icon@2x.png"
    ],
    "path": "/Users/jiangheng/Desktop/work-code/xxd-h5/src/mods/mypurse/imgs/record_icon@2x.png",
    "gulpCache$filePathChangedInsideTask": false,
    "gulpCache$fileBaseChangedInsideTask": false,
    "gulpCache$originalPath": "/Users/jiangheng/Desktop/work-code/xxd-h5/src/mods/mypurse/imgs/record_icon@2x.png",
    "gulpCache$originalBase": "/Users/jiangheng/Desktop/work-code/xxd-h5/src/mods/"
  }
]