[
  {
    "cwd": "/Users/jiangheng/Desktop/work-code/xxd-h5",
    "base": "/Users/jiangheng/Desktop/work-code/xxd-h5/src/mods/",
    "contents": {
      "type": "Buffer",
      "data": [
        137,
        80,
        78,
        71,
        13,
        10,
        26,
        10,
        0,
        0,
        0,
        13,
        73,
        72,
        68,
        82,
        0,
        0,
        0,
        58,
        0,
        0,
        0,
        54,
        8,
        6,
        0,
        0,
        0,
        150,
        121,
        138,
        83,
        0,
        0,
        4,
        23,
        73,
        68,
        65,
        84,
        120,
        218,
        220,
        154,
        123,
        104,
        141,
        97,
        28,
        199,
        191,
        27,
        33,
        204,
        45,
        127,
        80,
        46,
        185,
        140,
        197,
        230,
        126,
        251,
        3,
        99,
        68,
        115,
        77,
        40,
        151,
        19,
        33,
        202,
        37,
        228,
        86,
        155,
        152,
        91,
        166,
        89,
        46,
        43,
        151,
        76,
        106,
        136,
        114,
        167,
        72,
        44,
        215,
        72,
        212,
        132,
        140,
        149,
        101,
        104,
        238,
        107,
        115,
        153,
        24,
        118,
        124,
        127,
        157,
        231,
        56,
        206,
        222,
        247,
        61,
        118,
        118,
        222,
        179,
        115,
        246,
        124,
        235,
        91,
        59,
        231,
        121,
        222,
        189,
        251,
        236,
        60,
        151,
        223,
        247,
        61,
        79,
        132,
        51,
        110,
        236,
        68,
        0,
        71,
        232,
        58,
        208,
        88,
        145,
        244,
        73,
        122,
        12,
        93,
        170,
        59,
        168,
        232,
        50,
        61,
        156,
        46,
        214,
        29,
        84,
        116,
        135,
        142,
        167,
        223,
        234,
        14,
        42,
        122,
        68,
        15,
        164,
        159,
        235,
        14,
        42,
        202,
        87,
        176,
        143,
        107,
        20,
        73,
        68,
        4,
        48,
        122,
        8,
        208,
        174,
        85,
        165,
        65,
        69,
        175,
        213,
        48,
        190,
        91,
        35,
        32,
        155,
        52,
        2,
        118,
        173,
        5,
        82,
        151,
        1,
        191,
        127,
        251,
        5,
        42,
        42,
        162,
        135,
        209,
        87,
        194,
        26,
        178,
        67,
        107,
        224,
        216,
        14,
        142,
        193,
        222,
        174,
        215,
        239,
        138,
        252,
        6,
        21,
        125,
        165,
        71,
        209,
        103,
        195,
        18,
        50,
        174,
        19,
        112,
        48,
        13,
        104,
        209,
        220,
        245,
        250,
        251,
        15,
        224,
        71,
        89,
        149,
        64,
        69,
        188,
        26,
        82,
        84,
        100,
        133,
        21,
        100,
        199,
        182,
        28,
        174,
        41,
        64,
        84,
        3,
        207,
        123,
        37,
        95,
        252,
        90,
        140,
        204,
        36,
        3,
        127,
        22,
        189,
        51,
        44,
        32,
        155,
        55,
        5,
        118,
        19,
        178,
        73,
        148,
        247,
        251,
        229,
        229,
        1,
        131,
        138,
        156,
        244,
        82,
        122,
        93,
        72,
        33,
        107,
        215,
        2,
        182,
        39,
        121,
        134,
        107,
        197,
        69,
        201,
        6,
        80,
        183,
        214,
        211,
        75,
        20,
        120,
        245,
        107,
        201,
        76,
        160,
        123,
        140,
        121,
        91,
        253,
        122,
        64,
        171,
        22,
        182,
        129,
        138,
        50,
        104,
        222,
        17,
        191,
        170,
        21,
        178,
        87,
        87,
        96,
        198,
        120,
        223,
        125,
        6,
        247,
        177,
        21,
        84,
        116,
        136,
        158,
        36,
        107,
        93,
        181,
        64,
        214,
        171,
        11,
        108,
        88,
        236,
        42,
        12,
        172,
        116,
        249,
        22,
        144,
        147,
        107,
        62,
        226,
        3,
        188,
        253,
        217,
        127,
        182,
        159,
        168,
        192,
        235,
        52,
        66,
        148,
        91,
        204,
        136,
        5,
        83,
        129,
        54,
        45,
        205,
        219,
        190,
        48,
        120,
        173,
        222,
        14,
        92,
        187,
        107,
        235,
        28,
        173,
        168,
        171,
        170,
        176,
        40,
        10,
        232,
        183,
        244,
        224,
        188,
        59,
        206,
        25,
        17,
        211,
        222,
        216,
        38,
        128,
        14,
        139,
        33,
        251,
        158,
        183,
        157,
        182,
        194,
        39,
        164,
        93,
        160,
        162,
        123,
        50,
        59,
        232,
        66,
        191,
        175,
        108,
        212,
        16,
        72,
        89,
        232,
        218,
        248,
        163,
        185,
        55,
        206,
        159,
        106,
        236,
        179,
        114,
        142,
        107,
        181,
        173,
        168,
        87,
        12,
        90,
        142,
        149,
        192,
        139,
        255,
        223,
        54,
        210,
        198,
        89,
        148,
        171,
        194,
        192,
        179,
        74,
        95,
        33,
        69,
        248,
        185,
        61,
        44,
        71,
        70,
        122,
        222,
        27,
        218,
        223,
        251,
        83,
        149,
        5,
        40,
        190,
        159,
        241,
        218,
        55,
        31,
        128,
        217,
        201,
        12,
        149,
        31,
        171,
        156,
        94,
        2,
        81,
        1,
        61,
        136,
        126,
        232,
        179,
        151,
        12,
        197,
        204,
        141,
        174,
        34,
        188,
        89,
        99,
        99,
        251,
        194,
        233,
        158,
        159,
        23,
        77,
        55,
        182,
        151,
        124,
        6,
        230,
        174,
        97,
        93,
        251,
        177,
        242,
        211,
        63,
        8,
        235,
        163,
        4,
        119,
        126,
        84,
        184,
        109,
        217,
        227,
        39,
        119,
        165,
        252,
        87,
        150,
        73,
        3,
        241,
        125,
        129,
        110,
        157,
        129,
        158,
        93,
        128,
        62,
        177,
        222,
        109,
        101,
        63,
        9,
        207,
        127,
        210,
        203,
        215,
        254,
        165,
        56,
        103,
        220,
        216,
        96,
        109,
        8,
        82,
        132,
        158,
        162,
        71,
        88,
        246,
        104,
        207,
        228,
        177,
        137,
        197,
        86,
        108,
        180,
        177,
        237,
        118,
        14,
        55,
        46,
        22,
        232,
        9,
        3,
        188,
        223,
        79,
        218,
        6,
        156,
        191,
        230,
        127,
        92,
        13,
        34,
        168,
        72,
        158,
        44,
        30,
        166,
        39,
        91,
        246,
        168,
        197,
        69,
        102,
        57,
        203,
        104,
        199,
        56,
        147,
        162,
        211,
        233,
        189,
        111,
        30,
        60,
        3,
        164,
        31,
        176,
        237,
        9,
        131,
        157,
        146,
        204,
        36,
        203,
        232,
        126,
        235,
        184,
        192,
        225,
        155,
        198,
        230,
        148,
        12,
        99,
        81,
        254,
        47,
        228,
        253,
        39,
        192,
        142,
        170,
        7,
        168,
        96,
        131,
        186,
        147,
        207,
        60,
        58,
        221,
        103,
        175,
        211,
        217,
        140,
        12,
        155,
        89,
        84,
        154,
        204,
        219,
        79,
        140,
        95,
        171,
        182,
        154,
        183,
        133,
        17,
        168,
        59,
        249,
        112,
        195,
        67,
        178,
        207,
        94,
        178,
        233,
        47,
        75,
        53,
        2,
        165,
        238,
        243,
        107,
        133,
        13,
        37,
        232,
        223,
        63,
        153,
        158,
        47,
        201,
        209,
        39,
        108,
        242,
        54,
        79,
        41,
        152,
        205,
        197,
        251,
        194,
        245,
        192,
        171,
        203,
        16,
        4,
        173,
        189,
        180,
        67,
        54,
        25,
        203,
        30,
        23,
        111,
        50,
        226,
        103,
        185,
        30,
        141,
        108,
        201,
        180,
        229,
        166,
        193,
        94,
        117,
        125,
        214,
        69,
        244,
        49,
        73,
        145,
        150,
        61,
        36,
        119,
        62,
        120,
        106,
        203,
        205,
        34,
        17,
        58,
        157,
        167,
        19,
        101,
        169,
        177,
        236,
        97,
        19,
        100,
        168,
        65,
        69,
        55,
        232,
        4,
        201,
        32,
        193,
        190,
        81,
        168,
        65,
        69,
        57,
        42,
        249,
        188,
        212,
        29,
        84,
        148,
        167,
        194,
        64,
        158,
        238,
        160,
        80,
        159,
        232,
        96,
        245,
        9,
        107,
        13,
        10,
        53,
        87,
        19,
        212,
        220,
        213,
        26,
        20,
        106,
        21,
        78,
        84,
        171,
        178,
        214,
        160,
        162,
        111,
        244,
        4,
        250,
        168,
        238,
        160,
        80,
        149,
        147,
        67,
        85,
        82,
        90,
        131,
        66,
        213,
        196,
        82,
        27,
        111,
        214,
        29,
        212,
        173,
        213,
        42,
        253,
        56,
        117,
        7,
        133,
        202,
        179,
        243,
        84,
        190,
        213,
        26,
        20,
        234,
        73,
        197,
        20,
        245,
        228,
        66,
        107,
        80,
        209,
        9,
        90,
        34,
        87,
        169,
        238,
        160,
        162,
        75,
        112,
        61,
        93,
        44,
        214,
        29,
        84,
        36,
        207,
        141,
        135,
        160,
        146,
        7,
        192,
        106,
        50,
        168,
        232,
        161,
        10,
        3,
        5,
        186,
        131,
        138,
        228,
        187,
        30,
        249,
        206,
        39,
        87,
        119,
        80,
        81,
        161,
        74,
        62,
        247,
        116,
        7,
        21,
        185,
        15,
        128,
        93,
        213,
        29,
        84,
        36,
        7,
        141,
        76,
        15,
        128,
        233,
        6,
        42,
        146,
        51,
        21,
        114,
        182,
        226,
        144,
        238,
        160,
        34,
        57,
        45,
        35,
        167,
        102,
        50,
        116,
        7,
        133,
        10,
        0,
        114,
        30,
        74,
        206,
        69,
        5,
        124,
        42,
        165,
        38,
        104,
        157,
        84,
        80,
        127,
        4,
        24,
        0,
        202,
        216,
        243,
        231,
        27,
        187,
        23,
        66,
        0,
        0,
        0,
        0,
        73,
        69,
        78,
        68,
        174,
        66,
        96,
        130
      ]
    },
    "stat": {
      "dev": 16777220,
      "mode": 33188,
      "nlink": 1,
      "uid": 501,
      "gid": 20,
      "rdev": 0,
      "blksize": 4194304,
      "ino": 2088805,
      "size": 1961,
      "blocks": 8,
      "atime": "2018-04-17T07:59:11.795Z",
      "mtime": "2018-03-22T08:50:41.046Z",
      "ctime": "2018-03-22T08:50:41.046Z",
      "birthtime": "2018-03-22T08:50:41.046Z"
    },
    "history": [
      "/Users/jiangheng/Desktop/work-code/xxd-h5/src/mods/product/imgs/checked_red@2x.png"
    ],
    "path": "/Users/jiangheng/Desktop/work-code/xxd-h5/src/mods/product/imgs/checked_red@2x.png",
    "gulpCache$filePathChangedInsideTask": false,
    "gulpCache$fileBaseChangedInsideTask": false,
    "gulpCache$originalPath": "/Users/jiangheng/Desktop/work-code/xxd-h5/src/mods/product/imgs/checked_red@2x.png",
    "gulpCache$originalBase": "/Users/jiangheng/Desktop/work-code/xxd-h5/src/mods/"
  }
]