[
  {
    "cwd": "/Users/jiangheng/Desktop/work-code/xxd-h5",
    "base": "/Users/jiangheng/Desktop/work-code/xxd-h5/src/mods/",
    "contents": {
      "type": "Buffer",
      "data": [
        137,
        80,
        78,
        71,
        13,
        10,
        26,
        10,
        0,
        0,
        0,
        13,
        73,
        72,
        68,
        82,
        0,
        0,
        0,
        36,
        0,
        0,
        0,
        36,
        8,
        6,
        0,
        0,
        0,
        225,
        0,
        152,
        152,
        0,
        0,
        3,
        96,
        73,
        68,
        65,
        84,
        120,
        218,
        204,
        152,
        111,
        104,
        141,
        81,
        28,
        199,
        119,
        255,
        24,
        186,
        187,
        214,
        100,
        150,
        252,
        121,
        193,
        66,
        44,
        33,
        218,
        11,
        249,
        19,
        194,
        68,
        202,
        223,
        76,
        97,
        148,
        240,
        74,
        121,
        193,
        10,
        197,
        139,
        165,
        8,
        47,
        88,
        17,
        178,
        213,
        149,
        23,
        52,
        98,
        97,
        100,
        94,
        216,
        139,
        203,
        46,
        101,
        22,
        217,
        150,
        180,
        38,
        33,
        102,
        182,
        112,
        135,
        235,
        251,
        211,
        247,
        169,
        103,
        199,
        179,
        243,
        156,
        187,
        237,
        254,
        57,
        245,
        189,
        231,
        185,
        231,
        121,
        206,
        57,
        159,
        231,
        156,
        223,
        239,
        252,
        126,
        247,
        122,
        98,
        177,
        88,
        70,
        58,
        21,
        191,
        253,
        75,
        87,
        102,
        32,
        27,
        213,
        114,
        40,
        47,
        73,
        243,
        255,
        130,
        94,
        67,
        247,
        3,
        209,
        174,
        63,
        210,
        224,
        177,
        86,
        8,
        48,
        243,
        81,
        85,
        65,
        57,
        41,
        88,
        152,
        48,
        84,
        4,
        168,
        47,
        255,
        128,
        0,
        19,
        64,
        195,
        27,
        40,
        23,
        250,
        14,
        53,
        65,
        201,
        216,
        203,
        193,
        208,
        100,
        94,
        87,
        0,
        104,
        171,
        5,
        180,
        20,
        13,
        119,
        160,
        223,
        208,
        36,
        220,
        104,
        49,
        29,
        17,
        125,
        251,
        11,
        181,
        23,
        58,
        14,
        117,
        98,
        222,
        160,
        151,
        141,
        163,
        88,
        183,
        197,
        3,
        51,
        64,
        37,
        194,
        58,
        75,
        62,
        188,
        202,
        205,
        148,
        187,
        156,
        55,
        35,
        205,
        74,
        218,
        1,
        249,
        19,
        56,
        246,
        16,
        202,
        169,
        116,
        242,
        12,
        74,
        26,
        208,
        98,
        232,
        182,
        102,
        252,
        79,
        208,
        20,
        232,
        99,
        178,
        182,
        108,
        132,
        203,
        203,
        202,
        253,
        169,
        201,
        92,
        161,
        43,
        116,
        103,
        235,
        144,
        242,
        65,
        23,
        161,
        105,
        169,
        180,
        161,
        38,
        219,
        245,
        121,
        5,
        70,
        226,
        214,
        231,
        1,
        241,
        50,
        156,
        204,
        27,
        161,
        194,
        56,
        186,
        28,
        134,
        182,
        243,
        250,
        36,
        97,
        54,
        67,
        207,
        217,
        38,
        193,
        181,
        173,
        79,
        64,
        12,
        49,
        21,
        80,
        45,
        174,
        151,
        24,
        116,
        217,
        9,
        29,
        226,
        245,
        101,
        134,
        9,
        129,
        9,
        89,
        15,
        32,
        50,
        188,
        67,
        181,
        192,
        130,
        242,
        198,
        1,
        51,
        11,
        213,
        53,
        104,
        16,
        52,
        20,
        186,
        133,
        182,
        117,
        154,
        46,
        171,
        161,
        51,
        188,
        190,
        7,
        149,
        48,
        18,
        132,
        212,
        7,
        1,
        213,
        140,
        106,
        142,
        49,
        16,
        38,
        206,
        167,
        27,
        7,
        248,
        38,
        175,
        8,
        38,
        198,
        187,
        195,
        161,
        203,
        92,
        78,
        44,
        227,
        63,
        133,
        214,
        64,
        81,
        221,
        28,
        128,
        122,
        107,
        4,
        4,
        24,
        73,
        214,
        238,
        210,
        85,
        219,
        33,
        217,
        182,
        121,
        80,
        61,
        251,
        159,
        133,
        74,
        109,
        93,
        10,
        160,
        155,
        60,
        20,
        37,
        80,
        23,
        65,
        223,
        148,
        97,
        243,
        8,
        233,
        139,
        203,
        168,
        1,
        51,
        140,
        43,
        51,
        158,
        121,
        210,
        74,
        188,
        73,
        35,
        36,
        7,
        218,
        34,
        177,
        37,
        62,
        90,
        198,
        20,
        98,
        28,
        211,
        152,
        108,
        30,
        122,
        203,
        160,
        15,
        202,
        176,
        99,
        160,
        58,
        232,
        42,
        84,
        137,
        57,
        124,
        70,
        64,
        120,
        48,
        147,
        54,
        51,
        131,
        158,
        177,
        9,
        32,
        143,
        108,
        75,
        220,
        193,
        183,
        191,
        110,
        203,
        107,
        26,
        161,
        209,
        12,
        13,
        114,
        175,
        217,
        1,
        230,
        33,
        52,
        129,
        246,
        84,
        172,
        66,
        233,
        86,
        104,
        15,
        67,
        128,
        148,
        93,
        0,
        168,
        114,
        216,
        247,
        159,
        168,
        214,
        66,
        151,
        108,
        57,
        77,
        55,
        183,
        35,
        162,
        129,
        145,
        45,
        157,
        205,
        16,
        210,
        3,
        74,
        7,
        244,
        146,
        203,
        94,
        138,
        137,
        207,
        105,
        158,
        147,
        44,
        115,
        27,
        116,
        130,
        223,
        197,
        155,
        106,
        92,
        96,
        214,
        67,
        226,
        238,
        11,
        85,
        40,
        191,
        198,
        234,
        165,
        227,
        72,
        195,
        83,
        33,
        198,
        45,
        19,
        175,
        123,
        226,
        2,
        35,
        43,
        122,
        0,
        58,
        8,
        237,
        166,
        187,
        215,
        19,
        170,
        206,
        175,
        177,
        161,
        137,
        168,
        142,
        104,
        82,
        8,
        167,
        82,
        102,
        0,
        19,
        229,
        175,
        12,
        177,
        203,
        114,
        232,
        6,
        20,
        164,
        211,
        68,
        116,
        177,
        76,
        78,
        212,
        13,
        113,
        192,
        136,
        235,
        63,
        54,
        128,
        145,
        82,
        205,
        241,
        43,
        161,
        85,
        132,
        89,
        129,
        93,
        9,
        235,
        128,
        78,
        51,
        248,
        154,
        172,
        80,
        3,
        116,
        193,
        16,
        198,
        42,
        33,
        58,
        192,
        126,
        217,
        110,
        192,
        212,
        106,
        163,
        61,
        30,
        120,
        207,
        135,
        227,
        253,
        25,
        228,
        6,
        227,
        129,
        78,
        113,
        245,
        11,
        49,
        207,
        204,
        68,
        166,
        31,
        38,
        48,
        229,
        12,
        186,
        29,
        180,
        163,
        132,
        101,
        140,
        89,
        6,
        219,
        116,
        204,
        6,
        35,
        217,
        66,
        107,
        34,
        129,
        242,
        9,
        243,
        130,
        231,
        140,
        10,
        115,
        148,
        71,
        131,
        5,
        19,
        214,
        37,
        104,
        63,
        88,
        7,
        97,
        19,
        158,
        126,
        130,
        181,
        216,
        198,
        179,
        195,
        236,
        115,
        131,
        177,
        219,
        80,
        3,
        235,
        225,
        146,
        195,
        0,
        170,
        198,
        101,
        210,
        106,
        24,
        99,
        183,
        33,
        160,
        49,
        140,
        250,
        119,
        76,
        136,
        167,
        165,
        73,
        201,
        1,
        80,
        187,
        226,
        101,
        211,
        161,
        103,
        180,
        139,
        7,
        108,
        203,
        229,
        255,
        77,
        189,
        194,
        96,
        156,
        94,
        147,
        252,
        18,
        38,
        230,
        197,
        6,
        33,
        195,
        233,
        63,
        128,
        175,
        172,
        199,
        66,
        91,
        108,
        237,
        70,
        43,
        243,
        223,
        10,
        245,
        181,
        40,
        231,
        80,
        1,
        19,
        57,
        213,
        166,
        90,
        53,
        231,
        93,
        143,
        239,
        127,
        5,
        24,
        0,
        121,
        117,
        34,
        249,
        7,
        220,
        206,
        169,
        0,
        0,
        0,
        0,
        73,
        69,
        78,
        68,
        174,
        66,
        96,
        130
      ]
    },
    "stat": {
      "dev": 16777220,
      "mode": 33188,
      "nlink": 1,
      "uid": 501,
      "gid": 20,
      "rdev": 0,
      "blksize": 4194304,
      "ino": 2088786,
      "size": 1778,
      "blocks": 8,
      "atime": "2018-04-17T07:59:11.794Z",
      "mtime": "2018-03-22T08:50:41.042Z",
      "ctime": "2018-03-22T08:50:41.042Z",
      "birthtime": "2018-03-22T08:50:41.042Z"
    },
    "history": [
      "/Users/jiangheng/Desktop/work-code/xxd-h5/src/mods/personal/imgs/graph_icon@3x.png"
    ],
    "path": "/Users/jiangheng/Desktop/work-code/xxd-h5/src/mods/personal/imgs/graph_icon@3x.png",
    "gulpCache$filePathChangedInsideTask": false,
    "gulpCache$fileBaseChangedInsideTask": false,
    "gulpCache$originalPath": "/Users/jiangheng/Desktop/work-code/xxd-h5/src/mods/personal/imgs/graph_icon@3x.png",
    "gulpCache$originalBase": "/Users/jiangheng/Desktop/work-code/xxd-h5/src/mods/"
  }
]