[
  {
    "cwd": "/Users/jiangheng/Desktop/work-code/xxd-h5",
    "base": "/Users/jiangheng/Desktop/work-code/xxd-h5/src/mods/",
    "contents": {
      "type": "Buffer",
      "data": [
        60,
        33,
        68,
        79,
        67,
        84,
        89,
        80,
        69,
        32,
        104,
        116,
        109,
        108,
        62,
        10,
        60,
        104,
        116,
        109,
        108,
        32,
        108,
        97,
        110,
        103,
        61,
        34,
        101,
        110,
        34,
        62,
        10,
        60,
        104,
        101,
        97,
        100,
        62,
        10,
        32,
        32,
        32,
        32,
        60,
        109,
        101,
        116,
        97,
        32,
        99,
        104,
        97,
        114,
        115,
        101,
        116,
        61,
        34,
        85,
        84,
        70,
        45,
        56,
        34,
        62,
        10,
        32,
        32,
        32,
        32,
        60,
        109,
        101,
        116,
        97,
        32,
        99,
        111,
        110,
        116,
        101,
        110,
        116,
        61,
        34,
        119,
        105,
        100,
        116,
        104,
        61,
        100,
        101,
        118,
        105,
        99,
        101,
        45,
        119,
        105,
        100,
        116,
        104,
        44,
        32,
        105,
        110,
        105,
        116,
        105,
        97,
        108,
        45,
        115,
        99,
        97,
        108,
        101,
        61,
        49,
        46,
        48,
        44,
        32,
        109,
        97,
        120,
        105,
        109,
        117,
        109,
        45,
        115,
        99,
        97,
        108,
        101,
        61,
        49,
        46,
        48,
        44,
        32,
        117,
        115,
        101,
        114,
        45,
        115,
        99,
        97,
        108,
        97,
        98,
        108,
        101,
        61,
        48,
        59,
        34,
        32,
        110,
        97,
        109,
        101,
        61,
        34,
        118,
        105,
        101,
        119,
        112,
        111,
        114,
        116,
        34,
        47,
        62,
        10,
        32,
        32,
        32,
        32,
        60,
        116,
        105,
        116,
        108,
        101,
        62,
        230,
        150,
        176,
        230,
        150,
        176,
        232,
        180,
        183,
        45,
        233,
        163,
        142,
        233,
        153,
        169,
        232,
        175,
        132,
        230,
        181,
        139,
        60,
        47,
        116,
        105,
        116,
        108,
        101,
        62,
        10,
        32,
        32,
        32,
        32,
        60,
        108,
        105,
        110,
        107,
        32,
        114,
        101,
        108,
        61,
        34,
        115,
        116,
        121,
        108,
        101,
        115,
        104,
        101,
        101,
        116,
        34,
        32,
        104,
        114,
        101,
        102,
        61,
        34,
        46,
        46,
        47,
        99,
        115,
        115,
        47,
        98,
        97,
        115,
        101,
        46,
        99,
        115,
        115,
        34,
        62,
        10,
        32,
        32,
        32,
        32,
        60,
        108,
        105,
        110,
        107,
        32,
        114,
        101,
        108,
        61,
        34,
        115,
        116,
        121,
        108,
        101,
        115,
        104,
        101,
        101,
        116,
        34,
        32,
        104,
        114,
        101,
        102,
        61,
        34,
        105,
        110,
        100,
        101,
        120,
        46,
        99,
        115,
        115,
        34,
        62,
        10,
        32,
        32,
        32,
        32,
        60,
        115,
        99,
        114,
        105,
        112,
        116,
        32,
        115,
        114,
        99,
        61,
        34,
        46,
        46,
        47,
        98,
        97,
        115,
        101,
        46,
        106,
        115,
        34,
        62,
        60,
        47,
        115,
        99,
        114,
        105,
        112,
        116,
        62,
        10,
        60,
        47,
        104,
        101,
        97,
        100,
        62,
        10,
        60,
        98,
        111,
        100,
        121,
        62,
        10,
        60,
        100,
        105,
        118,
        32,
        99,
        108,
        97,
        115,
        115,
        61,
        34,
        114,
        105,
        115,
        107,
        45,
        98,
        111,
        120,
        32,
        112,
        111,
        115,
        105,
        116,
        105,
        111,
        110,
        45,
        97,
        34,
        62,
        10,
        32,
        32,
        32,
        32,
        60,
        100,
        105,
        118,
        32,
        99,
        108,
        97,
        115,
        115,
        61,
        34,
        99,
        111,
        109,
        109,
        111,
        110,
        45,
        104,
        101,
        97,
        100,
        101,
        114,
        32,
        114,
        105,
        115,
        107,
        45,
        104,
        101,
        97,
        100,
        101,
        114,
        34,
        62,
        10,
        32,
        32,
        32,
        32,
        32,
        32,
        32,
        32,
        60,
        97,
        32,
        104,
        114,
        101,
        102,
        61,
        34,
        35,
        34,
        32,
        99,
        108,
        97,
        115,
        115,
        61,
        34,
        97,
        114,
        114,
        111,
        119,
        45,
        108,
        101,
        102,
        116,
        45,
        105,
        99,
        111,
        110,
        32,
        104,
        101,
        97,
        100,
        101,
        114,
        45,
        108,
        101,
        102,
        116,
        45,
        97,
        114,
        114,
        111,
        119,
        34,
        62,
        60,
        47,
        97,
        62,
        10,
        32,
        32,
        32,
        32,
        32,
        32,
        32,
        32,
        60,
        100,
        105,
        118,
        32,
        99,
        108,
        97,
        115,
        115,
        61,
        34,
        99,
        111,
        109,
        109,
        111,
        110,
        45,
        104,
        101,
        97,
        100,
        101,
        114,
        45,
        116,
        105,
        116,
        34,
        62,
        233,
        163,
        142,
        233,
        153,
        169,
        232,
        175,
        132,
        230,
        181,
        139,
        60,
        47,
        100,
        105,
        118,
        62,
        10,
        32,
        32,
        32,
        32,
        60,
        47,
        100,
        105,
        118,
        62,
        10,
        32,
        32,
        32,
        32,
        60,
        33,
        45,
        45,
        99,
        111,
        110,
        116,
        101,
        110,
        116,
        45,
        45,
        62,
        10,
        32,
        32,
        32,
        32,
        60,
        100,
        105,
        118,
        32,
        99,
        108,
        97,
        115,
        115,
        61,
        34,
        114,
        105,
        115,
        107,
        45,
        99,
        111,
        110,
        116,
        97,
        105,
        110,
        101,
        114,
        32,
        112,
        111,
        115,
        105,
        116,
        105,
        111,
        110,
        45,
        97,
        34,
        62,
        10,
        32,
        32,
        32,
        32,
        32,
        32,
        32,
        32,
        60,
        100,
        105,
        118,
        32,
        99,
        108,
        97,
        115,
        115,
        61,
        34,
        114,
        105,
        115,
        107,
        45,
        116,
        105,
        112,
        115,
        34,
        62,
        230,
        130,
        168,
        231,
        155,
        174,
        229,
        137,
        141,
        229,
        176,
        154,
        230,
        156,
        170,
        229,
        174,
        140,
        230,
        136,
        144,
        233,
        163,
        142,
        233,
        153,
        169,
        232,
        175,
        132,
        228,
        188,
        176,
        230,
        181,
        139,
        232,
        175,
        149,
        239,
        188,
        140,
        229,
        174,
        140,
        230,
        136,
        144,
        232,
        175,
        165,
        230,
        181,
        139,
        232,
        175,
        149,
        230,
        156,
        137,
        229,
        136,
        169,
        228,
        186,
        142,
        229,
        136,
        164,
        230,
        150,
        173,
        230,
        130,
        168,
        231,
        154,
        132,
        229,
        138,
        160,
        229,
        133,
        165,
        233,
        163,
        142,
        233,
        153,
        169,
        230,
        137,
        191,
        229,
        143,
        151,
        232,
        131,
        189,
        229,
        138,
        155,
        227,
        128,
        130,
        60,
        47,
        100,
        105,
        118,
        62,
        10,
        32,
        32,
        32,
        32,
        32,
        32,
        32,
        32,
        60,
        100,
        105,
        118,
        32,
        99,
        108,
        97,
        115,
        115,
        61,
        34,
        114,
        97,
        116,
        105,
        110,
        103,
        45,
        108,
        105,
        115,
        116,
        45,
        119,
        114,
        97,
        112,
        112,
        101,
        114,
        34,
        62,
        10,
        32,
        32,
        32,
        32,
        32,
        32,
        32,
        32,
        32,
        32,
        32,
        32,
        60,
        100,
        105,
        118,
        32,
        99,
        108,
        97,
        115,
        115,
        61,
        34,
        113,
        117,
        101,
        115,
        116,
        105,
        111,
        110,
        45,
        119,
        114,
        97,
        112,
        112,
        101,
        114,
        34,
        62,
        10,
        32,
        32,
        32,
        32,
        32,
        32,
        32,
        32,
        32,
        32,
        32,
        32,
        32,
        32,
        32,
        32,
        60,
        112,
        32,
        99,
        108,
        97,
        115,
        115,
        61,
        34,
        113,
        117,
        101,
        115,
        116,
        105,
        111,
        110,
        45,
        116,
        120,
        116,
        34,
        62,
        49,
        32,
        46,
        230,
        130,
        168,
        231,
        155,
        174,
        229,
        137,
        141,
        231,
        154,
        132,
        229,
        176,
        177,
        228,
        184,
        154,
        231,
        138,
        182,
        229,
        134,
        181,
        229,
        166,
        130,
        228,
        189,
        149,
        239,
        188,
        159,
        60,
        47,
        112,
        62,
        10,
        32,
        32,
        32,
        32,
        32,
        32,
        32,
        32,
        32,
        32,
        32,
        32,
        32,
        32,
        32,
        32,
        60,
        117,
        108,
        32,
        99,
        108,
        97,
        115,
        115,
        61,
        34,
        97,
        110,
        115,
        119,
        101,
        114,
        45,
        108,
        105,
        115,
        116,
        34,
        62,
        10,
        32,
        32,
        32,
        32,
        32,
        32,
        32,
        32,
        32,
        32,
        32,
        32,
        32,
        32,
        32,
        32,
        32,
        32,
        32,
        32,
        60,
        108,
        105,
        32,
        99,
        108,
        97,
        115,
        115,
        61,
        34,
        97,
        110,
        115,
        119,
        101,
        114,
        45,
        108,
        105,
        34,
        62,
        10,
        32,
        32,
        32,
        32,
        32,
        32,
        32,
        32,
        32,
        32,
        32,
        32,
        32,
        32,
        32,
        32,
        32,
        32,
        32,
        32,
        32,
        32,
        32,
        32,
        60,
        108,
        97,
        98,
        101,
        108,
        32,
        102,
        111,
        114,
        61,
        34,
        34,
        62,
        60,
        115,
        112,
        97,
        110,
        32,
        99,
        108,
        97,
        115,
        115,
        61,
        34,
        114,
        97,
        100,
        105,
        111,
        32,
        99,
        104,
        101,
        99,
        107,
        101,
        100,
        34,
        62,
        60,
        47,
        115,
        112,
        97,
        110,
        62,
        60,
        105,
        110,
        112,
        117,
        116,
        32,
        116,
        121,
        112,
        101,
        61,
        34,
        114,
        97,
        100,
        105,
        111,
        34,
        32,
        110,
        97,
        109,
        101,
        61,
        34,
        97,
        110,
        115,
        119,
        101,
        114,
        34,
        32,
        99,
        104,
        101,
        99,
        107,
        101,
        100,
        62,
        60,
        47,
        108,
        97,
        98,
        101,
        108,
        62,
        10,
        32,
        32,
        32,
        32,
        32,
        32,
        32,
        32,
        32,
        32,
        32,
        32,
        32,
        32,
        32,
        32,
        32,
        32,
        32,
        32,
        32,
        32,
        32,
        32,
        60,
        112,
        32,
        99,
        108,
        97,
        115,
        115,
        61,
        34,
        97,
        110,
        115,
        119,
        101,
        114,
        45,
        116,
        120,
        116,
        34,
        62,
        65,
        46,
        229,
        155,
        186,
        229,
        174,
        154,
        232,
        129,
        140,
        228,
        184,
        154,
        239,
        188,
        140,
        230,
        148,
        182,
        229,
        133,
        165,
        231,
        168,
        179,
        229,
        174,
        154,
        239,
        188,
        140,
        229,
        143,
        152,
        229,
        140,
        150,
        228,
        184,
        141,
        229,
        164,
        167,
        60,
        47,
        112,
        62,
        10,
        32,
        32,
        32,
        32,
        32,
        32,
        32,
        32,
        32,
        32,
        32,
        32,
        32,
        32,
        32,
        32,
        32,
        32,
        32,
        32,
        60,
        47,
        108,
        105,
        62,
        10,
        32,
        32,
        32,
        32,
        32,
        32,
        32,
        32,
        32,
        32,
        32,
        32,
        32,
        32,
        32,
        32,
        32,
        32,
        32,
        32,
        60,
        108,
        105,
        32,
        99,
        108,
        97,
        115,
        115,
        61,
        34,
        97,
        110,
        115,
        119,
        101,
        114,
        45,
        108,
        105,
        34,
        62,
        10,
        32,
        32,
        32,
        32,
        32,
        32,
        32,
        32,
        32,
        32,
        32,
        32,
        32,
        32,
        32,
        32,
        32,
        32,
        32,
        32,
        32,
        32,
        32,
        32,
        60,
        108,
        97,
        98,
        101,
        108,
        32,
        102,
        111,
        114,
        61,
        34,
        34,
        62,
        60,
        115,
        112,
        97,
        110,
        32,
        99,
        108,
        97,
        115,
        115,
        61,
        34,
        114,
        97,
        100,
        105,
        111,
        34,
        62,
        60,
        47,
        115,
        112,
        97,
        110,
        62,
        60,
        105,
        110,
        112,
        117,
        116,
        32,
        116,
        121,
        112,
        101,
        61,
        34,
        114,
        97,
        100,
        105,
        111,
        34,
        32,
        110,
        97,
        109,
        101,
        61,
        34,
        97,
        110,
        115,
        119,
        101,
        114,
        34,
        62,
        60,
        47,
        108,
        97,
        98,
        101,
        108,
        62,
        10,
        32,
        32,
        32,
        32,
        32,
        32,
        32,
        32,
        32,
        32,
        32,
        32,
        32,
        32,
        32,
        32,
        32,
        32,
        32,
        32,
        32,
        32,
        32,
        32,
        60,
        112,
        32,
        99,
        108,
        97,
        115,
        115,
        61,
        34,
        97,
        110,
        115,
        119,
        101,
        114,
        45,
        116,
        120,
        116,
        34,
        62,
        66,
        46,
        229,
        155,
        186,
        229,
        174,
        154,
        232,
        129,
        140,
        228,
        184,
        154,
        239,
        188,
        140,
        228,
        187,
        165,
        228,
        189,
        163,
        233,
        135,
        145,
        230,
        148,
        182,
        229,
        133,
        165,
        228,
        184,
        186,
        228,
        184,
        187,
        60,
        47,
        112,
        62,
        10,
        32,
        32,
        32,
        32,
        32,
        32,
        32,
        32,
        32,
        32,
        32,
        32,
        32,
        32,
        32,
        32,
        32,
        32,
        32,
        32,
        60,
        47,
        108,
        105,
        62,
        10,
        32,
        32,
        32,
        32,
        32,
        32,
        32,
        32,
        32,
        32,
        32,
        32,
        32,
        32,
        32,
        32,
        32,
        32,
        32,
        32,
        60,
        108,
        105,
        32,
        99,
        108,
        97,
        115,
        115,
        61,
        34,
        97,
        110,
        115,
        119,
        101,
        114,
        45,
        108,
        105,
        34,
        62,
        10,
        32,
        32,
        32,
        32,
        32,
        32,
        32,
        32,
        32,
        32,
        32,
        32,
        32,
        32,
        32,
        32,
        32,
        32,
        32,
        32,
        32,
        32,
        32,
        32,
        60,
        108,
        97,
        98,
        101,
        108,
        32,
        102,
        111,
        114,
        61,
        34,
        34,
        62,
        60,
        115,
        112,
        97,
        110,
        32,
        99,
        108,
        97,
        115,
        115,
        61,
        34,
        114,
        97,
        100,
        105,
        111,
        34,
        62,
        60,
        47,
        115,
        112,
        97,
        110,
        62,
        60,
        105,
        110,
        112,
        117,
        116,
        32,
        116,
        121,
        112,
        101,
        61,
        34,
        114,
        97,
        100,
        105,
        111,
        34,
        32,
        110,
        97,
        109,
        101,
        61,
        34,
        97,
        110,
        115,
        119,
        101,
        114,
        34,
        62,
        60,
        47,
        108,
        97,
        98,
        101,
        108,
        62,
        10,
        32,
        32,
        32,
        32,
        32,
        32,
        32,
        32,
        32,
        32,
        32,
        32,
        32,
        32,
        32,
        32,
        32,
        32,
        32,
        32,
        32,
        32,
        32,
        32,
        60,
        112,
        32,
        99,
        108,
        97,
        115,
        115,
        61,
        34,
        97,
        110,
        115,
        119,
        101,
        114,
        45,
        116,
        120,
        116,
        34,
        62,
        67,
        46,
        229,
        136,
        155,
        228,
        184,
        154,
        232,
        128,
        133,
        230,
        136,
        150,
        228,
        188,
        129,
        228,
        184,
        154,
        228,
        184,
        187,
        60,
        47,
        112,
        62,
        10,
        32,
        32,
        32,
        32,
        32,
        32,
        32,
        32,
        32,
        32,
        32,
        32,
        32,
        32,
        32,
        32,
        32,
        32,
        32,
        32,
        60,
        47,
        108,
        105,
        62,
        10,
        32,
        32,
        32,
        32,
        32,
        32,
        32,
        32,
        32,
        32,
        32,
        32,
        32,
        32,
        32,
        32,
        32,
        32,
        32,
        32,
        60,
        108,
        105,
        32,
        99,
        108,
        97,
        115,
        115,
        61,
        34,
        97,
        110,
        115,
        119,
        101,
        114,
        45,
        108,
        105,
        34,
        62,
        10,
        32,
        32,
        32,
        32,
        32,
        32,
        32,
        32,
        32,
        32,
        32,
        32,
        32,
        32,
        32,
        32,
        32,
        32,
        32,
        32,
        32,
        32,
        32,
        32,
        60,
        108,
        97,
        98,
        101,
        108,
        32,
        102,
        111,
        114,
        61,
        34,
        34,
        62,
        60,
        115,
        112,
        97,
        110,
        32,
        99,
        108,
        97,
        115,
        115,
        61,
        34,
        114,
        97,
        100,
        105,
        111,
        34,
        62,
        60,
        47,
        115,
        112,
        97,
        110,
        62,
        60,
        105,
        110,
        112,
        117,
        116,
        32,
        116,
        121,
        112,
        101,
        61,
        34,
        114,
        97,
        100,
        105,
        111,
        34,
        32,
        110,
        97,
        109,
        101,
        61,
        34,
        97,
        110,
        115,
        119,
        101,
        114,
        34,
        62,
        60,
        47,
        108,
        97,
        98,
        101,
        108,
        62,
        10,
        32,
        32,
        32,
        32,
        32,
        32,
        32,
        32,
        32,
        32,
        32,
        32,
        32,
        32,
        32,
        32,
        32,
        32,
        32,
        32,
        32,
        32,
        32,
        32,
        60,
        112,
        32,
        99,
        108,
        97,
        115,
        115,
        61,
        34,
        97,
        110,
        115,
        119,
        101,
        114,
        45,
        116,
        120,
        116,
        34,
        62,
        68,
        46,
        232,
        135,
        170,
        231,
        148,
        177,
        232,
        129,
        140,
        228,
        184,
        154,
        60,
        47,
        112,
        62,
        10,
        32,
        32,
        32,
        32,
        32,
        32,
        32,
        32,
        32,
        32,
        32,
        32,
        32,
        32,
        32,
        32,
        32,
        32,
        32,
        32,
        60,
        47,
        108,
        105,
        62,
        10,
        32,
        32,
        32,
        32,
        32,
        32,
        32,
        32,
        32,
        32,
        32,
        32,
        32,
        32,
        32,
        32,
        60,
        47,
        117,
        108,
        62,
        10,
        32,
        32,
        32,
        32,
        32,
        32,
        32,
        32,
        32,
        32,
        32,
        32,
        60,
        47,
        100,
        105,
        118,
        62,
        10,
        32,
        32,
        32,
        32,
        32,
        32,
        32,
        32,
        32,
        32,
        32,
        32,
        60,
        100,
        105,
        118,
        32,
        99,
        108,
        97,
        115,
        115,
        61,
        34,
        113,
        117,
        101,
        115,
        116,
        105,
        111,
        110,
        45,
        119,
        114,
        97,
        112,
        112,
        101,
        114,
        34,
        62,
        10,
        32,
        32,
        32,
        32,
        32,
        32,
        32,
        32,
        32,
        32,
        32,
        32,
        32,
        32,
        32,
        32,
        60,
        112,
        32,
        99,
        108,
        97,
        115,
        115,
        61,
        34,
        113,
        117,
        101,
        115,
        116,
        105,
        111,
        110,
        45,
        116,
        120,
        116,
        34,
        62,
        50,
        32,
        46,
        230,
        130,
        168,
        231,
        154,
        132,
        230,
        156,
        128,
        233,
        171,
        152,
        229,
        173,
        166,
        229,
        142,
        134,
        228,
        184,
        186,
        239,
        188,
        159,
        60,
        47,
        112,
        62,
        10,
        32,
        32,
        32,
        32,
        32,
        32,
        32,
        32,
        32,
        32,
        32,
        32,
        32,
        32,
        32,
        32,
        60,
        117,
        108,
        32,
        99,
        108,
        97,
        115,
        115,
        61,
        34,
        97,
        110,
        115,
        119,
        101,
        114,
        45,
        108,
        105,
        115,
        116,
        34,
        62,
        10,
        32,
        32,
        32,
        32,
        32,
        32,
        32,
        32,
        32,
        32,
        32,
        32,
        32,
        32,
        32,
        32,
        32,
        32,
        32,
        32,
        60,
        108,
        105,
        32,
        99,
        108,
        97,
        115,
        115,
        61,
        34,
        97,
        110,
        115,
        119,
        101,
        114,
        45,
        108,
        105,
        34,
        62,
        10,
        32,
        32,
        32,
        32,
        32,
        32,
        32,
        32,
        32,
        32,
        32,
        32,
        32,
        32,
        32,
        32,
        32,
        32,
        32,
        32,
        32,
        32,
        32,
        32,
        60,
        108,
        97,
        98,
        101,
        108,
        32,
        102,
        111,
        114,
        61,
        34,
        34,
        62,
        60,
        115,
        112,
        97,
        110,
        32,
        99,
        108,
        97,
        115,
        115,
        61,
        34,
        114,
        97,
        100,
        105,
        111,
        32,
        99,
        104,
        101,
        99,
        107,
        101,
        100,
        34,
        62,
        60,
        47,
        115,
        112,
        97,
        110,
        62,
        60,
        105,
        110,
        112,
        117,
        116,
        32,
        116,
        121,
        112,
        101,
        61,
        34,
        114,
        97,
        100,
        105,
        111,
        34,
        32,
        110,
        97,
        109,
        101,
        61,
        34,
        101,
        100,
        117,
        99,
        97,
        116,
        105,
        111,
        110,
        45,
        97,
        110,
        115,
        119,
        101,
        114,
        34,
        32,
        99,
        104,
        101,
        99,
        107,
        101,
        100,
        62,
        60,
        47,
        108,
        97,
        98,
        101,
        108,
        62,
        10,
        32,
        32,
        32,
        32,
        32,
        32,
        32,
        32,
        32,
        32,
        32,
        32,
        32,
        32,
        32,
        32,
        32,
        32,
        32,
        32,
        32,
        32,
        32,
        32,
        60,
        112,
        32,
        99,
        108,
        97,
        115,
        115,
        61,
        34,
        97,
        110,
        115,
        119,
        101,
        114,
        45,
        116,
        120,
        116,
        34,
        62,
        65,
        46,
        233,
        171,
        152,
        228,
        184,
        173,
        229,
        143,
        138,
        228,
        187,
        165,
        228,
        184,
        139,
        60,
        47,
        112,
        62,
        10,
        32,
        32,
        32,
        32,
        32,
        32,
        32,
        32,
        32,
        32,
        32,
        32,
        32,
        32,
        32,
        32,
        32,
        32,
        32,
        32,
        60,
        47,
        108,
        105,
        62,
        10,
        32,
        32,
        32,
        32,
        32,
        32,
        32,
        32,
        32,
        32,
        32,
        32,
        32,
        32,
        32,
        32,
        32,
        32,
        32,
        32,
        60,
        108,
        105,
        32,
        99,
        108,
        97,
        115,
        115,
        61,
        34,
        97,
        110,
        115,
        119,
        101,
        114,
        45,
        108,
        105,
        34,
        62,
        10,
        32,
        32,
        32,
        32,
        32,
        32,
        32,
        32,
        32,
        32,
        32,
        32,
        32,
        32,
        32,
        32,
        32,
        32,
        32,
        32,
        32,
        32,
        32,
        32,
        60,
        108,
        97,
        98,
        101,
        108,
        32,
        102,
        111,
        114,
        61,
        34,
        34,
        62,
        60,
        115,
        112,
        97,
        110,
        32,
        99,
        108,
        97,
        115,
        115,
        61,
        34,
        114,
        97,
        100,
        105,
        111,
        34,
        62,
        60,
        47,
        115,
        112,
        97,
        110,
        62,
        60,
        105,
        110,
        112,
        117,
        116,
        32,
        116,
        121,
        112,
        101,
        61,
        34,
        114,
        97,
        100,
        105,
        111,
        34,
        32,
        110,
        97,
        109,
        101,
        61,
        34,
        101,
        100,
        117,
        99,
        97,
        116,
        105,
        111,
        110,
        45,
        97,
        110,
        115,
        119,
        101,
        114,
        34,
        62,
        60,
        47,
        108,
        97,
        98,
        101,
        108,
        62,
        10,
        32,
        32,
        32,
        32,
        32,
        32,
        32,
        32,
        32,
        32,
        32,
        32,
        32,
        32,
        32,
        32,
        32,
        32,
        32,
        32,
        32,
        32,
        32,
        32,
        60,
        112,
        32,
        99,
        108,
        97,
        115,
        115,
        61,
        34,
        97,
        110,
        115,
        119,
        101,
        114,
        45,
        116,
        120,
        116,
        34,
        62,
        66,
        46,
        228,
        184,
        173,
        228,
        184,
        147,
        230,
        136,
        150,
        229,
        164,
        167,
        228,
        184,
        147,
        60,
        47,
        112,
        62,
        10,
        32,
        32,
        32,
        32,
        32,
        32,
        32,
        32,
        32,
        32,
        32,
        32,
        32,
        32,
        32,
        32,
        32,
        32,
        32,
        32,
        60,
        47,
        108,
        105,
        62,
        10,
        32,
        32,
        32,
        32,
        32,
        32,
        32,
        32,
        32,
        32,
        32,
        32,
        32,
        32,
        32,
        32,
        32,
        32,
        32,
        32,
        60,
        108,
        105,
        32,
        99,
        108,
        97,
        115,
        115,
        61,
        34,
        97,
        110,
        115,
        119,
        101,
        114,
        45,
        108,
        105,
        34,
        62,
        10,
        32,
        32,
        32,
        32,
        32,
        32,
        32,
        32,
        32,
        32,
        32,
        32,
        32,
        32,
        32,
        32,
        32,
        32,
        32,
        32,
        32,
        32,
        32,
        32,
        60,
        108,
        97,
        98,
        101,
        108,
        32,
        102,
        111,
        114,
        61,
        34,
        34,
        62,
        60,
        115,
        112,
        97,
        110,
        32,
        99,
        108,
        97,
        115,
        115,
        61,
        34,
        114,
        97,
        100,
        105,
        111,
        34,
        62,
        60,
        47,
        115,
        112,
        97,
        110,
        62,
        60,
        105,
        110,
        112,
        117,
        116,
        32,
        116,
        121,
        112,
        101,
        61,
        34,
        114,
        97,
        100,
        105,
        111,
        34,
        32,
        110,
        97,
        109,
        101,
        61,
        34,
        101,
        100,
        117,
        99,
        97,
        116,
        105,
        111,
        110,
        45,
        97,
        110,
        115,
        119,
        101,
        114,
        34,
        62,
        60,
        47,
        108,
        97,
        98,
        101,
        108,
        62,
        10,
        32,
        32,
        32,
        32,
        32,
        32,
        32,
        32,
        32,
        32,
        32,
        32,
        32,
        32,
        32,
        32,
        32,
        32,
        32,
        32,
        32,
        32,
        32,
        32,
        60,
        112,
        32,
        99,
        108,
        97,
        115,
        115,
        61,
        34,
        97,
        110,
        115,
        119,
        101,
        114,
        45,
        116,
        120,
        116,
        34,
        62,
        67,
        46,
        230,
        156,
        172,
        231,
        167,
        145,
        60,
        47,
        112,
        62,
        10,
        32,
        32,
        32,
        32,
        32,
        32,
        32,
        32,
        32,
        32,
        32,
        32,
        32,
        32,
        32,
        32,
        32,
        32,
        32,
        32,
        60,
        47,
        108,
        105,
        62,
        10,
        32,
        32,
        32,
        32,
        32,
        32,
        32,
        32,
        32,
        32,
        32,
        32,
        32,
        32,
        32,
        32,
        32,
        32,
        32,
        32,
        60,
        108,
        105,
        32,
        99,
        108,
        97,
        115,
        115,
        61,
        34,
        97,
        110,
        115,
        119,
        101,
        114,
        45,
        108,
        105,
        34,
        62,
        10,
        32,
        32,
        32,
        32,
        32,
        32,
        32,
        32,
        32,
        32,
        32,
        32,
        32,
        32,
        32,
        32,
        32,
        32,
        32,
        32,
        32,
        32,
        32,
        32,
        60,
        108,
        97,
        98,
        101,
        108,
        32,
        102,
        111,
        114,
        61,
        34,
        34,
        62,
        60,
        115,
        112,
        97,
        110,
        32,
        99,
        108,
        97,
        115,
        115,
        61,
        34,
        114,
        97,
        100,
        105,
        111,
        34,
        62,
        60,
        47,
        115,
        112,
        97,
        110,
        62,
        60,
        105,
        110,
        112,
        117,
        116,
        32,
        116,
        121,
        112,
        101,
        61,
        34,
        114,
        97,
        100,
        105,
        111,
        34,
        32,
        110,
        97,
        109,
        101,
        61,
        34,
        101,
        100,
        117,
        99,
        97,
        116,
        105,
        111,
        110,
        45,
        97,
        110,
        115,
        119,
        101,
        114,
        34,
        62,
        60,
        47,
        108,
        97,
        98,
        101,
        108,
        62,
        10,
        32,
        32,
        32,
        32,
        32,
        32,
        32,
        32,
        32,
        32,
        32,
        32,
        32,
        32,
        32,
        32,
        32,
        32,
        32,
        32,
        32,
        32,
        32,
        32,
        60,
        112,
        32,
        99,
        108,
        97,
        115,
        115,
        61,
        34,
        97,
        110,
        115,
        119,
        101,
        114,
        45,
        116,
        120,
        116,
        34,
        62,
        68,
        46,
        231,
        161,
        149,
        229,
        163,
        171,
        60,
        47,
        112,
        62,
        10,
        32,
        32,
        32,
        32,
        32,
        32,
        32,
        32,
        32,
        32,
        32,
        32,
        32,
        32,
        32,
        32,
        32,
        32,
        32,
        32,
        60,
        47,
        108,
        105,
        62,
        10,
        32,
        32,
        32,
        32,
        32,
        32,
        32,
        32,
        32,
        32,
        32,
        32,
        32,
        32,
        32,
        32,
        32,
        32,
        32,
        32,
        60,
        108,
        105,
        32,
        99,
        108,
        97,
        115,
        115,
        61,
        34,
        97,
        110,
        115,
        119,
        101,
        114,
        45,
        108,
        105,
        34,
        62,
        10,
        32,
        32,
        32,
        32,
        32,
        32,
        32,
        32,
        32,
        32,
        32,
        32,
        32,
        32,
        32,
        32,
        32,
        32,
        32,
        32,
        32,
        32,
        32,
        32,
        60,
        108,
        97,
        98,
        101,
        108,
        32,
        102,
        111,
        114,
        61,
        34,
        34,
        62,
        60,
        115,
        112,
        97,
        110,
        32,
        99,
        108,
        97,
        115,
        115,
        61,
        34,
        114,
        97,
        100,
        105,
        111,
        34,
        62,
        60,
        47,
        115,
        112,
        97,
        110,
        62,
        60,
        105,
        110,
        112,
        117,
        116,
        32,
        116,
        121,
        112,
        101,
        61,
        34,
        114,
        97,
        100,
        105,
        111,
        34,
        32,
        110,
        97,
        109,
        101,
        61,
        34,
        101,
        100,
        117,
        99,
        97,
        116,
        105,
        111,
        110,
        45,
        97,
        110,
        115,
        119,
        101,
        114,
        34,
        62,
        60,
        47,
        108,
        97,
        98,
        101,
        108,
        62,
        10,
        32,
        32,
        32,
        32,
        32,
        32,
        32,
        32,
        32,
        32,
        32,
        32,
        32,
        32,
        32,
        32,
        32,
        32,
        32,
        32,
        32,
        32,
        32,
        32,
        60,
        112,
        32,
        99,
        108,
        97,
        115,
        115,
        61,
        34,
        97,
        110,
        115,
        119,
        101,
        114,
        45,
        116,
        120,
        116,
        34,
        62,
        69,
        46,
        229,
        141,
        154,
        229,
        163,
        171,
        229,
        143,
        138,
        228,
        187,
        165,
        228,
        184,
        138,
        60,
        47,
        112,
        62,
        10,
        32,
        32,
        32,
        32,
        32,
        32,
        32,
        32,
        32,
        32,
        32,
        32,
        32,
        32,
        32,
        32,
        32,
        32,
        32,
        32,
        60,
        47,
        108,
        105,
        62,
        10,
        32,
        32,
        32,
        32,
        32,
        32,
        32,
        32,
        32,
        32,
        32,
        32,
        32,
        32,
        32,
        32,
        60,
        47,
        117,
        108,
        62,
        10,
        32,
        32,
        32,
        32,
        32,
        32,
        32,
        32,
        32,
        32,
        32,
        32,
        60,
        47,
        100,
        105,
        118,
        62,
        10,
        32,
        32,
        32,
        32,
        32,
        32,
        32,
        32,
        32,
        32,
        32,
        32,
        60,
        112,
        32,
        99,
        108,
        97,
        115,
        115,
        61,
        34,
        100,
        101,
        102,
        97,
        117,
        108,
        116,
        45,
        116,
        105,
        112,
        115,
        34,
        62,
        233,
        187,
        152,
        232,
        174,
        164,
        229,
        139,
        190,
        233,
        128,
        137,
        65,
        239,
        188,
        140,
        229,
        177,
        158,
        228,
        186,
        142,
        228,
        184,
        173,
        231,
        173,
        137,
        233,
        163,
        142,
        233,
        153,
        169,
        229,
        129,
        143,
        229,
        165,
        189,
        229,
        158,
        139,
        60,
        47,
        112,
        62,
        10,
        32,
        32,
        32,
        32,
        32,
        32,
        32,
        32,
        60,
        47,
        100,
        105,
        118,
        62,
        10,
        10,
        32,
        32,
        32,
        32,
        32,
        32,
        32,
        32,
        60,
        100,
        105,
        118,
        32,
        99,
        108,
        97,
        115,
        115,
        61,
        34,
        100,
        105,
        118,
        45,
        98,
        116,
        110,
        34,
        62,
        10,
        32,
        32,
        32,
        32,
        32,
        32,
        32,
        32,
        32,
        32,
        32,
        32,
        60,
        98,
        117,
        116,
        116,
        111,
        110,
        32,
        99,
        108,
        97,
        115,
        115,
        61,
        34,
        120,
        120,
        100,
        45,
        120,
        108,
        45,
        98,
        116,
        110,
        34,
        62,
        230,
        143,
        144,
        228,
        186,
        164,
        60,
        47,
        98,
        117,
        116,
        116,
        111,
        110,
        62,
        10,
        32,
        32,
        32,
        32,
        32,
        32,
        32,
        32,
        60,
        47,
        100,
        105,
        118,
        62,
        10,
        32,
        32,
        32,
        32,
        60,
        47,
        100,
        105,
        118,
        62,
        10,
        32,
        32,
        32,
        32,
        60,
        33,
        45,
        45,
        99,
        111,
        110,
        116,
        101,
        110,
        116,
        45,
        45,
        62,
        10,
        60,
        47,
        100,
        105,
        118,
        62,
        10,
        60,
        47,
        98,
        111,
        100,
        121,
        62,
        10,
        60,
        47,
        104,
        116,
        109,
        108,
        62
      ]
    },
    "stat": {
      "dev": 16777220,
      "mode": 33188,
      "nlink": 1,
      "uid": 501,
      "gid": 20,
      "rdev": 0,
      "blksize": 4194304,
      "ino": 2088884,
      "size": 3809,
      "blocks": 8,
      "atime": "2018-04-17T07:59:11.783Z",
      "mtime": "2018-03-22T08:50:41.064Z",
      "ctime": "2018-03-22T08:50:41.064Z",
      "birthtime": "2018-03-22T08:50:41.064Z"
    },
    "history": [
      "/Users/jiangheng/Desktop/work-code/xxd-h5/src/mods/risk_rating/index.html"
    ],
    "path": "/Users/jiangheng/Desktop/work-code/xxd-h5/src/mods/risk_rating/index.html",
    "gulpCache$filePathChangedInsideTask": false,
    "gulpCache$fileBaseChangedInsideTask": false,
    "gulpCache$originalPath": "/Users/jiangheng/Desktop/work-code/xxd-h5/src/mods/risk_rating/index.html",
    "gulpCache$originalBase": "/Users/jiangheng/Desktop/work-code/xxd-h5/src/mods/"
  }
]