[
  {
    "cwd": "/Users/jiangheng/Desktop/work-code/xxd-h5",
    "base": "/Users/jiangheng/Desktop/work-code/xxd-h5/src/mods/",
    "contents": {
      "type": "Buffer",
      "data": [
        137,
        80,
        78,
        71,
        13,
        10,
        26,
        10,
        0,
        0,
        0,
        13,
        73,
        72,
        68,
        82,
        0,
        0,
        0,
        29,
        0,
        0,
        0,
        37,
        8,
        6,
        0,
        0,
        0,
        190,
        186,
        226,
        207,
        0,
        0,
        1,
        235,
        73,
        68,
        65,
        84,
        120,
        218,
        236,
        151,
        203,
        43,
        69,
        81,
        20,
        135,
        93,
        174,
        36,
        202,
        123,
        228,
        21,
        3,
        143,
        140,
        228,
        49,
        144,
        66,
        6,
        36,
        3,
        101,
        100,
        132,
        100,
        36,
        67,
        132,
        80,
        76,
        228,
        15,
        112,
        77,
        164,
        24,
        152,
        201,
        64,
        228,
        21,
        202,
        0,
        101,
        96,
        32,
        148,
        50,
        242,
        202,
        187,
        144,
        71,
        30,
        223,
        174,
        117,
        234,
        116,
        187,
        57,
        103,
        95,
        247,
        94,
        3,
        119,
        213,
        215,
        218,
        231,
        180,
        207,
        250,
        237,
        189,
        246,
        62,
        107,
        159,
        227,
        40,
        26,
        188,
        9,
        241,
        210,
        98,
        225,
        105,
        167,
        47,
        254,
        93,
        247,
        65,
        167,
        70,
        223,
        92,
        104,
        134,
        26,
        200,
        54,
        158,
        45,
        30,
        186,
        61,
        197,
        45,
        195,
        180,
        242,
        12,
        226,
        203,
        42,
        80,
        168,
        13,
        177,
        40,
        24,
        133,
        125,
        232,
        128,
        60,
        183,
        193,
        38,
        67,
        19,
        44,
        194,
        26,
        131,
        200,
        176,
        10,
        232,
        176,
        72,
        111,
        146,
        4,
        203,
        151,
        235,
        15,
        88,
        130,
        117,
        56,
        135,
        104,
        40,
        132,
        58,
        136,
        151,
        62,
        42,
        96,
        13,
        51,
        222,
        241,
        102,
        166,
        225,
        48,
        107,
        18,
        92,
        133,
        28,
        73,
        239,
        8,
        76,
        129,
        139,
        224,
        45,
        248,
        116,
        24,
        150,
        126,
        9,
        48,
        199,
        140,
        83,
        188,
        17,
        85,
        169,
        44,
        145,
        246,
        36,
        84,
        193,
        177,
        167,
        142,
        8,
        63,
        66,
        55,
        205,
        70,
        83,
        134,
        92,
        186,
        162,
        145,
        208,
        41,
        237,
        61,
        104,
        149,
        212,
        254,
        104,
        8,
        79,
        202,
        250,
        43,
        171,
        101,
        182,
        5,
        58,
        162,
        213,
        16,
        35,
        237,
        30,
        120,
        211,
        216,
        229,
        3,
        96,
        188,
        70,
        245,
        58,
        162,
        229,
        226,
        239,
        101,
        35,
        217,
        54,
        102,
        123,
        141,
        219,
        144,
        203,
        50,
        29,
        209,
        100,
        241,
        135,
        118,
        210,
        234,
        193,
        14,
        220,
        226,
        216,
        18,
        77,
        20,
        127,
        233,
        101,
        181,
        58,
        18,
        255,
        252,
        219,
        138,
        164,
        99,
        99,
        112,
        34,
        155,
        48,
        48,
        162,
        172,
        171,
        90,
        146,
        249,
        223,
        148,
        65,
        159,
        219,
        159,
        136,
        26,
        181,
        87,
        21,
        233,
        54,
        200,
        148,
        129,
        148,
        74,
        57,
        187,
        128,
        109,
        31,
        105,
        221,
        194,
        12,
        169,
        159,
        83,
        162,
        74,
        104,
        87,
        206,
        199,
        64,
        88,
        187,
        83,
        102,
        104,
        8,
        126,
        194,
        22,
        92,
        249,
        80,
        36,
        66,
        29,
        187,
        166,
        83,
        168,
        223,
        41,
        105,
        52,
        172,
        22,
        22,
        52,
        119,
        170,
        101,
        31,
        106,
        112,
        156,
        76,
        38,
        75,
        29,
        6,
        230,
        141,
        116,
        166,
        43,
        168,
        49,
        176,
        59,
        181,
        158,
        158,
        118,
        239,
        187,
        159,
        215,
        242,
        245,
        255,
        189,
        167,
        65,
        209,
        160,
        104,
        80,
        52,
        40,
        106,
        41,
        234,
        8,
        148,
        86,
        168,
        219,
        183,
        110,
        154,
        31,
        69,
        75,
        205,
        95,
        131,
        47,
        210,
        14,
        131,
        77,
        24,
        135,
        7,
        187,
        145,
        56,
        43,
        237,
        252,
        120,
        87,
        66,
        133,
        92,
        191,
        168,
        207,
        21,
        117,
        99,
        37,
        128,
        75,
        58,
        225,
        148,
        255,
        206,
        6,
        232,
        133,
        84,
        63,
        138,
        61,
        201,
        65,
        222,
        245,
        45,
        192,
        0,
        139,
        167,
        113,
        101,
        28,
        231,
        161,
        154,
        0,
        0,
        0,
        0,
        73,
        69,
        78,
        68,
        174,
        66,
        96,
        130
      ]
    },
    "stat": {
      "dev": 16777220,
      "mode": 33188,
      "nlink": 1,
      "uid": 501,
      "gid": 20,
      "rdev": 0,
      "blksize": 4194304,
      "ino": 2088676,
      "size": 1405,
      "blocks": 8,
      "atime": "2018-04-17T07:59:11.790Z",
      "mtime": "2018-03-22T08:50:41.016Z",
      "ctime": "2018-03-22T08:50:41.016Z",
      "birthtime": "2018-03-22T08:50:41.016Z"
    },
    "history": [
      "/Users/jiangheng/Desktop/work-code/xxd-h5/src/mods/login/imgs/lock_icon@2x.png"
    ],
    "path": "/Users/jiangheng/Desktop/work-code/xxd-h5/src/mods/login/imgs/lock_icon@2x.png",
    "gulpCache$filePathChangedInsideTask": false,
    "gulpCache$fileBaseChangedInsideTask": false,
    "gulpCache$originalPath": "/Users/jiangheng/Desktop/work-code/xxd-h5/src/mods/login/imgs/lock_icon@2x.png",
    "gulpCache$originalBase": "/Users/jiangheng/Desktop/work-code/xxd-h5/src/mods/"
  },
  {
    "cwd": "/Users/jiangheng/Desktop/work-code/xxd-h5",
    "base": "/Users/jiangheng/Desktop/work-code/xxd-h5/src/mods/",
    "contents": {
      "type": "Buffer",
      "data": [
        137,
        80,
        78,
        71,
        13,
        10,
        26,
        10,
        0,
        0,
        0,
        13,
        73,
        72,
        68,
        82,
        0,
        0,
        0,
        29,
        0,
        0,
        0,
        37,
        8,
        6,
        0,
        0,
        0,
        190,
        186,
        226,
        207,
        0,
        0,
        1,
        235,
        73,
        68,
        65,
        84,
        120,
        218,
        236,
        151,
        203,
        43,
        69,
        81,
        20,
        135,
        93,
        174,
        36,
        202,
        123,
        228,
        21,
        3,
        143,
        140,
        228,
        49,
        144,
        66,
        6,
        36,
        3,
        101,
        100,
        132,
        100,
        36,
        67,
        132,
        80,
        76,
        228,
        15,
        112,
        77,
        164,
        24,
        152,
        201,
        64,
        228,
        21,
        202,
        0,
        101,
        96,
        32,
        148,
        50,
        242,
        202,
        187,
        144,
        71,
        30,
        223,
        174,
        117,
        234,
        116,
        187,
        57,
        103,
        95,
        247,
        94,
        3,
        119,
        213,
        215,
        218,
        231,
        180,
        207,
        250,
        237,
        189,
        246,
        62,
        107,
        159,
        227,
        40,
        26,
        188,
        9,
        241,
        210,
        98,
        225,
        105,
        167,
        47,
        254,
        93,
        247,
        65,
        167,
        70,
        223,
        92,
        104,
        134,
        26,
        200,
        54,
        158,
        45,
        30,
        186,
        61,
        197,
        45,
        195,
        180,
        242,
        12,
        226,
        203,
        42,
        80,
        168,
        13,
        177,
        40,
        24,
        133,
        125,
        232,
        128,
        60,
        183,
        193,
        38,
        67,
        19,
        44,
        194,
        26,
        131,
        200,
        176,
        10,
        232,
        176,
        72,
        111,
        146,
        4,
        203,
        151,
        235,
        15,
        88,
        130,
        117,
        56,
        135,
        104,
        40,
        132,
        58,
        136,
        151,
        62,
        42,
        96,
        13,
        51,
        222,
        241,
        102,
        166,
        225,
        48,
        107,
        18,
        92,
        133,
        28,
        73,
        239,
        8,
        76,
        129,
        139,
        224,
        45,
        248,
        116,
        24,
        150,
        126,
        9,
        48,
        199,
        140,
        83,
        188,
        17,
        85,
        169,
        44,
        145,
        246,
        36,
        84,
        193,
        177,
        167,
        142,
        8,
        63,
        66,
        55,
        205,
        70,
        83,
        134,
        92,
        186,
        162,
        145,
        208,
        41,
        237,
        61,
        104,
        149,
        212,
        254,
        104,
        8,
        79,
        202,
        250,
        43,
        171,
        101,
        182,
        5,
        58,
        162,
        213,
        16,
        35,
        237,
        30,
        120,
        211,
        216,
        229,
        3,
        96,
        188,
        70,
        245,
        58,
        162,
        229,
        226,
        239,
        101,
        35,
        217,
        54,
        102,
        123,
        141,
        219,
        144,
        203,
        50,
        29,
        209,
        100,
        241,
        135,
        118,
        210,
        234,
        193,
        14,
        220,
        226,
        216,
        18,
        77,
        20,
        127,
        233,
        101,
        181,
        58,
        18,
        255,
        252,
        219,
        138,
        164,
        99,
        99,
        112,
        34,
        155,
        48,
        48,
        162,
        172,
        171,
        90,
        146,
        249,
        223,
        148,
        65,
        159,
        219,
        159,
        136,
        26,
        181,
        87,
        21,
        233,
        54,
        200,
        148,
        129,
        148,
        74,
        57,
        187,
        128,
        109,
        31,
        105,
        221,
        194,
        12,
        169,
        159,
        83,
        162,
        74,
        104,
        87,
        206,
        199,
        64,
        88,
        187,
        83,
        102,
        104,
        8,
        126,
        194,
        22,
        92,
        249,
        80,
        36,
        66,
        29,
        187,
        166,
        83,
        168,
        223,
        41,
        105,
        52,
        172,
        22,
        22,
        52,
        119,
        170,
        101,
        31,
        106,
        112,
        156,
        76,
        38,
        75,
        29,
        6,
        230,
        141,
        116,
        166,
        43,
        168,
        49,
        176,
        59,
        181,
        158,
        158,
        118,
        239,
        187,
        159,
        215,
        242,
        245,
        255,
        189,
        167,
        65,
        209,
        160,
        104,
        80,
        52,
        40,
        106,
        41,
        234,
        8,
        148,
        86,
        168,
        219,
        183,
        110,
        154,
        31,
        69,
        75,
        205,
        95,
        131,
        47,
        210,
        14,
        131,
        77,
        24,
        135,
        7,
        187,
        145,
        56,
        43,
        237,
        252,
        120,
        87,
        66,
        133,
        92,
        191,
        168,
        207,
        21,
        117,
        99,
        37,
        128,
        75,
        58,
        225,
        148,
        255,
        206,
        6,
        232,
        133,
        84,
        63,
        138,
        61,
        201,
        65,
        222,
        245,
        45,
        192,
        0,
        139,
        167,
        113,
        101,
        28,
        231,
        161,
        154,
        0,
        0,
        0,
        0,
        73,
        69,
        78,
        68,
        174,
        66,
        96,
        130
      ]
    },
    "stat": {
      "dev": 16777220,
      "mode": 33188,
      "nlink": 1,
      "uid": 501,
      "gid": 20,
      "rdev": 0,
      "blksize": 4194304,
      "ino": 2088864,
      "size": 1405,
      "blocks": 8,
      "atime": "2018-04-17T07:59:11.800Z",
      "mtime": "2018-03-22T08:50:41.060Z",
      "ctime": "2018-03-22T08:50:41.060Z",
      "birthtime": "2018-03-22T08:50:41.060Z"
    },
    "history": [
      "/Users/jiangheng/Desktop/work-code/xxd-h5/src/mods/register/imgs/lock_icon@2x.png"
    ],
    "path": "/Users/jiangheng/Desktop/work-code/xxd-h5/src/mods/register/imgs/lock_icon@2x.png",
    "gulpCache$filePathChangedInsideTask": true,
    "gulpCache$fileBaseChangedInsideTask": false,
    "gulpCache$originalPath": "/Users/jiangheng/Desktop/work-code/xxd-h5/src/mods/login/imgs/lock_icon@2x.png",
    "gulpCache$originalBase": "/Users/jiangheng/Desktop/work-code/xxd-h5/src/mods/"
  }
]