[
  {
    "cwd": "/Users/jiangheng/Desktop/work-code/xxd-h5",
    "base": "/Users/jiangheng/Desktop/work-code/xxd-h5/src/mods/",
    "contents": {
      "type": "Buffer",
      "data": [
        137,
        80,
        78,
        71,
        13,
        10,
        26,
        10,
        0,
        0,
        0,
        13,
        73,
        72,
        68,
        82,
        0,
        0,
        0,
        79,
        0,
        0,
        0,
        79,
        8,
        3,
        0,
        0,
        0,
        157,
        234,
        104,
        180,
        0,
        0,
        2,
        220,
        80,
        76,
        84,
        69,
        255,
        255,
        255,
        255,
        255,
        255,
        255,
        255,
        255,
        255,
        255,
        255,
        255,
        255,
        255,
        255,
        255,
        255,
        255,
        255,
        255,
        255,
        255,
        255,
        255,
        255,
        255,
        255,
        255,
        255,
        255,
        255,
        255,
        255,
        255,
        255,
        255,
        255,
        255,
        255,
        255,
        255,
        255,
        255,
        255,
        255,
        255,
        255,
        255,
        255,
        255,
        255,
        255,
        255,
        255,
        255,
        255,
        255,
        255,
        255,
        255,
        255,
        255,
        255,
        255,
        255,
        255,
        255,
        255,
        255,
        255,
        255,
        255,
        255,
        255,
        255,
        255,
        255,
        255,
        255,
        255,
        255,
        255,
        255,
        255,
        255,
        255,
        255,
        255,
        255,
        255,
        255,
        255,
        255,
        255,
        255,
        255,
        255,
        255,
        255,
        255,
        255,
        255,
        255,
        255,
        255,
        255,
        255,
        255,
        255,
        255,
        255,
        255,
        255,
        255,
        255,
        255,
        255,
        255,
        255,
        255,
        255,
        255,
        255,
        255,
        255,
        255,
        255,
        255,
        255,
        255,
        255,
        255,
        255,
        255,
        255,
        255,
        255,
        255,
        255,
        255,
        255,
        255,
        255,
        255,
        255,
        255,
        255,
        255,
        255,
        255,
        255,
        255,
        255,
        255,
        255,
        255,
        255,
        255,
        255,
        255,
        255,
        255,
        255,
        255,
        255,
        255,
        255,
        255,
        255,
        255,
        255,
        255,
        255,
        255,
        255,
        255,
        255,
        255,
        255,
        255,
        255,
        255,
        255,
        255,
        255,
        255,
        255,
        255,
        255,
        255,
        255,
        255,
        255,
        255,
        255,
        255,
        255,
        255,
        255,
        255,
        255,
        255,
        255,
        255,
        255,
        255,
        255,
        255,
        255,
        255,
        255,
        255,
        255,
        255,
        255,
        255,
        255,
        255,
        255,
        255,
        255,
        255,
        255,
        255,
        255,
        255,
        255,
        255,
        255,
        255,
        255,
        255,
        255,
        255,
        255,
        255,
        255,
        255,
        255,
        255,
        255,
        255,
        255,
        255,
        255,
        255,
        255,
        255,
        255,
        255,
        255,
        255,
        255,
        255,
        255,
        255,
        255,
        255,
        255,
        255,
        255,
        255,
        255,
        255,
        255,
        255,
        255,
        255,
        255,
        0,
        126,
        61,
        1,
        127,
        62,
        2,
        127,
        63,
        3,
        128,
        63,
        4,
        128,
        64,
        6,
        129,
        66,
        7,
        130,
        66,
        8,
        130,
        67,
        10,
        131,
        69,
        11,
        132,
        69,
        14,
        133,
        72,
        15,
        134,
        72,
        17,
        135,
        74,
        18,
        135,
        75,
        19,
        136,
        75,
        20,
        136,
        76,
        22,
        137,
        78,
        23,
        138,
        78,
        28,
        140,
        82,
        29,
        141,
        83,
        30,
        141,
        84,
        31,
        142,
        85,
        32,
        142,
        85,
        34,
        143,
        87,
        35,
        144,
        88,
        37,
        145,
        89,
        39,
        146,
        91,
        40,
        146,
        91,
        41,
        147,
        92,
        42,
        147,
        93,
        45,
        149,
        95,
        47,
        150,
        97,
        48,
        150,
        98,
        53,
        153,
        101,
        55,
        154,
        103,
        56,
        154,
        104,
        57,
        155,
        104,
        59,
        156,
        106,
        60,
        156,
        107,
        61,
        157,
        107,
        62,
        157,
        108,
        63,
        158,
        109,
        64,
        158,
        110,
        65,
        159,
        110,
        69,
        161,
        113,
        71,
        162,
        115,
        73,
        163,
        117,
        74,
        163,
        117,
        76,
        164,
        119,
        79,
        166,
        121,
        85,
        169,
        126,
        86,
        170,
        126,
        87,
        170,
        127,
        88,
        171,
        128,
        92,
        173,
        131,
        93,
        173,
        132,
        94,
        174,
        133,
        96,
        175,
        134,
        100,
        177,
        137,
        102,
        178,
        139,
        103,
        178,
        139,
        104,
        179,
        140,
        105,
        179,
        141,
        109,
        181,
        144,
        110,
        182,
        145,
        113,
        183,
        147,
        115,
        184,
        148,
        116,
        185,
        149,
        118,
        186,
        151,
        120,
        187,
        152,
        121,
        187,
        153,
        122,
        188,
        154,
        123,
        188,
        155,
        124,
        189,
        155,
        125,
        189,
        156,
        126,
        190,
        157,
        129,
        191,
        159,
        131,
        192,
        161,
        134,
        194,
        163,
        135,
        194,
        164,
        136,
        195,
        164,
        138,
        196,
        166,
        139,
        196,
        167,
        140,
        197,
        168,
        141,
        197,
        168,
        143,
        198,
        170,
        144,
        199,
        171,
        145,
        199,
        171,
        147,
        200,
        173,
        148,
        201,
        174,
        149,
        201,
        174,
        150,
        202,
        175,
        152,
        203,
        177,
        153,
        203,
        177,
        156,
        205,
        180,
        157,
        205,
        180,
        159,
        206,
        182,
        162,
        208,
        184,
        164,
        209,
        186,
        168,
        211,
        189,
        170,
        212,
        190,
        171,
        213,
        191,
        173,
        214,
        193,
        174,
        214,
        193,
        175,
        215,
        194,
        176,
        215,
        195,
        178,
        216,
        196,
        179,
        217,
        197,
        181,
        218,
        199,
        182,
        218,
        199,
        185,
        220,
        202,
        188,
        221,
        204,
        189,
        222,
        205,
        191,
        223,
        206,
        192,
        223,
        207,
        193,
        224,
        208,
        194,
        224,
        209,
        195,
        225,
        209,
        196,
        225,
        210,
        197,
        226,
        211,
        198,
        226,
        212,
        199,
        227,
        212,
        202,
        228,
        215,
        203,
        229,
        215,
        206,
        230,
        218,
        207,
        231,
        218,
        208,
        231,
        219,
        210,
        232,
        221,
        211,
        233,
        222,
        212,
        233,
        222,
        216,
        235,
        225,
        218,
        236,
        227,
        221,
        238,
        229,
        222,
        238,
        230,
        223,
        239,
        231,
        225,
        240,
        232,
        227,
        241,
        234,
        230,
        242,
        236,
        232,
        243,
        238,
        234,
        244,
        239,
        236,
        245,
        241,
        237,
        246,
        241,
        239,
        247,
        243,
        242,
        248,
        245,
        243,
        249,
        246,
        244,
        249,
        247,
        245,
        250,
        247,
        246,
        250,
        248,
        249,
        252,
        250,
        250,
        252,
        251,
        251,
        253,
        252,
        252,
        253,
        253,
        254,
        254,
        254,
        255,
        255,
        255,
        169,
        142,
        141,
        154,
        0,
        0,
        0,
        90,
        116,
        82,
        78,
        83,
        0,
        3,
        10,
        14,
        15,
        16,
        17,
        18,
        19,
        33,
        34,
        36,
        37,
        38,
        39,
        40,
        42,
        46,
        63,
        66,
        76,
        77,
        78,
        84,
        85,
        87,
        92,
        93,
        94,
        95,
        102,
        110,
        111,
        112,
        113,
        114,
        115,
        126,
        127,
        137,
        138,
        140,
        142,
        143,
        144,
        150,
        152,
        153,
        154,
        155,
        156,
        160,
        162,
        166,
        167,
        168,
        170,
        171,
        172,
        183,
        184,
        194,
        196,
        199,
        200,
        201,
        203,
        204,
        209,
        210,
        216,
        217,
        222,
        224,
        227,
        228,
        229,
        237,
        238,
        240,
        241,
        242,
        247,
        248,
        249,
        250,
        251,
        252,
        253,
        254,
        92,
        162,
        90,
        206,
        0,
        0,
        4,
        123,
        73,
        68,
        65,
        84,
        24,
        25,
        157,
        193,
        137,
        67,
        147,
        101,
        28,
        7,
        240,
        223,
        38,
        149,
        48,
        35,
        6,
        18,
        42,
        134,
        74,
        135,
        144,
        25,
        152,
        90,
        34,
        88,
        9,
        120,
        162,
        140,
        99,
        48,
        249,
        42,
        102,
        90,
        90,
        217,
        161,
        29,
        154,
        116,
        218,
        33,
        29,
        150,
        154,
        221,
        118,
        217,
        157,
        153,
        84,
        166,
        149,
        105,
        135,
        149,
        149,
        203,
        178,
        195,
        14,
        147,
        178,
        50,
        211,
        60,
        241,
        251,
        15,
        196,
        216,
        96,
        239,
        222,
        247,
        121,
        159,
        109,
        124,
        62,
        162,
        231,
        112,
        247,
        60,
        125,
        232,
        5,
        99,
        202,
        60,
        244,
        148,
        141,
        185,
        112,
        120,
        78,
        111,
        183,
        67,
        58,
        45,
        41,
        187,
        168,
        146,
        102,
        149,
        69,
        217,
        73,
        210,
        9,
        9,
        89,
        35,
        234,
        168,
        86,
        55,
        34,
        43,
        65,
        226,
        147,
        56,
        176,
        138,
        58,
        213,
        3,
        19,
        37,
        118,
        174,
        193,
        181,
        140,
        166,
        118,
        112,
        55,
        137,
        77,
        151,
        92,
        47,
        99,
        225,
        205,
        237,
        34,
        49,
        72,
        31,
        207,
        88,
        141,
        79,
        151,
        104,
        156,
        249,
        140,
        71,
        190,
        83,
        180,
        92,
        165,
        140,
        79,
        169,
        75,
        52,
        82,
        39,
        50,
        94,
        19,
        83,
        197,
        86,
        70,
        53,
        227,
        87,
        157,
        33,
        54,
        122,
        249,
        216,
        25,
        190,
        76,
        81,
        202,
        240,
        177,
        115,
        124,
        25,
        162,
        144,
        230,
        165,
        206,
        189,
        80,
        155,
        69,
        210,
        155,
        38,
        22,
        46,
        15,
        181,
        46,
        135,
        218,
        61,
        108,
        229,
        113,
        137,
        137,
        179,
        148,
        90,
        127,
        192,
        198,
        203,
        12,
        40,
        117,
        74,
        164,
        60,
        234,
        109,
        130,
        141,
        47,
        217,
        38,
        79,
        34,
        116,
        103,
        20,
        79,
        67,
        109,
        242,
        62,
        6,
        117,
        23,
        131,
        132,
        241,
        140,
        98,
        33,
        212,
        230,
        49,
        164,
        44,
        65,
        194,
        206,
        100,
        20,
        45,
        211,
        129,
        134,
        38,
        133,
        207,
        217,
        110,
        128,
        116,
        56,
        177,
        134,
        86,
        135,
        246,
        25,
        124,
        15,
        224,
        57,
        30,
        217,
        103,
        113,
        152,
        237,
        106,
        146,
        165,
        221,
        185,
        84,
        88,
        2,
        147,
        15,
        249,
        14,
        44,
        182,
        177,
        195,
        121,
        18,
        146,
        50,
        137,
        10,
        115,
        97,
        242,
        59,
        151,
        194,
        172,
        254,
        0,
        59,
        76,
        74,
        145,
        160,
        65,
        84,
        248,
        7,
        38,
        151,
        145,
        215,
        193,
        172,
        129,
        6,
        249,
        210,
        166,
        107,
        21,
        21,
        182,
        192,
        164,
        145,
        123,
        97,
        241,
        24,
        13,
        170,
        78,
        144,
        128,
        190,
        84,
        121,
        9,
        38,
        43,
        185,
        5,
        22,
        27,
        104,
        212,
        79,
        2,
        138,
        169,
        210,
        8,
        147,
        205,
        124,
        17,
        22,
        187,
        104,
        84,
        34,
        173,
        146,
        168,
        52,
        11,
        184,
        170,
        201,
        232,
        95,
        54,
        2,
        120,
        189,
        201,
        232,
        205,
        99,
        140,
        224,
        18,
        145,
        62,
        84,
        105,
        6,
        240,
        224,
        238,
        72,
        87,
        0,
        115,
        168,
        213,
        71,
        68,
        10,
        169,
        178,
        17,
        74,
        15,
        80,
        171,
        80,
        196,
        81,
        65,
        149,
        39,
        160,
        244,
        6,
        181,
        42,
        29,
        226,
        166,
        210,
        205,
        80,
        218,
        78,
        61,
        183,
        100,
        82,
        229,
        240,
        69,
        80,
        169,
        63,
        72,
        189,
        76,
        233,
        79,
        149,
        31,
        161,
        212,
        192,
        40,
        114,
        164,
        128,
        42,
        107,
        161,
        244,
        40,
        163,
        40,
        144,
        98,
        170,
        44,
        5,
        240,
        254,
        102,
        139,
        102,
        70,
        81,
        44,
        163,
        217,
        110,
        155,
        63,
        108,
        46,
        112,
        137,
        223,
        232,
        40,
        119,
        250,
        205,
        190,
        166,
        197,
        88,
        153,
        192,
        144,
        191,
        160,
        49,
        147,
        92,
        0,
        179,
        27,
        104,
        225,
        145,
        10,
        134,
        124,
        4,
        141,
        69,
        60,
        84,
        15,
        179,
        229,
        180,
        168,
        17,
        182,
        123,
        10,
        26,
        43,
        249,
        3,
        44,
        214,
        211,
        74,
        42,
        24,
        114,
        27,
        52,
        62,
        230,
        90,
        88,
        252,
        76,
        139,
        26,
        153,
        192,
        160,
        35,
        23,
        67,
        227,
        79,
        46,
        131,
        217,
        140,
        22,
        90,
        120,
        100,
        52,
        131,
        118,
        64,
        99,
        54,
        57,
        31,
        102,
        119,
        210,
        106,
        172,
        148,
        48,
        104,
        29,
        128,
        85,
        254,
        160,
        87,
        0,
        172,
        240,
        135,
        108,
        2,
        112,
        31,
        247,
        79,
        1,
        238,
        246,
        71,
        216,
        69,
        171,
        98,
        41,
        96,
        208,
        227,
        0,
        62,
        240,
        7,
        45,
        7,
        240,
        182,
        63,
        164,
        9,
        192,
        42,
        110,
        5,
        240,
        26,
        247,
        250,
        13,
        246,
        210,
        170,
        64,
        250,
        51,
        232,
        38,
        104,
        108,
        227,
        171,
        0,
        182,
        114,
        45,
        12,
        126,
        163,
        85,
        142,
        100,
        178,
        205,
        161,
        169,
        176,
        55,
        121,
        63,
        239,
        7,
        38,
        239,
        231,
        67,
        8,
        155,
        222,
        66,
        171,
        222,
        226,
        102,
        155,
        239,
        160,
        113,
        61,
        57,
        27,
        152,
        71,
        206,
        71,
        216,
        66,
        42,
        184,
        197,
        81,
        193,
        128,
        213,
        208,
        88,
        198,
        221,
        0,
        150,
        243,
        192,
        20,
        132,
        173,
        160,
        85,
        165,
        67,
        164,
        144,
        1,
        139,
        161,
        241,
        22,
        55,
        1,
        88,
        199,
        111,
        96,
        176,
        145,
        86,
        133,
        34,
        114,
        42,
        3,
        174,
        132,
        198,
        118,
        174,
        0,
        176,
        131,
        107,
        96,
        208,
        76,
        171,
        211,
        68,
        196,
        197,
        0,
        127,
        216,
        87,
        83,
        129,
        6,
        191,
        209,
        97,
        222,
        10,
        76,
        59,
        194,
        37,
        0,
        190,
        240,
        135,
        28,
        163,
        149,
        75,
        90,
        149,
        48,
        210,
        78,
        0,
        11,
        55,
        68,
        154,
        6,
        220,
        66,
        206,
        1,
        174,
        165,
        70,
        137,
        4,
        244,
        101,
        164,
        247,
        160,
        244,
        36,
        247,
        0,
        88,
        66,
        141,
        126,
        18,
        208,
        181,
        154,
        17,
        30,
        129,
        210,
        70,
        126,
        10,
        96,
        13,
        237,
        85,
        117,
        149,
        54,
        231,
        48,
        194,
        2,
        40,
        53,
        243,
        89,
        0,
        219,
        105,
        111,
        144,
        4,
        165,
        76,
        162,
        193,
        193,
        122,
        168,
        204,
        36,
        239,
        2,
        234,
        15,
        208,
        86,
        93,
        138,
        132,
        12,
        163,
        193,
        183,
        80,
        106,
        100,
        203,
        12,
        224,
        70,
        218,
        27,
        38,
        237,
        146,
        107,
        24,
        182,
        26,
        74,
        47,
        240,
        23,
        0,
        15,
        211,
        86,
        77,
        178,
        116,
        24,
        192,
        176,
        197,
        0,
        126,
        221,
        109,
        241,
        31,
        215,
        3,
        120,
        151,
        182,
        206,
        146,
        176,
        132,
        50,
        118,
        184,
        6,
        152,
        209,
        164,
        114,
        59,
        128,
        159,
        104,
        167,
        44,
        65,
        12,
        210,
        217,
        110,
        15,
        52,
        166,
        31,
        165,
        157,
        147,
        37,
        66,
        30,
        67,
        62,
        131,
        198,
        29,
        180,
        147,
        39,
        145,
        156,
        165,
        12,
        122,
        30,
        26,
        207,
        208,
        70,
        169,
        83,
        76,
        92,
        30,
        182,
        89,
        4,
        141,
        79,
        168,
        230,
        113,
        137,
        69,
        154,
        151,
        173,
        142,
        93,
        10,
        141,
        191,
        169,
        228,
        77,
        19,
        133,
        30,
        62,
        146,
        187,
        160,
        113,
        53,
        149,
        124,
        61,
        68,
        169,
        151,
        143,
        157,
        225,
        203,
        20,
        27,
        25,
        94,
        198,
        207,
        155,
        33,
        182,
        82,
        203,
        25,
        175,
        242,
        84,
        209,
        112,
        141,
        98,
        124,
        70,
        117,
        19,
        45,
        103,
        62,
        227,
        145,
        239,
        148,
        104,
        210,
        203,
        24,
        171,
        178,
        116,
        137,
        65,
        151,
        92,
        47,
        99,
        225,
        205,
        77,
        144,
        216,
        36,
        15,
        169,
        101,
        52,
        181,
        67,
        78,
        146,
        216,
        37,
        158,
        93,
        77,
        157,
        234,
        188,
        68,
        137,
        207,
        113,
        89,
        231,
        215,
        81,
        173,
        238,
        252,
        172,
        227,
        165,
        19,
        146,
        178,
        139,
        42,
        105,
        86,
        89,
        148,
        157,
        36,
        157,
        230,
        112,
        247,
        60,
        99,
        232,
        200,
        113,
        229,
        62,
        250,
        202,
        199,
        141,
        28,
        158,
        115,
        138,
        219,
        33,
        90,
        255,
        3,
        0,
        205,
        20,
        186,
        232,
        88,
        219,
        199,
        0,
        0,
        0,
        0,
        73,
        69,
        78,
        68,
        174,
        66,
        96,
        130
      ]
    },
    "stat": {
      "dev": 16777220,
      "mode": 33188,
      "nlink": 1,
      "uid": 501,
      "gid": 20,
      "rdev": 0,
      "blksize": 4194304,
      "ino": 2088772,
      "size": 3290,
      "blocks": 8,
      "atime": "2018-04-17T07:59:11.794Z",
      "mtime": "2018-03-22T08:50:41.039Z",
      "ctime": "2018-03-22T08:50:41.039Z",
      "birthtime": "2018-03-22T08:50:41.039Z"
    },
    "history": [
      "/Users/jiangheng/Desktop/work-code/xxd-h5/src/mods/openaccount/yhimgs/yzyh@2x.png"
    ],
    "path": "/Users/jiangheng/Desktop/work-code/xxd-h5/src/mods/openaccount/yhimgs/yzyh@2x.png",
    "gulpCache$filePathChangedInsideTask": false,
    "gulpCache$fileBaseChangedInsideTask": false,
    "gulpCache$originalPath": "/Users/jiangheng/Desktop/work-code/xxd-h5/src/mods/openaccount/yhimgs/yzyh@2x.png",
    "gulpCache$originalBase": "/Users/jiangheng/Desktop/work-code/xxd-h5/src/mods/"
  }
]