[
  {
    "cwd": "/Users/jiangheng/Desktop/work-code/xxd-h5",
    "base": "/Users/jiangheng/Desktop/work-code/xxd-h5/src/mods/",
    "contents": {
      "type": "Buffer",
      "data": [
        137,
        80,
        78,
        71,
        13,
        10,
        26,
        10,
        0,
        0,
        0,
        13,
        73,
        72,
        68,
        82,
        0,
        0,
        0,
        46,
        0,
        0,
        0,
        40,
        8,
        6,
        0,
        0,
        0,
        129,
        224,
        200,
        42,
        0,
        0,
        3,
        183,
        73,
        68,
        65,
        84,
        120,
        218,
        212,
        153,
        89,
        72,
        21,
        97,
        20,
        199,
        239,
        210,
        102,
        89,
        84,
        82,
        164,
        17,
        81,
        34,
        182,
        216,
        67,
        169,
        89,
        102,
        209,
        6,
        70,
        101,
        11,
        180,
        189,
        88,
        212,
        67,
        208,
        98,
        82,
        68,
        100,
        104,
        180,
        104,
        65,
        171,
        70,
        25,
        4,
        82,
        15,
        86,
        20,
        62,
        8,
        129,
        69,
        209,
        131,
        100,
        150,
        72,
        66,
        101,
        139,
        68,
        90,
        41,
        132,
        107,
        101,
        15,
        69,
        165,
        183,
        255,
        201,
        255,
        141,
        225,
        114,
        189,
        51,
        243,
        57,
        115,
        47,
        30,
        248,
        249,
        205,
        140,
        51,
        103,
        254,
        247,
        155,
        111,
        190,
        239,
        156,
        51,
        78,
        143,
        199,
        227,
        232,
        143,
        230,
        76,
        56,
        222,
        102,
        246,
        26,
        55,
        152,
        11,
        146,
        65,
        52,
        24,
        12,
        126,
        128,
        119,
        160,
        2,
        84,
        3,
        195,
        189,
        81,
        157,
        29,
        161,
        36,
        124,
        128,
        137,
        115,
        195,
        64,
        38,
        200,
        0,
        81,
        1,
        206,
        107,
        0,
        167,
        64,
        17,
        248,
        109,
        87,
        143,
        187,
        12,
        158,
        151,
        4,
        106,
        193,
        73,
        29,
        209,
        98,
        147,
        192,
        101,
        240,
        12,
        76,
        11,
        165,
        240,
        85,
        160,
        28,
        76,
        54,
        233,
        123,
        6,
        120,
        194,
        33,
        21,
        116,
        225,
        41,
        160,
        132,
        227,
        88,
        197,
        174,
        129,
        23,
        62,
        199,
        70,
        128,
        120,
        176,
        16,
        36,
        38,
        230,
        182,
        143,
        178,
        250,
        229,
        28,
        9,
        94,
        25,
        24,
        26,
        254,
        76,
        198,
        246,
        86,
        112,
        157,
        251,
        225,
        220,
        223,
        2,
        102,
        201,
        125,
        125,
        206,
        151,
        97,
        120,
        67,
        134,
        24,
        94,
        214,
        175,
        125,
        237,
        241,
        28,
        69,
        209,
        221,
        96,
        163,
        70,
        244,
        106,
        80,
        7,
        46,
        176,
        167,
        157,
        126,
        174,
        137,
        3,
        39,
        64,
        61,
        158,
        192,
        182,
        190,
        244,
        184,
        60,
        190,
        38,
        48,
        84,
        65,
        248,
        17,
        112,
        148,
        219,
        210,
        30,
        86,
        240,
        113,
        5,
        236,
        64,
        239,
        119,
        155,
        237,
        241,
        13,
        138,
        162,
        107,
        64,
        46,
        183,
        179,
        20,
        69,
        139,
        109,
        7,
        231,
        85,
        134,
        202,
        82,
        197,
        27,
        30,
        0,
        93,
        96,
        190,
        230,
        7,
        168,
        218,
        30,
        12,
        155,
        245,
        102,
        133,
        207,
        84,
        184,
        209,
        115,
        240,
        144,
        62,
        11,
        77,
        172,
        17,
        129,
        172,
        0,
        226,
        195,
        140,
        10,
        223,
        201,
        165,
        220,
        172,
        21,
        179,
        77,
        227,
        203,
        102,
        133,
        69,
        114,
        54,
        210,
        21,
        190,
        0,
        92,
        84,
        188,
        201,
        125,
        182,
        233,
        22,
        175,
        53,
        233,
        70,
        132,
        239,
        238,
        101,
        186,
        210,
        51,
        153,
        123,
        95,
        115,
        123,
        145,
        197,
        194,
        101,
        145,
        10,
        215,
        19,
        62,
        70,
        193,
        241,
        31,
        176,
        130,
        237,
        4,
        48,
        218,
        98,
        225,
        110,
        134,
        15,
        1,
        133,
        87,
        40,
        56,
        150,
        23,
        177,
        18,
        12,
        7,
        101,
        54,
        197,
        84,
        55,
        209,
        235,
        81,
        189,
        9,
        31,
        6,
        214,
        42,
        56,
        45,
        210,
        44,
        60,
        113,
        54,
        9,
        159,
        8,
        206,
        245,
        38,
        92,
        254,
        49,
        93,
        193,
        233,
        123,
        182,
        203,
        108,
        78,
        122,
        82,
        253,
        9,
        159,
        205,
        213,
        74,
        197,
        188,
        143,
        176,
        197,
        102,
        225,
        109,
        254,
        132,
        231,
        40,
        58,
        123,
        3,
        26,
        185,
        253,
        205,
        102,
        225,
        237,
        24,
        231,
        110,
        173,
        240,
        177,
        96,
        185,
        130,
        163,
        46,
        206,
        177,
        63,
        37,
        32,
        98,
        20,
        104,
        167,
        37,
        241,
        61,
        250,
        47,
        124,
        165,
        226,
        242,
        92,
        204,
        244,
        108,
        60,
        115,
        204,
        96,
        88,
        22,
        122,
        61,
        206,
        43,
        92,
        53,
        181,
        202,
        99,
        123,
        144,
        137,
        66,
        48,
        204,
        237,
        13,
        153,
        37,
        30,
        175,
        100,
        185,
        193,
        140,
        85,
        129,
        57,
        76,
        233,
        90,
        152,
        142,
        5,
        203,
        36,
        70,
        143,
        116,
        41,
        198,
        221,
        165,
        108,
        151,
        4,
        89,
        180,
        119,
        148,
        164,
        201,
        159,
        78,
        133,
        149,
        179,
        146,
        109,
        178,
        35,
        52,
        150,
        34,
        194,
        31,
        115,
        71,
        150,
        235,
        77,
        6,
        139,
        56,
        181,
        108,
        99,
        67,
        36,
        124,
        170,
        84,
        178,
        206,
        48,
        64,
        146,
        100,
        182,
        149,
        249,
        222,
        46,
        157,
        11,
        59,
        216,
        14,
        12,
        145,
        240,
        33,
        210,
        227,
        237,
        92,
        128,
        90,
        121,
        240,
        16,
        248,
        100,
        176,
        58,
        240,
        69,
        83,
        142,
        40,
        177,
        89,
        108,
        153,
        102,
        145,
        107,
        245,
        55,
        127,
        119,
        26,
        88,
        254,
        189,
        85,
        173,
        7,
        108,
        143,
        129,
        253,
        14,
        27,
        107,
        133,
        188,
        199,
        94,
        110,
        223,
        115,
        249,
        153,
        39,
        79,
        131,
        59,
        58,
        78,
        214,
        121,
        195,
        77,
        78,
        139,
        50,
        167,
        127,
        4,
        151,
        108,
        18,
        125,
        187,
        58,
        59,
        162,
        10,
        92,
        149,
        196,
        2,
        228,
        251,
        214,
        85,
        246,
        129,
        179,
        6,
        28,
        117,
        112,
        70,
        169,
        227,
        116,
        42,
        206,
        202,
        185,
        16,
        73,
        153,
        121,
        138,
        133,
        162,
        63,
        75,
        242,
        14,
        209,
        205,
        129,
        18,
        137,
        84,
        131,
        206,
        36,
        203,
        121,
        201,
        233,
        83,
        122,
        58,
        159,
        199,
        101,
        249,
        127,
        107,
        113,
        111,
        215,
        131,
        24,
        189,
        12,
        232,
        174,
        9,
        135,
        50,
        163,
        204,
        3,
        191,
        152,
        217,
        47,
        118,
        244,
        20,
        56,
        215,
        88,
        44,
        92,
        238,
        241,
        8,
        49,
        74,
        70,
        32,
        225,
        5,
        156,
        10,
        235,
        116,
        156,
        53,
        177,
        224,
        147,
        192,
        202,
        64,
        19,
        35,
        183,
        65,
        54,
        190,
        156,
        121,
        218,
        29,
        223,
        47,
        18,
        30,
        230,
        144,
        133,
        76,
        124,
        37,
        18,
        27,
        39,
        243,
        166,
        163,
        231,
        115,
        73,
        51,
        127,
        84,
        189,
        31,
        199,
        118,
        199,
        227,
        223,
        3,
        9,
        215,
        90,
        163,
        38,
        73,
        48,
        98,
        153,
        172,
        18,
        36,
        233,
        156,
        247,
        1,
        220,
        98,
        28,
        239,
        98,
        46,
        16,
        111,
        224,
        154,
        205,
        218,
        3,
        42,
        31,
        175,
        244,
        76,
        158,
        146,
        124,
        16,
        136,
        214,
        148,
        59,
        164,
        238,
        210,
        192,
        240,
        162,
        134,
        17,
        222,
        63,
        147,
        143,
        87,
        24,
        191,
        177,
        28,
        114,
        49,
        76,
        108,
        188,
        79,
        80,
        4,
        63,
        149,
        104,
        212,
        183,
        114,
        235,
        236,
        175,
        159,
        11,
        255,
        10,
        48,
        0,
        81,
        86,
        210,
        41,
        4,
        85,
        239,
        145,
        0,
        0,
        0,
        0,
        73,
        69,
        78,
        68,
        174,
        66,
        96,
        130
      ]
    },
    "stat": {
      "dev": 16777220,
      "mode": 33188,
      "nlink": 1,
      "uid": 501,
      "gid": 20,
      "rdev": 0,
      "blksize": 4194304,
      "ino": 2088610,
      "size": 1865,
      "blocks": 8,
      "atime": "2018-04-17T07:59:11.786Z",
      "mtime": "2018-03-22T08:50:40.991Z",
      "ctime": "2018-03-22T08:50:40.991Z",
      "birthtime": "2018-03-22T08:50:40.991Z"
    },
    "history": [
      "/Users/jiangheng/Desktop/work-code/xxd-h5/src/mods/contactus/imgs/qq_group_icon@3x.png"
    ],
    "path": "/Users/jiangheng/Desktop/work-code/xxd-h5/src/mods/contactus/imgs/qq_group_icon@3x.png",
    "gulpCache$filePathChangedInsideTask": false,
    "gulpCache$fileBaseChangedInsideTask": false,
    "gulpCache$originalPath": "/Users/jiangheng/Desktop/work-code/xxd-h5/src/mods/contactus/imgs/qq_group_icon@3x.png",
    "gulpCache$originalBase": "/Users/jiangheng/Desktop/work-code/xxd-h5/src/mods/"
  }
]