[
  {
    "cwd": "/Users/jiangheng/Desktop/work-code/xxd-h5",
    "base": "/Users/jiangheng/Desktop/work-code/xxd-h5/src/mods/",
    "contents": {
      "type": "Buffer",
      "data": [
        60,
        33,
        68,
        79,
        67,
        84,
        89,
        80,
        69,
        32,
        104,
        116,
        109,
        108,
        62,
        10,
        60,
        104,
        116,
        109,
        108,
        32,
        108,
        97,
        110,
        103,
        61,
        34,
        101,
        110,
        34,
        62,
        10,
        60,
        104,
        101,
        97,
        100,
        62,
        10,
        32,
        32,
        32,
        32,
        60,
        109,
        101,
        116,
        97,
        32,
        99,
        104,
        97,
        114,
        115,
        101,
        116,
        61,
        34,
        85,
        84,
        70,
        45,
        56,
        34,
        62,
        10,
        32,
        32,
        32,
        32,
        60,
        109,
        101,
        116,
        97,
        32,
        99,
        111,
        110,
        116,
        101,
        110,
        116,
        61,
        34,
        119,
        105,
        100,
        116,
        104,
        61,
        100,
        101,
        118,
        105,
        99,
        101,
        45,
        119,
        105,
        100,
        116,
        104,
        44,
        32,
        105,
        110,
        105,
        116,
        105,
        97,
        108,
        45,
        115,
        99,
        97,
        108,
        101,
        61,
        49,
        46,
        48,
        44,
        32,
        109,
        97,
        120,
        105,
        109,
        117,
        109,
        45,
        115,
        99,
        97,
        108,
        101,
        61,
        49,
        46,
        48,
        44,
        32,
        117,
        115,
        101,
        114,
        45,
        115,
        99,
        97,
        108,
        97,
        98,
        108,
        101,
        61,
        48,
        59,
        34,
        32,
        110,
        97,
        109,
        101,
        61,
        34,
        118,
        105,
        101,
        119,
        112,
        111,
        114,
        116,
        34,
        47,
        62,
        10,
        32,
        32,
        32,
        32,
        60,
        116,
        105,
        116,
        108,
        101,
        62,
        230,
        150,
        176,
        230,
        150,
        176,
        232,
        180,
        183,
        45,
        230,
        179,
        168,
        229,
        134,
        140,
        60,
        47,
        116,
        105,
        116,
        108,
        101,
        62,
        10,
        32,
        32,
        32,
        32,
        60,
        108,
        105,
        110,
        107,
        32,
        114,
        101,
        108,
        61,
        34,
        115,
        116,
        121,
        108,
        101,
        115,
        104,
        101,
        101,
        116,
        34,
        32,
        104,
        114,
        101,
        102,
        61,
        34,
        46,
        46,
        47,
        99,
        115,
        115,
        47,
        98,
        97,
        115,
        101,
        46,
        99,
        115,
        115,
        34,
        62,
        10,
        32,
        32,
        32,
        32,
        60,
        108,
        105,
        110,
        107,
        32,
        114,
        101,
        108,
        61,
        34,
        115,
        116,
        121,
        108,
        101,
        115,
        104,
        101,
        101,
        116,
        34,
        32,
        104,
        114,
        101,
        102,
        61,
        34,
        105,
        110,
        100,
        101,
        120,
        46,
        99,
        115,
        115,
        34,
        62,
        10,
        32,
        32,
        32,
        32,
        60,
        115,
        99,
        114,
        105,
        112,
        116,
        32,
        115,
        114,
        99,
        61,
        34,
        46,
        46,
        47,
        98,
        97,
        115,
        101,
        46,
        106,
        115,
        34,
        62,
        60,
        47,
        115,
        99,
        114,
        105,
        112,
        116,
        62,
        10,
        60,
        47,
        104,
        101,
        97,
        100,
        62,
        10,
        60,
        98,
        111,
        100,
        121,
        62,
        10,
        60,
        100,
        105,
        118,
        32,
        99,
        108,
        97,
        115,
        115,
        61,
        34,
        114,
        101,
        103,
        105,
        115,
        116,
        101,
        114,
        45,
        98,
        111,
        120,
        34,
        62,
        10,
        32,
        32,
        32,
        32,
        60,
        100,
        105,
        118,
        32,
        99,
        108,
        97,
        115,
        115,
        61,
        34,
        114,
        101,
        103,
        105,
        115,
        116,
        101,
        114,
        45,
        104,
        101,
        97,
        100,
        101,
        114,
        32,
        99,
        111,
        109,
        109,
        111,
        110,
        45,
        104,
        101,
        97,
        100,
        101,
        114,
        34,
        62,
        10,
        32,
        32,
        32,
        32,
        32,
        32,
        32,
        32,
        60,
        97,
        32,
        104,
        114,
        101,
        102,
        61,
        34,
        35,
        34,
        32,
        99,
        108,
        97,
        115,
        115,
        61,
        34,
        97,
        114,
        114,
        111,
        119,
        45,
        108,
        101,
        102,
        116,
        45,
        105,
        99,
        111,
        110,
        32,
        104,
        101,
        97,
        100,
        101,
        114,
        45,
        108,
        101,
        102,
        116,
        45,
        97,
        114,
        114,
        111,
        119,
        34,
        62,
        60,
        47,
        97,
        62,
        10,
        32,
        32,
        32,
        32,
        32,
        32,
        32,
        32,
        60,
        100,
        105,
        118,
        32,
        99,
        108,
        97,
        115,
        115,
        61,
        34,
        99,
        111,
        109,
        109,
        111,
        110,
        45,
        104,
        101,
        97,
        100,
        101,
        114,
        45,
        116,
        105,
        116,
        34,
        62,
        230,
        179,
        168,
        229,
        134,
        140,
        230,
        150,
        176,
        232,
        180,
        166,
        230,
        136,
        183,
        60,
        47,
        100,
        105,
        118,
        62,
        10,
        32,
        32,
        32,
        32,
        60,
        47,
        100,
        105,
        118,
        62,
        10,
        32,
        32,
        32,
        32,
        60,
        100,
        105,
        118,
        32,
        99,
        108,
        97,
        115,
        115,
        61,
        34,
        114,
        101,
        103,
        105,
        115,
        116,
        101,
        114,
        45,
        99,
        111,
        110,
        116,
        97,
        105,
        110,
        101,
        114,
        34,
        62,
        10,
        32,
        32,
        32,
        32,
        32,
        32,
        32,
        32,
        60,
        100,
        105,
        118,
        32,
        99,
        108,
        97,
        115,
        115,
        61,
        34,
        105,
        110,
        112,
        117,
        116,
        45,
        119,
        114,
        97,
        112,
        112,
        101,
        114,
        34,
        62,
        10,
        32,
        32,
        32,
        32,
        32,
        32,
        32,
        32,
        32,
        32,
        32,
        32,
        60,
        100,
        105,
        118,
        32,
        99,
        108,
        97,
        115,
        115,
        61,
        34,
        100,
        105,
        118,
        45,
        105,
        110,
        112,
        117,
        116,
        45,
        98,
        111,
        114,
        100,
        101,
        114,
        34,
        62,
        10,
        32,
        32,
        32,
        32,
        32,
        32,
        32,
        32,
        32,
        32,
        32,
        32,
        32,
        32,
        32,
        32,
        60,
        115,
        112,
        97,
        110,
        32,
        99,
        108,
        97,
        115,
        115,
        61,
        34,
        105,
        110,
        112,
        117,
        116,
        45,
        108,
        101,
        102,
        116,
        45,
        105,
        99,
        111,
        110,
        32,
        112,
        104,
        111,
        110,
        101,
        45,
        110,
        117,
        109,
        98,
        101,
        114,
        45,
        105,
        99,
        111,
        110,
        34,
        62,
        60,
        47,
        115,
        112,
        97,
        110,
        62,
        10,
        32,
        32,
        32,
        32,
        32,
        32,
        32,
        32,
        32,
        32,
        32,
        32,
        32,
        32,
        32,
        32,
        60,
        105,
        110,
        112,
        117,
        116,
        32,
        116,
        121,
        112,
        101,
        61,
        34,
        110,
        117,
        109,
        98,
        101,
        114,
        34,
        32,
        99,
        108,
        97,
        115,
        115,
        61,
        34,
        112,
        104,
        111,
        110,
        101,
        45,
        110,
        117,
        109,
        98,
        101,
        114,
        45,
        105,
        110,
        112,
        117,
        116,
        34,
        32,
        112,
        108,
        97,
        99,
        101,
        104,
        111,
        108,
        100,
        101,
        114,
        61,
        34,
        232,
        175,
        183,
        232,
        190,
        147,
        229,
        133,
        165,
        230,
        130,
        168,
        231,
        154,
        132,
        230,
        137,
        139,
        230,
        156,
        186,
        229,
        143,
        183,
        34,
        62,
        10,
        32,
        32,
        32,
        32,
        32,
        32,
        32,
        32,
        32,
        32,
        32,
        32,
        32,
        32,
        32,
        32,
        60,
        115,
        112,
        97,
        110,
        32,
        99,
        108,
        97,
        115,
        115,
        61,
        34,
        105,
        110,
        112,
        117,
        116,
        45,
        114,
        105,
        103,
        104,
        116,
        45,
        105,
        109,
        103,
        32,
        99,
        97,
        110,
        99,
        101,
        108,
        45,
        105,
        109,
        103,
        34,
        62,
        60,
        47,
        115,
        112,
        97,
        110,
        62,
        10,
        32,
        32,
        32,
        32,
        32,
        32,
        32,
        32,
        32,
        32,
        32,
        32,
        60,
        47,
        100,
        105,
        118,
        62,
        10,
        32,
        32,
        32,
        32,
        32,
        32,
        32,
        32,
        32,
        32,
        32,
        32,
        60,
        100,
        105,
        118,
        32,
        99,
        108,
        97,
        115,
        115,
        61,
        34,
        100,
        105,
        118,
        45,
        105,
        110,
        112,
        117,
        116,
        45,
        98,
        111,
        114,
        100,
        101,
        114,
        32,
        109,
        98,
        45,
        48,
        34,
        62,
        10,
        32,
        32,
        32,
        32,
        32,
        32,
        32,
        32,
        32,
        32,
        32,
        32,
        32,
        32,
        32,
        32,
        60,
        115,
        112,
        97,
        110,
        32,
        99,
        108,
        97,
        115,
        115,
        61,
        34,
        105,
        110,
        112,
        117,
        116,
        45,
        108,
        101,
        102,
        116,
        45,
        105,
        99,
        111,
        110,
        32,
        99,
        111,
        100,
        101,
        45,
        105,
        99,
        111,
        110,
        34,
        62,
        60,
        47,
        115,
        112,
        97,
        110,
        62,
        10,
        32,
        32,
        32,
        32,
        32,
        32,
        32,
        32,
        32,
        32,
        32,
        32,
        32,
        32,
        32,
        32,
        60,
        105,
        110,
        112,
        117,
        116,
        32,
        116,
        121,
        112,
        101,
        61,
        34,
        116,
        101,
        120,
        116,
        34,
        32,
        112,
        108,
        97,
        99,
        101,
        104,
        111,
        108,
        100,
        101,
        114,
        61,
        34,
        232,
        175,
        183,
        232,
        190,
        147,
        229,
        133,
        165,
        230,
        137,
        139,
        230,
        156,
        186,
        233,
        170,
        140,
        232,
        175,
        129,
        231,
        160,
        129,
        34,
        62,
        10,
        32,
        32,
        32,
        32,
        32,
        32,
        32,
        32,
        32,
        32,
        32,
        32,
        32,
        32,
        32,
        32,
        60,
        100,
        105,
        118,
        32,
        99,
        108,
        97,
        115,
        115,
        61,
        34,
        99,
        111,
        100,
        101,
        45,
        98,
        116,
        110,
        34,
        62,
        10,
        32,
        32,
        32,
        32,
        32,
        32,
        32,
        32,
        32,
        32,
        32,
        32,
        32,
        32,
        32,
        32,
        32,
        32,
        32,
        32,
        60,
        98,
        117,
        116,
        116,
        111,
        110,
        32,
        99,
        108,
        97,
        115,
        115,
        61,
        34,
        115,
        101,
        110,
        100,
        45,
        99,
        111,
        100,
        101,
        45,
        98,
        116,
        110,
        34,
        62,
        229,
        143,
        145,
        233,
        128,
        129,
        233,
        170,
        140,
        232,
        175,
        129,
        231,
        160,
        129,
        60,
        47,
        98,
        117,
        116,
        116,
        111,
        110,
        62,
        10,
        32,
        32,
        32,
        32,
        32,
        32,
        32,
        32,
        32,
        32,
        32,
        32,
        32,
        32,
        32,
        32,
        60,
        47,
        100,
        105,
        118,
        62,
        10,
        32,
        32,
        32,
        32,
        32,
        32,
        32,
        32,
        32,
        32,
        32,
        32,
        60,
        47,
        100,
        105,
        118,
        62,
        10,
        32,
        32,
        32,
        32,
        32,
        32,
        32,
        32,
        32,
        32,
        32,
        32,
        60,
        100,
        105,
        118,
        32,
        99,
        108,
        97,
        115,
        115,
        61,
        34,
        100,
        105,
        118,
        45,
        108,
        105,
        110,
        107,
        34,
        62,
        60,
        97,
        32,
        104,
        114,
        101,
        102,
        61,
        34,
        35,
        34,
        62,
        232,
        175,
        173,
        233,
        159,
        179,
        233,
        170,
        140,
        232,
        175,
        129,
        231,
        160,
        129,
        60,
        47,
        97,
        62,
        60,
        47,
        100,
        105,
        118,
        62,
        10,
        32,
        32,
        32,
        32,
        32,
        32,
        32,
        32,
        32,
        32,
        32,
        32,
        60,
        100,
        105,
        118,
        32,
        99,
        108,
        97,
        115,
        115,
        61,
        34,
        100,
        105,
        118,
        45,
        105,
        110,
        112,
        117,
        116,
        45,
        98,
        111,
        114,
        100,
        101,
        114,
        34,
        62,
        10,
        32,
        32,
        32,
        32,
        32,
        32,
        32,
        32,
        32,
        32,
        32,
        32,
        32,
        32,
        32,
        32,
        60,
        115,
        112,
        97,
        110,
        32,
        99,
        108,
        97,
        115,
        115,
        61,
        34,
        105,
        110,
        112,
        117,
        116,
        45,
        108,
        101,
        102,
        116,
        45,
        105,
        99,
        111,
        110,
        32,
        112,
        115,
        119,
        45,
        105,
        99,
        111,
        110,
        34,
        62,
        60,
        47,
        115,
        112,
        97,
        110,
        62,
        10,
        32,
        32,
        32,
        32,
        32,
        32,
        32,
        32,
        32,
        32,
        32,
        32,
        32,
        32,
        32,
        32,
        60,
        105,
        110,
        112,
        117,
        116,
        32,
        116,
        121,
        112,
        101,
        61,
        34,
        112,
        97,
        115,
        115,
        119,
        111,
        114,
        100,
        34,
        32,
        112,
        108,
        97,
        99,
        101,
        104,
        111,
        108,
        100,
        101,
        114,
        61,
        34,
        232,
        174,
        190,
        231,
        189,
        174,
        231,
        153,
        187,
        229,
        189,
        149,
        229,
        175,
        134,
        231,
        160,
        129,
        239,
        188,
        136,
        54,
        45,
        49,
        54,
        228,
        189,
        141,
        229,
        173,
        151,
        230,
        175,
        141,
        43,
        230,
        149,
        176,
        229,
        173,
        151,
        41,
        34,
        62,
        10,
        32,
        32,
        32,
        32,
        32,
        32,
        32,
        32,
        32,
        32,
        32,
        32,
        32,
        32,
        32,
        32,
        60,
        115,
        112,
        97,
        110,
        32,
        99,
        108,
        97,
        115,
        115,
        61,
        34,
        105,
        110,
        112,
        117,
        116,
        45,
        114,
        105,
        103,
        104,
        116,
        45,
        105,
        109,
        103,
        32,
        101,
        121,
        101,
        45,
        105,
        109,
        103,
        32,
        101,
        121,
        101,
        45,
        111,
        112,
        101,
        110,
        45,
        105,
        109,
        103,
        34,
        62,
        60,
        47,
        115,
        112,
        97,
        110,
        62,
        10,
        32,
        32,
        32,
        32,
        32,
        32,
        32,
        32,
        32,
        32,
        32,
        32,
        32,
        32,
        32,
        32,
        60,
        33,
        45,
        45,
        101,
        121,
        101,
        45,
        111,
        112,
        101,
        110,
        45,
        105,
        109,
        103,
        32,
        228,
        184,
        186,
        230,
        152,
        190,
        231,
        164,
        186,
        229,
        175,
        134,
        231,
        160,
        129,
        231,
        138,
        182,
        230,
        128,
        129,
        45,
        45,
        62,
        10,
        32,
        32,
        32,
        32,
        32,
        32,
        32,
        32,
        32,
        32,
        32,
        32,
        60,
        47,
        100,
        105,
        118,
        62,
        10,
        32,
        32,
        32,
        32,
        32,
        32,
        32,
        32,
        32,
        32,
        32,
        32,
        60,
        100,
        105,
        118,
        32,
        99,
        108,
        97,
        115,
        115,
        61,
        34,
        100,
        105,
        118,
        45,
        99,
        104,
        101,
        99,
        107,
        98,
        111,
        120,
        34,
        62,
        10,
        32,
        32,
        32,
        32,
        32,
        32,
        32,
        32,
        32,
        32,
        32,
        32,
        32,
        32,
        32,
        32,
        60,
        108,
        97,
        98,
        101,
        108,
        32,
        102,
        111,
        114,
        61,
        34,
        34,
        62,
        10,
        32,
        32,
        32,
        32,
        32,
        32,
        32,
        32,
        32,
        32,
        32,
        32,
        32,
        32,
        32,
        32,
        32,
        32,
        32,
        32,
        60,
        115,
        112,
        97,
        110,
        32,
        99,
        108,
        97,
        115,
        115,
        61,
        34,
        99,
        104,
        101,
        99,
        107,
        98,
        111,
        120,
        32,
        99,
        104,
        101,
        99,
        107,
        101,
        100,
        34,
        62,
        60,
        47,
        115,
        112,
        97,
        110,
        62,
        10,
        32,
        32,
        32,
        32,
        32,
        32,
        32,
        32,
        32,
        32,
        32,
        32,
        32,
        32,
        32,
        32,
        32,
        32,
        32,
        32,
        60,
        105,
        110,
        112,
        117,
        116,
        32,
        116,
        121,
        112,
        101,
        61,
        34,
        99,
        104,
        101,
        99,
        107,
        98,
        111,
        120,
        34,
        32,
        99,
        104,
        101,
        99,
        107,
        101,
        100,
        62,
        10,
        32,
        32,
        32,
        32,
        32,
        32,
        32,
        32,
        32,
        32,
        32,
        32,
        32,
        32,
        32,
        32,
        60,
        47,
        108,
        97,
        98,
        101,
        108,
        62,
        10,
        32,
        32,
        32,
        32,
        32,
        32,
        32,
        32,
        32,
        32,
        32,
        32,
        32,
        32,
        32,
        32,
        60,
        100,
        105,
        118,
        32,
        99,
        108,
        97,
        115,
        115,
        61,
        34,
        97,
        103,
        114,
        101,
        101,
        109,
        101,
        110,
        116,
        34,
        62,
        10,
        32,
        32,
        32,
        32,
        32,
        32,
        32,
        32,
        32,
        32,
        32,
        32,
        32,
        32,
        32,
        32,
        32,
        32,
        32,
        32,
        230,
        136,
        145,
        229,
        183,
        178,
        233,
        152,
        133,
        232,
        175,
        187,
        229,
        185,
        182,
        229,
        144,
        140,
        230,
        132,
        143,
        60,
        97,
        32,
        104,
        114,
        101,
        102,
        61,
        34,
        35,
        34,
        62,
        227,
        128,
        138,
        230,
        150,
        176,
        230,
        150,
        176,
        232,
        180,
        183,
        230,
        179,
        168,
        229,
        134,
        140,
        228,
        189,
        191,
        231,
        148,
        168,
        229,
        141,
        143,
        232,
        174,
        174,
        227,
        128,
        139,
        227,
        128,
        129,
        60,
        47,
        97,
        62,
        60,
        97,
        32,
        104,
        114,
        101,
        102,
        61,
        34,
        35,
        34,
        62,
        227,
        128,
        138,
        232,
        181,
        132,
        233,
        135,
        145,
        229,
        135,
        186,
        229,
        128,
        159,
        233,
        163,
        142,
        233,
        153,
        169,
        230,
        143,
        144,
        231,
        164,
        186,
        229,
        135,
        189,
        227,
        128,
        139,
        60,
        47,
        97,
        62,
        10,
        32,
        32,
        32,
        32,
        32,
        32,
        32,
        32,
        32,
        32,
        32,
        32,
        32,
        32,
        32,
        32,
        60,
        47,
        100,
        105,
        118,
        62,
        10,
        32,
        32,
        32,
        32,
        32,
        32,
        32,
        32,
        32,
        32,
        32,
        32,
        60,
        47,
        100,
        105,
        118,
        62,
        10,
        32,
        32,
        32,
        32,
        32,
        32,
        32,
        32,
        32,
        32,
        32,
        32,
        60,
        100,
        105,
        118,
        32,
        99,
        108,
        97,
        115,
        115,
        61,
        34,
        100,
        105,
        118,
        45,
        98,
        117,
        116,
        116,
        111,
        110,
        34,
        62,
        10,
        32,
        32,
        32,
        32,
        32,
        32,
        32,
        32,
        32,
        32,
        32,
        32,
        32,
        32,
        32,
        32,
        60,
        98,
        117,
        116,
        116,
        111,
        110,
        62,
        230,
        179,
        168,
        229,
        134,
        140,
        60,
        47,
        98,
        117,
        116,
        116,
        111,
        110,
        62,
        10,
        32,
        32,
        32,
        32,
        32,
        32,
        32,
        32,
        32,
        32,
        32,
        32,
        60,
        47,
        100,
        105,
        118,
        62,
        10,
        32,
        32,
        32,
        32,
        32,
        32,
        32,
        32,
        32,
        32,
        32,
        32,
        60,
        100,
        105,
        118,
        32,
        99,
        108,
        97,
        115,
        115,
        61,
        34,
        100,
        105,
        118,
        45,
        108,
        111,
        103,
        105,
        110,
        34,
        62,
        10,
        32,
        32,
        32,
        32,
        32,
        32,
        32,
        32,
        32,
        32,
        32,
        32,
        32,
        32,
        32,
        32,
        229,
        183,
        178,
        230,
        152,
        175,
        230,
        150,
        176,
        230,
        150,
        176,
        232,
        180,
        183,
        228,
        188,
        154,
        229,
        145,
        152,
        239,
        188,
        140,
        60,
        97,
        32,
        104,
        114,
        101,
        102,
        61,
        34,
        35,
        34,
        62,
        233,
        169,
        172,
        228,
        184,
        138,
        231,
        153,
        187,
        229,
        189,
        149,
        60,
        47,
        97,
        62,
        10,
        32,
        32,
        32,
        32,
        32,
        32,
        32,
        32,
        32,
        32,
        32,
        32,
        60,
        47,
        100,
        105,
        118,
        62,
        10,
        32,
        32,
        32,
        32,
        32,
        32,
        32,
        32,
        60,
        47,
        100,
        105,
        118,
        62,
        10,
        32,
        32,
        32,
        32,
        32,
        32,
        32,
        32,
        60,
        100,
        105,
        118,
        32,
        99,
        108,
        97,
        115,
        115,
        61,
        34,
        116,
        105,
        112,
        115,
        34,
        62,
        10,
        32,
        32,
        32,
        32,
        32,
        32,
        32,
        32,
        32,
        32,
        32,
        32,
        60,
        100,
        105,
        118,
        32,
        99,
        108,
        97,
        115,
        115,
        61,
        34,
        105,
        109,
        103,
        45,
        98,
        108,
        111,
        99,
        107,
        34,
        62,
        60,
        47,
        100,
        105,
        118,
        62,
        10,
        32,
        32,
        32,
        32,
        32,
        32,
        32,
        32,
        32,
        32,
        32,
        32,
        60,
        112,
        62,
        230,
        150,
        176,
        230,
        150,
        176,
        232,
        180,
        183,
        229,
        183,
        178,
        230,
        142,
        165,
        229,
        133,
        165,
        228,
        184,
        138,
        230,
        181,
        183,
        229,
        141,
        142,
        231,
        145,
        158,
        233,
        147,
        182,
        232,
        161,
        140,
        229,
        173,
        152,
        231,
        174,
        161,
        60,
        47,
        112,
        62,
        10,
        32,
        32,
        32,
        32,
        32,
        32,
        32,
        32,
        60,
        47,
        100,
        105,
        118,
        62,
        10,
        32,
        32,
        32,
        32,
        32,
        32,
        32,
        32,
        60,
        33,
        45,
        45,
        233,
        170,
        140,
        232,
        175,
        129,
        231,
        160,
        129,
        229,
        188,
        185,
        231,
        170,
        151,
        45,
        45,
        62,
        10,
        32,
        32,
        32,
        32,
        32,
        32,
        32,
        32,
        60,
        100,
        105,
        118,
        32,
        99,
        108,
        97,
        115,
        115,
        61,
        34,
        97,
        117,
        116,
        104,
        99,
        111,
        100,
        101,
        45,
        97,
        108,
        101,
        114,
        116,
        45,
        119,
        114,
        97,
        112,
        112,
        101,
        114,
        34,
        62,
        10,
        32,
        32,
        32,
        32,
        32,
        32,
        32,
        32,
        32,
        32,
        32,
        32,
        60,
        100,
        105,
        118,
        32,
        99,
        108,
        97,
        115,
        115,
        61,
        34,
        97,
        117,
        116,
        104,
        99,
        111,
        100,
        101,
        45,
        97,
        108,
        101,
        114,
        116,
        45,
        98,
        111,
        120,
        34,
        62,
        10,
        32,
        32,
        32,
        32,
        32,
        32,
        32,
        32,
        32,
        32,
        32,
        32,
        32,
        32,
        32,
        32,
        60,
        112,
        32,
        99,
        108,
        97,
        115,
        115,
        61,
        34,
        97,
        117,
        116,
        104,
        99,
        111,
        100,
        101,
        45,
        97,
        108,
        101,
        114,
        116,
        45,
        116,
        105,
        116,
        34,
        62,
        232,
        190,
        147,
        229,
        133,
        165,
        233,
        170,
        140,
        232,
        175,
        129,
        231,
        160,
        129,
        60,
        47,
        112,
        62,
        10,
        32,
        32,
        32,
        32,
        32,
        32,
        32,
        32,
        32,
        32,
        32,
        32,
        32,
        32,
        32,
        32,
        60,
        100,
        105,
        118,
        32,
        99,
        108,
        97,
        115,
        115,
        61,
        34,
        97,
        117,
        116,
        104,
        99,
        111,
        100,
        101,
        45,
        105,
        110,
        112,
        117,
        116,
        45,
        98,
        111,
        120,
        34,
        62,
        10,
        32,
        32,
        32,
        32,
        32,
        32,
        32,
        32,
        32,
        32,
        32,
        32,
        32,
        32,
        32,
        32,
        32,
        32,
        32,
        32,
        60,
        100,
        105,
        118,
        32,
        99,
        108,
        97,
        115,
        115,
        61,
        34,
        97,
        117,
        116,
        104,
        99,
        111,
        100,
        101,
        45,
        105,
        110,
        112,
        117,
        116,
        34,
        62,
        10,
        32,
        32,
        32,
        32,
        32,
        32,
        32,
        32,
        32,
        32,
        32,
        32,
        32,
        32,
        32,
        32,
        32,
        32,
        32,
        32,
        32,
        32,
        32,
        32,
        60,
        105,
        110,
        112,
        117,
        116,
        32,
        116,
        121,
        112,
        101,
        61,
        34,
        116,
        101,
        120,
        116,
        34,
        62,
        10,
        32,
        32,
        32,
        32,
        32,
        32,
        32,
        32,
        32,
        32,
        32,
        32,
        32,
        32,
        32,
        32,
        32,
        32,
        32,
        32,
        32,
        32,
        32,
        32,
        60,
        115,
        112,
        97,
        110,
        32,
        99,
        108,
        97,
        115,
        115,
        61,
        34,
        97,
        117,
        116,
        104,
        99,
        111,
        100,
        101,
        45,
        105,
        109,
        103,
        34,
        62,
        60,
        47,
        115,
        112,
        97,
        110,
        62,
        10,
        32,
        32,
        32,
        32,
        32,
        32,
        32,
        32,
        32,
        32,
        32,
        32,
        32,
        32,
        32,
        32,
        32,
        32,
        32,
        32,
        60,
        47,
        100,
        105,
        118,
        62,
        10,
        32,
        32,
        32,
        32,
        32,
        32,
        32,
        32,
        32,
        32,
        32,
        32,
        32,
        32,
        32,
        32,
        32,
        32,
        32,
        32,
        60,
        112,
        32,
        99,
        108,
        97,
        115,
        115,
        61,
        34,
        97,
        117,
        116,
        104,
        99,
        111,
        100,
        101,
        45,
        101,
        114,
        114,
        111,
        114,
        45,
        116,
        105,
        112,
        115,
        34,
        62,
        233,
        170,
        140,
        232,
        175,
        129,
        231,
        160,
        129,
        233,
        148,
        153,
        232,
        175,
        175,
        239,
        188,
        140,
        232,
        175,
        183,
        233,
        135,
        141,
        230,
        150,
        176,
        232,
        190,
        147,
        229,
        133,
        165,
        60,
        47,
        112,
        62,
        10,
        32,
        32,
        32,
        32,
        32,
        32,
        32,
        32,
        32,
        32,
        32,
        32,
        32,
        32,
        32,
        32,
        60,
        47,
        100,
        105,
        118,
        62,
        10,
        10,
        32,
        32,
        32,
        32,
        32,
        32,
        32,
        32,
        32,
        32,
        32,
        32,
        32,
        32,
        32,
        32,
        60,
        100,
        105,
        118,
        32,
        99,
        108,
        97,
        115,
        115,
        61,
        34,
        97,
        117,
        116,
        104,
        99,
        111,
        100,
        101,
        45,
        97,
        108,
        101,
        114,
        116,
        45,
        98,
        116,
        110,
        34,
        62,
        10,
        32,
        32,
        32,
        32,
        32,
        32,
        32,
        32,
        32,
        32,
        32,
        32,
        32,
        32,
        32,
        32,
        32,
        32,
        32,
        32,
        60,
        98,
        117,
        116,
        116,
        111,
        110,
        32,
        99,
        108,
        97,
        115,
        115,
        61,
        34,
        99,
        97,
        110,
        99,
        101,
        108,
        45,
        98,
        116,
        110,
        34,
        62,
        229,
        143,
        150,
        230,
        182,
        136,
        60,
        47,
        98,
        117,
        116,
        116,
        111,
        110,
        62,
        10,
        32,
        32,
        32,
        32,
        32,
        32,
        32,
        32,
        32,
        32,
        32,
        32,
        32,
        32,
        32,
        32,
        32,
        32,
        32,
        32,
        60,
        98,
        117,
        116,
        116,
        111,
        110,
        32,
        99,
        108,
        97,
        115,
        115,
        61,
        34,
        111,
        107,
        45,
        98,
        116,
        110,
        34,
        62,
        231,
        161,
        174,
        232,
        174,
        164,
        60,
        47,
        98,
        117,
        116,
        116,
        111,
        110,
        62,
        10,
        32,
        32,
        32,
        32,
        32,
        32,
        32,
        32,
        32,
        32,
        32,
        32,
        32,
        32,
        32,
        32,
        60,
        47,
        100,
        105,
        118,
        62,
        10,
        32,
        32,
        32,
        32,
        32,
        32,
        32,
        32,
        32,
        32,
        32,
        32,
        60,
        47,
        100,
        105,
        118,
        62,
        10,
        32,
        32,
        32,
        32,
        32,
        32,
        32,
        32,
        60,
        47,
        100,
        105,
        118,
        62,
        10,
        32,
        32,
        32,
        32,
        32,
        32,
        32,
        32,
        60,
        33,
        45,
        45,
        233,
        170,
        140,
        232,
        175,
        129,
        231,
        160,
        129,
        229,
        188,
        185,
        231,
        170,
        151,
        45,
        45,
        62,
        10,
        32,
        32,
        32,
        32,
        60,
        47,
        100,
        105,
        118,
        62,
        10,
        60,
        47,
        100,
        105,
        118,
        62,
        10,
        60,
        47,
        98,
        111,
        100,
        121,
        62,
        10,
        60,
        47,
        104,
        116,
        109,
        108,
        62
      ]
    },
    "stat": {
      "dev": 16777220,
      "mode": 33188,
      "nlink": 1,
      "uid": 501,
      "gid": 20,
      "rdev": 0,
      "blksize": 4194304,
      "ino": 2088872,
      "size": 3358,
      "blocks": 8,
      "atime": "2018-04-17T07:59:11.782Z",
      "mtime": "2018-03-22T08:50:41.062Z",
      "ctime": "2018-03-22T08:50:41.062Z",
      "birthtime": "2018-03-22T08:50:41.062Z"
    },
    "history": [
      "/Users/jiangheng/Desktop/work-code/xxd-h5/src/mods/register/index.html"
    ],
    "path": "/Users/jiangheng/Desktop/work-code/xxd-h5/src/mods/register/index.html",
    "gulpCache$filePathChangedInsideTask": false,
    "gulpCache$fileBaseChangedInsideTask": false,
    "gulpCache$originalPath": "/Users/jiangheng/Desktop/work-code/xxd-h5/src/mods/register/index.html",
    "gulpCache$originalBase": "/Users/jiangheng/Desktop/work-code/xxd-h5/src/mods/"
  }
]