[
  {
    "cwd": "/Users/jiangheng/Desktop/work-code/xxd-h5",
    "base": "/Users/jiangheng/Desktop/work-code/xxd-h5/src/mods/",
    "contents": {
      "type": "Buffer",
      "data": [
        137,
        80,
        78,
        71,
        13,
        10,
        26,
        10,
        0,
        0,
        0,
        13,
        73,
        72,
        68,
        82,
        0,
        0,
        0,
        60,
        0,
        0,
        0,
        58,
        8,
        6,
        0,
        0,
        0,
        236,
        165,
        58,
        111,
        0,
        0,
        3,
        132,
        73,
        68,
        65,
        84,
        104,
        222,
        237,
        154,
        75,
        104,
        83,
        65,
        20,
        134,
        167,
        73,
        99,
        210,
        198,
        119,
        80,
        169,
        15,
        16,
        220,
        136,
        168,
        45,
        214,
        7,
        93,
        116,
        163,
        69,
        80,
        112,
        97,
        85,
        132,
        32,
        110,
        42,
        72,
        171,
        17,
        23,
        218,
        180,
        138,
        136,
        216,
        210,
        250,
        66,
        165,
        16,
        42,
        85,
        80,
        193,
        157,
        160,
        104,
        237,
        66,
        65,
        84,
        16,
        36,
        24,
        181,
        69,
        113,
        83,
        221,
        136,
        168,
        224,
        179,
        106,
        181,
        70,
        111,
        252,
        79,
        58,
        129,
        136,
        105,
        51,
        51,
        247,
        222,
        220,
        220,
        220,
        30,
        248,
        160,
        9,
        115,
        239,
        228,
        239,
        156,
        115,
        230,
        204,
        163,
        168,
        235,
        236,
        103,
        150,
        193,
        182,
        131,
        195,
        96,
        26,
        203,
        189,
        189,
        6,
        97,
        112,
        73,
        164,
        241,
        182,
        186,
        73,
        82,
        47,
        119,
        101,
        248,
        174,
        6,
        116,
        90,
        36,
        150,
        108,
        22,
        184,
        8,
        150,
        155,
        241,
        242,
        226,
        68,
        226,
        191,
        239,
        214,
        51,
        235,
        141,
        6,
        98,
        29,
        136,
        230,
        66,
        176,
        159,
        229,
        135,
        77,
        48,
        101,
        132,
        25,
        43,
        98,
        78,
        178,
        76,
        35,
        60,
        38,
        120,
        76,
        176,
        67,
        5,
        255,
        2,
        47,
        193,
        144,
        196,
        51,
        62,
        48,
        111,
        56,
        119,
        88,
        38,
        88,
        41,
        105,
        93,
        165,
        57,
        31,
        124,
        80,
        120,
        182,
        140,
        207,
        179,
        53,
        118,
        25,
        225,
        119,
        32,
        8,
        126,
        40,
        246,
        249,
        6,
        108,
        2,
        175,
        192,
        120,
        59,
        8,
        142,
        234,
        16,
        155,
        50,
        170,
        103,
        31,
        131,
        106,
        59,
        8,
        214,
        12,
        234,
        91,
        179,
        196,
        165,
        53,
        249,
        24,
        46,
        231,
        73,
        231,
        183,
        142,
        126,
        75,
        192,
        66,
        75,
        106,
        86,
        26,
        97,
        73,
        230,
        130,
        147,
        192,
        163,
        240,
        44,
        225,
        3,
        157,
        32,
        160,
        248,
        252,
        63,
        200,
        187,
        180,
        154,
        99,
        237,
        4,
        181,
        160,
        151,
        79,
        79,
        162,
        230,
        5,
        149,
        22,
        174,
        196,
        200,
        165,
        149,
        159,
        157,
        201,
        177,
        91,
        225,
        225,
        180,
        197,
        131,
        198,
        156,
        37,
        88,
        203,
        223,
        90,
        154,
        226,
        188,
        34,
        91,
        163,
        246,
        163,
        223,
        211,
        63,
        82,
        125,
        208,
        223,
        212,
        232,
        255,
        99,
        71,
        151,
        14,
        114,
        164,
        43,
        185,
        182,
        35,
        131,
        193,
        230,
        112,
        233,
        157,
        140,
        211,
        146,
        6,
        151,
        46,
        48,
        202,
        192,
        229,
        214,
        182,
        65,
        191,
        145,
        171,
        165,
        183,
        224,
        0,
        136,
        1,
        153,
        55,
        184,
        65,
        21,
        56,
        4,
        166,
        154,
        232,
        29,
        1,
        30,
        14,
        247,
        141,
        168,
        180,
        226,
        96,
        37,
        120,
        174,
        248,
        99,
        98,
        188,
        30,
        127,
        192,
        204,
        221,
        95,
        242,
        24,
        149,
        165,
        239,
        233,
        16,
        155,
        190,
        0,
        161,
        197,
        195,
        18,
        59,
        100,
        233,
        111,
        6,
        245,
        253,
        213,
        162,
        121,
        88,
        218,
        171,
        166,
        27,
        212,
        247,
        12,
        187,
        108,
        0,
        80,
        210,
        89,
        13,
        110,
        234,
        232,
        119,
        51,
        152,
        111,
        167,
        194,
        227,
        58,
        56,
        195,
        227,
        80,
        230,
        13,
        116,
        162,
        176,
        2,
        212,
        89,
        88,
        90,
        42,
        37,
        202,
        113,
        32,
        148,
        131,
        223,
        23,
        1,
        109,
        2,
        121,
        131,
        146,
        223,
        121,
        48,
        199,
        206,
        165,
        101,
        140,
        47,
        67,
        71,
        253,
        133,
        237,
        173,
        180,
        226,
        100,
        183,
        155,
        246,
        15,
        213,
        137,
        132,
        89,
        62,
        239,
        75,
        63,
        149,
        9,
        23,
        232,
        120,
        98,
        166,
        75,
        231,
        194,
        86,
        177,
        225,
        93,
        77,
        161,
        105,
        16,
        58,
        106,
        237,
        190,
        90,
        154,
        13,
        238,
        130,
        211,
        96,
        96,
        164,
        70,
        123,
        194,
        201,
        13,
        151,
        165,
        96,
        175,
        89,
        211,
        82,
        122,
        181,
        244,
        144,
        151,
        154,
        50,
        201,
        174,
        74,
        100,
        217,
        151,
        150,
        140,
        46,
        88,
        61,
        15,
        147,
        53,
        130,
        99,
        138,
        125,
        82,
        12,
        181,
        128,
        125,
        118,
        217,
        226,
        121,
        6,
        142,
        235,
        232,
        147,
        254,
        197,
        7,
        193,
        86,
        238,
        182,
        121,
        191,
        197,
        211,
        47,
        89,
        108,
        100,
        50,
        218,
        211,
        126,
        97,
        137,
        96,
        133,
        164,
        101,
        212,
        201,
        159,
        71,
        160,
        205,
        79,
        112,
        67,
        32,
        83,
        151,
        139,
        230,
        5,
        149,
        24,
        174,
        230,
        139,
        247,
        143,
        58,
        196,
        210,
        77,
        157,
        74,
        1,
        177,
        84,
        134,
        246,
        141,
        214,
        168,
        227,
        148,
        135,
        133,
        118,
        199,
        41,
        46,
        187,
        68,
        74,
        86,
        149,
        147,
        135,
        137,
        160,
        27,
        44,
        86,
        60,
        45,
        88,
        6,
        122,
        128,
        55,
        75,
        187,
        107,
        160,
        79,
        228,
        228,
        1,
        162,
        19,
        248,
        187,
        69,
        228,
        84,
        162,
        88,
        49,
        26,
        105,
        106,
        233,
        229,
        163,
        32,
        123,
        32,
        238,
        21,
        108,
        91,
        42,
        153,
        10,
        75,
        196,
        92,
        90,
        95,
        28,
        250,
        56,
        102,
        216,
        26,
        176,
        22,
        244,
        100,
        107,
        184,
        99,
        87,
        156,
        196,
        158,
        48,
        187,
        240,
        48,
        219,
        220,
        60,
        97,
        81,
        141,
        252,
        101,
        164,
        70,
        13,
        161,
        100,
        221,
        67,
        39,
        145,
        1,
        177,
        140,
        155,
        255,
        151,
        90,
        42,
        140,
        124,
        153,
        29,
        4,
        27,
        106,
        46,
        230,
        48,
        115,
        220,
        8,
        167,
        87,
        77,
        116,
        127,
        138,
        174,
        18,
        45,
        40,
        16,
        109,
        27,
        27,
        26,
        226,
        20,
        255,
        116,
        129,
        166,
        59,
        18,
        241,
        188,
        79,
        174,
        92,
        234,
        235,
        147,
        235,
        201,
        45,
        124,
        79,
        200,
        93,
        160,
        3,
        251,
        137,
        6,
        19,
        162,
        31,
        185,
        120,
        77,
        219,
        81,
        192,
        98,
        201,
        166,
        164,
        230,
        105,
        23,
        175,
        107,
        39,
        59,
        32,
        124,
        23,
        57,
        45,
        75,
        23,
        59,
        114,
        90,
        114,
        164,
        224,
        33,
        135,
        104,
        29,
        72,
        9,
        166,
        219,
        173,
        81,
        7,
        8,
        190,
        146,
        238,
        210,
        27,
        192,
        45,
        198,
        10,
        178,
        238,
        34,
        15,
        62,
        7,
        154,
        233,
        195,
        95,
        38,
        136,
        28,
        205,
        239,
        122,
        115,
        79,
        0,
        0,
        0,
        0,
        73,
        69,
        78,
        68,
        174,
        66,
        96,
        130
      ]
    },
    "stat": {
      "dev": 16777220,
      "mode": 33188,
      "nlink": 1,
      "uid": 501,
      "gid": 20,
      "rdev": 0,
      "blksize": 4194304,
      "ino": 2088660,
      "size": 1817,
      "blocks": 8,
      "atime": "2018-04-17T07:59:11.790Z",
      "mtime": "2018-03-22T08:50:41.011Z",
      "ctime": "2018-03-22T08:50:41.011Z",
      "birthtime": "2018-03-22T08:50:41.011Z"
    },
    "history": [
      "/Users/jiangheng/Desktop/work-code/xxd-h5/src/mods/home/imgs/sasac_icon@3x.png"
    ],
    "path": "/Users/jiangheng/Desktop/work-code/xxd-h5/src/mods/home/imgs/sasac_icon@3x.png",
    "gulpCache$filePathChangedInsideTask": false,
    "gulpCache$fileBaseChangedInsideTask": false,
    "gulpCache$originalPath": "/Users/jiangheng/Desktop/work-code/xxd-h5/src/mods/home/imgs/sasac_icon@3x.png",
    "gulpCache$originalBase": "/Users/jiangheng/Desktop/work-code/xxd-h5/src/mods/"
  }
]