[
  {
    "cwd": "/Users/jiangheng/Desktop/work-code/xxd-h5",
    "base": "/Users/jiangheng/Desktop/work-code/xxd-h5/src/mods/",
    "contents": {
      "type": "Buffer",
      "data": [
        137,
        80,
        78,
        71,
        13,
        10,
        26,
        10,
        0,
        0,
        0,
        13,
        73,
        72,
        68,
        82,
        0,
        0,
        0,
        24,
        0,
        0,
        0,
        25,
        8,
        6,
        0,
        0,
        0,
        43,
        43,
        238,
        93,
        0,
        0,
        2,
        77,
        73,
        68,
        65,
        84,
        120,
        218,
        172,
        150,
        79,
        72,
        84,
        81,
        20,
        135,
        103,
        156,
        25,
        9,
        71,
        176,
        192,
        50,
        169,
        133,
        96,
        70,
        68,
        40,
        181,
        208,
        133,
        144,
        81,
        97,
        129,
        89,
        6,
        65,
        100,
        16,
        237,
        172,
        149,
        11,
        161,
        196,
        69,
        8,
        226,
        74,
        133,
        32,
        34,
        8,
        181,
        118,
        133,
        40,
        154,
        86,
        148,
        84,
        11,
        37,
        161,
        69,
        80,
        68,
        180,
        168,
        22,
        9,
        65,
        18,
        165,
        130,
        163,
        212,
        140,
        217,
        119,
        135,
        223,
        133,
        203,
        48,
        206,
        188,
        249,
        115,
        224,
        227,
        190,
        121,
        239,
        221,
        243,
        187,
        231,
        156,
        123,
        238,
        27,
        127,
        168,
        127,
        197,
        151,
        129,
        117,
        192,
        42,
        220,
        177,
        55,
        254,
        118,
        132,
        83,
        78,
        8,
        102,
        224,
        188,
        29,
        250,
        117,
        93,
        4,
        3,
        94,
        38,
        121,
        21,
        184,
        4,
        55,
        225,
        157,
        34,
        48,
        66,
        191,
        224,
        126,
        62,
        4,
        78,
        195,
        48,
        124,
        129,
        70,
        136,
        194,
        44,
        12,
        193,
        111,
        152,
        76,
        53,
        185,
        32,
        141,
        243,
        6,
        120,
        8,
        63,
        224,
        56,
        252,
        132,
        37,
        56,
        9,
        243,
        230,
        89,
        225,
        64,
        228,
        112,
        182,
        2,
        7,
        181,
        186,
        8,
        156,
        128,
        111,
        206,
        179,
        239,
        138,
        198,
        60,
        155,
        66,
        164,
        38,
        83,
        129,
        42,
        152,
        134,
        0,
        156,
        130,
        143,
        73,
        222,
        249,
        172,
        72,
        140,
        77,
        35,
        178,
        199,
        171,
        192,
        110,
        120,
        1,
        37,
        112,
        6,
        222,
        164,
        136,
        242,
        45,
        156,
        133,
        109,
        240,
        28,
        145,
        242,
        116,
        2,
        219,
        205,
        139,
        18,
        185,
        0,
        47,
        211,
        237,
        0,
        250,
        224,
        21,
        67,
        43,
        84,
        40,
        146,
        146,
        205,
        4,
        138,
        225,
        49,
        236,
        135,
        54,
        24,
        243,
        218,
        32,
        136,
        140,
        50,
        92,
        133,
        3,
        240,
        4,
        145,
        162,
        68,
        129,
        66,
        152,
        128,
        90,
        184,
        6,
        131,
        186,
        31,
        146,
        104,
        83,
        18,
        191,
        71,
        224,
        25,
        206,
        194,
        18,
        185,
        203,
        112,
        3,
        234,
        97,
        132,
        251,
        65,
        43,
        96,
        10,
        249,
        0,
        142,
        169,
        129,
        250,
        28,
        39,
        235,
        240,
        15,
        198,
        213,
        15,
        214,
        142,
        194,
        83,
        229,
        62,
        230,
        68,
        210,
        195,
        112,
        75,
        11,
        26,
        70,
        196,
        31,
        8,
        52,
        118,
        221,
        86,
        167,
        154,
        198,
        121,
        173,
        157,
        49,
        167,
        57,
        27,
        74,
        213,
        33,
        232,
        130,
        247,
        176,
        75,
        81,
        125,
        48,
        91,
        21,
        167,
        17,
        43,
        128,
        67,
        147,
        166,
        5,
        109,
        223,
        139,
        16,
        54,
        97,
        148,
        171,
        83,
        219,
        84,
        212,
        6,
        231,
        204,
        137,
        47,
        12,
        206,
        193,
        168,
        136,
        89,
        231,
        176,
        156,
        144,
        182,
        235,
        26,
        247,
        42,
        59,
        213,
        65,
        109,
        179,
        205,
        204,
        212,
        96,
        70,
        139,
        8,
        37,
        240,
        8,
        22,
        89,
        117,
        43,
        81,
        172,
        37,
        20,
        221,
        44,
        234,
        188,
        151,
        179,
        40,
        170,
        109,
        187,
        85,
        191,
        155,
        213,
        31,
        243,
        250,
        189,
        170,
        26,
        229,
        116,
        216,
        117,
        59,
        215,
        21,
        18,
        107,
        201,
        231,
        247,
        224,
        10,
        236,
        212,
        245,
        62,
        141,
        151,
        53,
        46,
        42,
        85,
        89,
        11,
        152,
        92,
        119,
        58,
        41,
        10,
        107,
        206,
        61,
        155,
        66,
        106,
        176,
        131,
        40,
        150,
        178,
        21,
        136,
        42,
        45,
        214,
        76,
        51,
        150,
        234,
        0,
        140,
        63,
        119,
        183,
        105,
        174,
        159,
        76,
        107,
        49,
        125,
        19,
        60,
        89,
        65,
        22,
        206,
        99,
        153,
        76,
        8,
        38,
        73,
        137,
        79,
        77,
        183,
        144,
        228,
        253,
        57,
        213,
        165,
        197,
        233,
        94,
        123,
        185,
        5,
        202,
        156,
        45,
        28,
        55,
        191,
        243,
        183,
        229,
        19,
        84,
        202,
        65,
        46,
        246,
        7,
        190,
        66,
        29,
        245,
        89,
        113,
        35,
        232,
        85,
        1,
        243,
        97,
        107,
        106,
        66,
        223,
        127,
        1,
        6,
        0,
        60,
        195,
        156,
        149,
        215,
        23,
        121,
        120,
        0,
        0,
        0,
        0,
        73,
        69,
        78,
        68,
        174,
        66,
        96,
        130
      ]
    },
    "stat": {
      "dev": 16777220,
      "mode": 33188,
      "nlink": 1,
      "uid": 501,
      "gid": 20,
      "rdev": 0,
      "blksize": 4194304,
      "ino": 2088783,
      "size": 1503,
      "blocks": 8,
      "atime": "2018-04-17T07:59:11.794Z",
      "mtime": "2018-03-22T08:50:41.042Z",
      "ctime": "2018-03-22T08:50:41.042Z",
      "birthtime": "2018-03-22T08:50:41.042Z"
    },
    "history": [
      "/Users/jiangheng/Desktop/work-code/xxd-h5/src/mods/personal/imgs/bank_icon@2x.png"
    ],
    "path": "/Users/jiangheng/Desktop/work-code/xxd-h5/src/mods/personal/imgs/bank_icon@2x.png",
    "gulpCache$filePathChangedInsideTask": false,
    "gulpCache$fileBaseChangedInsideTask": false,
    "gulpCache$originalPath": "/Users/jiangheng/Desktop/work-code/xxd-h5/src/mods/personal/imgs/bank_icon@2x.png",
    "gulpCache$originalBase": "/Users/jiangheng/Desktop/work-code/xxd-h5/src/mods/"
  }
]