[
  {
    "cwd": "/Users/jiangheng/Desktop/work-code/xxd-h5",
    "base": "/Users/jiangheng/Desktop/work-code/xxd-h5/src/mods/",
    "contents": {
      "type": "Buffer",
      "data": [
        60,
        33,
        68,
        79,
        67,
        84,
        89,
        80,
        69,
        32,
        104,
        116,
        109,
        108,
        62,
        10,
        60,
        104,
        116,
        109,
        108,
        32,
        108,
        97,
        110,
        103,
        61,
        34,
        101,
        110,
        34,
        62,
        10,
        60,
        104,
        101,
        97,
        100,
        62,
        10,
        32,
        32,
        32,
        32,
        60,
        109,
        101,
        116,
        97,
        32,
        99,
        104,
        97,
        114,
        115,
        101,
        116,
        61,
        34,
        85,
        84,
        70,
        45,
        56,
        34,
        62,
        10,
        32,
        32,
        32,
        32,
        60,
        109,
        101,
        116,
        97,
        32,
        99,
        111,
        110,
        116,
        101,
        110,
        116,
        61,
        34,
        119,
        105,
        100,
        116,
        104,
        61,
        100,
        101,
        118,
        105,
        99,
        101,
        45,
        119,
        105,
        100,
        116,
        104,
        44,
        32,
        105,
        110,
        105,
        116,
        105,
        97,
        108,
        45,
        115,
        99,
        97,
        108,
        101,
        61,
        49,
        46,
        48,
        44,
        32,
        109,
        97,
        120,
        105,
        109,
        117,
        109,
        45,
        115,
        99,
        97,
        108,
        101,
        61,
        49,
        46,
        48,
        44,
        32,
        117,
        115,
        101,
        114,
        45,
        115,
        99,
        97,
        108,
        97,
        98,
        108,
        101,
        61,
        48,
        59,
        34,
        32,
        110,
        97,
        109,
        101,
        61,
        34,
        118,
        105,
        101,
        119,
        112,
        111,
        114,
        116,
        34,
        47,
        62,
        10,
        32,
        32,
        32,
        32,
        60,
        116,
        105,
        116,
        108,
        101,
        62,
        228,
        191,
        161,
        230,
        129,
        175,
        230,
        138,
        171,
        233,
        156,
        178,
        45,
        230,
        150,
        176,
        230,
        150,
        176,
        232,
        180,
        183,
        60,
        47,
        116,
        105,
        116,
        108,
        101,
        62,
        10,
        32,
        32,
        32,
        32,
        60,
        108,
        105,
        110,
        107,
        32,
        114,
        101,
        108,
        61,
        34,
        115,
        116,
        121,
        108,
        101,
        115,
        104,
        101,
        101,
        116,
        34,
        32,
        104,
        114,
        101,
        102,
        61,
        34,
        46,
        46,
        47,
        99,
        115,
        115,
        47,
        98,
        97,
        115,
        101,
        46,
        99,
        115,
        115,
        34,
        62,
        10,
        32,
        32,
        32,
        32,
        60,
        108,
        105,
        110,
        107,
        32,
        114,
        101,
        108,
        61,
        34,
        115,
        116,
        121,
        108,
        101,
        115,
        104,
        101,
        101,
        116,
        34,
        32,
        104,
        114,
        101,
        102,
        61,
        34,
        105,
        110,
        100,
        101,
        120,
        46,
        99,
        115,
        115,
        34,
        62,
        10,
        32,
        32,
        32,
        32,
        60,
        115,
        99,
        114,
        105,
        112,
        116,
        32,
        115,
        114,
        99,
        61,
        34,
        46,
        46,
        47,
        98,
        97,
        115,
        101,
        46,
        106,
        115,
        34,
        62,
        60,
        47,
        115,
        99,
        114,
        105,
        112,
        116,
        62,
        10,
        60,
        47,
        104,
        101,
        97,
        100,
        62,
        10,
        60,
        98,
        111,
        100,
        121,
        62,
        10,
        60,
        100,
        105,
        118,
        32,
        99,
        108,
        97,
        115,
        115,
        61,
        34,
        104,
        111,
        109,
        101,
        45,
        104,
        101,
        97,
        100,
        101,
        114,
        32,
        104,
        101,
        97,
        100,
        101,
        114,
        34,
        62,
        10,
        32,
        32,
        32,
        32,
        60,
        100,
        105,
        118,
        32,
        99,
        108,
        97,
        115,
        115,
        61,
        34,
        108,
        111,
        103,
        111,
        45,
        119,
        114,
        97,
        112,
        112,
        101,
        114,
        34,
        62,
        10,
        32,
        32,
        32,
        32,
        32,
        32,
        32,
        32,
        60,
        100,
        105,
        118,
        32,
        99,
        108,
        97,
        115,
        115,
        61,
        34,
        108,
        111,
        103,
        111,
        34,
        62,
        60,
        47,
        100,
        105,
        118,
        62,
        10,
        32,
        32,
        32,
        32,
        32,
        32,
        32,
        32,
        60,
        100,
        105,
        118,
        32,
        99,
        108,
        97,
        115,
        115,
        61,
        34,
        104,
        101,
        97,
        100,
        101,
        114,
        45,
        116,
        105,
        116,
        34,
        62,
        10,
        32,
        32,
        32,
        32,
        32,
        32,
        32,
        32,
        32,
        32,
        32,
        32,
        60,
        112,
        32,
        99,
        108,
        97,
        115,
        115,
        61,
        34,
        97,
        112,
        112,
        45,
        110,
        97,
        109,
        101,
        34,
        62,
        230,
        150,
        176,
        230,
        150,
        176,
        232,
        180,
        183,
        231,
        144,
        134,
        232,
        180,
        162,
        60,
        47,
        112,
        62,
        10,
        32,
        32,
        32,
        32,
        32,
        32,
        32,
        32,
        32,
        32,
        32,
        32,
        60,
        112,
        32,
        99,
        108,
        97,
        115,
        115,
        61,
        34,
        97,
        112,
        112,
        45,
        115,
        108,
        111,
        103,
        97,
        110,
        34,
        62,
        228,
        187,
        165,
        228,
        191,
        161,
        231,
        155,
        184,
        232,
        180,
        183,
        239,
        188,
        140,
        231,
        148,
        168,
        230,
        150,
        176,
        230,
        156,
        141,
        229,
        138,
        161,
        60,
        47,
        112,
        62,
        10,
        32,
        32,
        32,
        32,
        32,
        32,
        32,
        32,
        60,
        47,
        100,
        105,
        118,
        62,
        10,
        32,
        32,
        32,
        32,
        60,
        47,
        100,
        105,
        118,
        62,
        10,
        32,
        32,
        32,
        32,
        60,
        100,
        105,
        118,
        32,
        99,
        108,
        97,
        115,
        115,
        61,
        34,
        104,
        101,
        97,
        100,
        101,
        114,
        45,
        114,
        105,
        103,
        104,
        116,
        34,
        62,
        10,
        32,
        32,
        32,
        32,
        32,
        32,
        32,
        32,
        60,
        98,
        117,
        116,
        116,
        111,
        110,
        32,
        99,
        108,
        97,
        115,
        115,
        61,
        34,
        111,
        112,
        101,
        110,
        45,
        97,
        112,
        112,
        45,
        98,
        116,
        110,
        34,
        62,
        230,
        137,
        147,
        229,
        188,
        128,
        65,
        112,
        112,
        60,
        47,
        98,
        117,
        116,
        116,
        111,
        110,
        62,
        10,
        32,
        32,
        32,
        32,
        60,
        47,
        100,
        105,
        118,
        62,
        10,
        60,
        47,
        100,
        105,
        118,
        62,
        10,
        60,
        100,
        105,
        118,
        32,
        99,
        108,
        97,
        115,
        115,
        61,
        34,
        105,
        110,
        102,
        111,
        45,
        99,
        111,
        110,
        116,
        97,
        105,
        110,
        101,
        114,
        32,
        112,
        111,
        115,
        105,
        116,
        105,
        111,
        110,
        45,
        97,
        34,
        62,
        10,
        32,
        32,
        32,
        32,
        60,
        117,
        108,
        32,
        99,
        108,
        97,
        115,
        115,
        61,
        34,
        105,
        110,
        102,
        111,
        34,
        62,
        10,
        32,
        32,
        32,
        32,
        32,
        32,
        32,
        32,
        60,
        108,
        105,
        62,
        10,
        32,
        32,
        32,
        32,
        32,
        32,
        32,
        32,
        32,
        32,
        32,
        32,
        60,
        104,
        49,
        62,
        230,
        156,
        186,
        230,
        158,
        132,
        228,
        191,
        161,
        230,
        129,
        175,
        60,
        47,
        104,
        49,
        62,
        10,
        32,
        32,
        32,
        32,
        32,
        32,
        32,
        32,
        32,
        32,
        32,
        32,
        60,
        112,
        62,
        79,
        114,
        103,
        97,
        110,
        105,
        122,
        97,
        116,
        105,
        111,
        110,
        32,
        73,
        110,
        102,
        111,
        114,
        109,
        97,
        116,
        105,
        111,
        110,
        60,
        47,
        112,
        62,
        10,
        32,
        32,
        32,
        32,
        32,
        32,
        32,
        32,
        60,
        47,
        108,
        105,
        62,
        10,
        32,
        32,
        32,
        32,
        32,
        32,
        32,
        32,
        60,
        108,
        105,
        62,
        10,
        32,
        32,
        32,
        32,
        32,
        32,
        32,
        32,
        32,
        32,
        32,
        32,
        60,
        104,
        49,
        62,
        233,
        163,
        142,
        233,
        153,
        169,
        231,
        174,
        161,
        231,
        144,
        134,
        60,
        47,
        104,
        49,
        62,
        10,
        32,
        32,
        32,
        32,
        32,
        32,
        32,
        32,
        32,
        32,
        32,
        32,
        60,
        112,
        62,
        82,
        105,
        115,
        107,
        32,
        77,
        97,
        110,
        97,
        103,
        101,
        109,
        101,
        110,
        116,
        60,
        47,
        112,
        62,
        10,
        32,
        32,
        32,
        32,
        32,
        32,
        32,
        32,
        60,
        47,
        108,
        105,
        62,
        10,
        32,
        32,
        32,
        32,
        32,
        32,
        32,
        32,
        60,
        108,
        105,
        62,
        10,
        32,
        32,
        32,
        32,
        32,
        32,
        32,
        32,
        32,
        32,
        32,
        32,
        60,
        104,
        49,
        62,
        232,
        181,
        132,
        232,
        180,
        168,
        232,
        141,
        163,
        232,
        170,
        137,
        60,
        47,
        104,
        49,
        62,
        10,
        32,
        32,
        32,
        32,
        32,
        32,
        32,
        32,
        32,
        32,
        32,
        32,
        60,
        112,
        62,
        72,
        111,
        110,
        111,
        114,
        115,
        60,
        47,
        112,
        62,
        10,
        32,
        32,
        32,
        32,
        32,
        32,
        32,
        32,
        60,
        47,
        108,
        105,
        62,
        10,
        32,
        32,
        32,
        32,
        32,
        32,
        32,
        32,
        60,
        108,
        105,
        62,
        10,
        32,
        32,
        32,
        32,
        32,
        32,
        32,
        32,
        32,
        32,
        32,
        32,
        60,
        104,
        49,
        62,
        230,
        149,
        176,
        230,
        141,
        174,
        230,
        138,
        171,
        233,
        156,
        178,
        60,
        47,
        104,
        49,
        62,
        10,
        32,
        32,
        32,
        32,
        32,
        32,
        32,
        32,
        32,
        32,
        32,
        32,
        60,
        112,
        62,
        68,
        105,
        115,
        99,
        108,
        111,
        115,
        117,
        114,
        101,
        60,
        47,
        112,
        62,
        10,
        32,
        32,
        32,
        32,
        32,
        32,
        32,
        32,
        60,
        47,
        108,
        105,
        62,
        10,
        32,
        32,
        32,
        32,
        32,
        32,
        32,
        32,
        60,
        108,
        105,
        62,
        10,
        32,
        32,
        32,
        32,
        32,
        32,
        32,
        32,
        32,
        32,
        32,
        32,
        60,
        104,
        49,
        62,
        232,
        191,
        144,
        232,
        144,
        165,
        230,
        138,
        165,
        229,
        145,
        138,
        60,
        47,
        104,
        49,
        62,
        10,
        32,
        32,
        32,
        32,
        32,
        32,
        32,
        32,
        32,
        32,
        32,
        32,
        60,
        112,
        62,
        79,
        112,
        101,
        114,
        97,
        116,
        105,
        111,
        110,
        32,
        82,
        101,
        112,
        111,
        114,
        116,
        60,
        47,
        112,
        62,
        10,
        32,
        32,
        32,
        32,
        32,
        32,
        32,
        32,
        60,
        47,
        108,
        105,
        62,
        10,
        32,
        32,
        32,
        32,
        32,
        32,
        32,
        32,
        60,
        108,
        105,
        62,
        10,
        32,
        32,
        32,
        32,
        32,
        32,
        32,
        32,
        32,
        32,
        32,
        32,
        60,
        104,
        49,
        62,
        229,
        174,
        137,
        229,
        133,
        168,
        228,
        191,
        157,
        233,
        154,
        156,
        60,
        47,
        104,
        49,
        62,
        10,
        32,
        32,
        32,
        32,
        32,
        32,
        32,
        32,
        32,
        32,
        32,
        32,
        60,
        112,
        62,
        73,
        110,
        115,
        117,
        114,
        97,
        110,
        99,
        101,
        60,
        47,
        112,
        62,
        10,
        32,
        32,
        32,
        32,
        32,
        32,
        32,
        32,
        60,
        47,
        108,
        105,
        62,
        10,
        32,
        32,
        32,
        32,
        32,
        32,
        32,
        32,
        60,
        108,
        105,
        62,
        10,
        32,
        32,
        32,
        32,
        32,
        32,
        32,
        32,
        32,
        32,
        32,
        32,
        60,
        104,
        49,
        62,
        229,
        174,
        161,
        232,
        174,
        161,
        230,
        138,
        165,
        229,
        145,
        138,
        60,
        47,
        104,
        49,
        62,
        10,
        32,
        32,
        32,
        32,
        32,
        32,
        32,
        32,
        32,
        32,
        32,
        32,
        60,
        112,
        62,
        65,
        117,
        100,
        105,
        116,
        32,
        82,
        101,
        112,
        111,
        114,
        116,
        60,
        47,
        112,
        62,
        10,
        32,
        32,
        32,
        32,
        32,
        32,
        32,
        32,
        60,
        47,
        108,
        105,
        62,
        10,
        32,
        32,
        32,
        32,
        32,
        32,
        32,
        32,
        60,
        108,
        105,
        62,
        10,
        32,
        32,
        32,
        32,
        32,
        32,
        32,
        32,
        32,
        32,
        32,
        32,
        60,
        104,
        49,
        62,
        229,
        144,
        136,
        232,
        167,
        132,
        232,
        191,
        144,
        232,
        144,
        165,
        60,
        47,
        104,
        49,
        62,
        10,
        32,
        32,
        32,
        32,
        32,
        32,
        32,
        32,
        32,
        32,
        32,
        32,
        60,
        112,
        62,
        67,
        111,
        109,
        112,
        108,
        105,
        97,
        110,
        99,
        101,
        60,
        47,
        112,
        62,
        10,
        32,
        32,
        32,
        32,
        32,
        32,
        32,
        32,
        60,
        47,
        108,
        105,
        62,
        10,
        32,
        32,
        32,
        32,
        60,
        47,
        117,
        108,
        62,
        10,
        60,
        47,
        100,
        105,
        118,
        62,
        10,
        60,
        47,
        98,
        111,
        100,
        121,
        62,
        10,
        60,
        47,
        104,
        116,
        109,
        108,
        62
      ]
    },
    "stat": {
      "dev": 16777220,
      "mode": 33188,
      "nlink": 1,
      "uid": 501,
      "gid": 20,
      "rdev": 0,
      "blksize": 4194304,
      "ino": 2088664,
      "size": 1595,
      "blocks": 8,
      "atime": "2018-04-17T07:59:11.780Z",
      "mtime": "2018-03-22T08:50:41.014Z",
      "ctime": "2018-03-22T08:50:41.014Z",
      "birthtime": "2018-03-22T08:50:41.014Z"
    },
    "history": [
      "/Users/jiangheng/Desktop/work-code/xxd-h5/src/mods/home/info-xxd.html"
    ],
    "path": "/Users/jiangheng/Desktop/work-code/xxd-h5/src/mods/home/info-xxd.html",
    "gulpCache$filePathChangedInsideTask": false,
    "gulpCache$fileBaseChangedInsideTask": false,
    "gulpCache$originalPath": "/Users/jiangheng/Desktop/work-code/xxd-h5/src/mods/home/info-xxd.html",
    "gulpCache$originalBase": "/Users/jiangheng/Desktop/work-code/xxd-h5/src/mods/"
  }
]