[
  {
    "cwd": "/Users/jiangheng/Desktop/work-code/xxd-h5",
    "base": "/Users/jiangheng/Desktop/work-code/xxd-h5/src/mods/",
    "contents": {
      "type": "Buffer",
      "data": [
        137,
        80,
        78,
        71,
        13,
        10,
        26,
        10,
        0,
        0,
        0,
        13,
        73,
        72,
        68,
        82,
        0,
        0,
        0,
        39,
        0,
        0,
        0,
        39,
        8,
        3,
        0,
        0,
        0,
        187,
        125,
        161,
        7,
        0,
        0,
        0,
        99,
        80,
        76,
        84,
        69,
        255,
        255,
        255,
        255,
        255,
        255,
        255,
        255,
        255,
        255,
        255,
        255,
        255,
        255,
        255,
        255,
        255,
        255,
        255,
        255,
        255,
        255,
        255,
        255,
        255,
        255,
        255,
        255,
        255,
        255,
        255,
        255,
        255,
        255,
        255,
        255,
        255,
        255,
        255,
        255,
        255,
        255,
        255,
        255,
        255,
        255,
        255,
        255,
        255,
        255,
        255,
        255,
        255,
        255,
        255,
        255,
        255,
        255,
        255,
        255,
        255,
        255,
        255,
        255,
        255,
        255,
        255,
        255,
        255,
        255,
        255,
        255,
        255,
        255,
        255,
        255,
        255,
        255,
        255,
        255,
        255,
        255,
        255,
        255,
        255,
        255,
        255,
        255,
        255,
        255,
        255,
        255,
        255,
        255,
        255,
        255,
        255,
        255,
        255,
        131,
        155,
        137,
        160,
        0,
        0,
        0,
        32,
        116,
        82,
        78,
        83,
        0,
        1,
        13,
        25,
        37,
        49,
        69,
        70,
        80,
        84,
        85,
        87,
        88,
        89,
        92,
        95,
        96,
        102,
        157,
        164,
        186,
        194,
        197,
        201,
        205,
        206,
        213,
        215,
        219,
        235,
        252,
        253,
        50,
        162,
        73,
        18,
        0,
        0,
        0,
        224,
        73,
        68,
        65,
        84,
        56,
        203,
        141,
        148,
        217,
        22,
        130,
        48,
        12,
        68,
        167,
        108,
        214,
        181,
        10,
        40,
        90,
        41,
        228,
        255,
        191,
        210,
        23,
        23,
        104,
        131,
        204,
        60,
        246,
        220,
        147,
        54,
        73,
        103,
        128,
        169,
        114,
        87,
        119,
        97,
        144,
        33,
        116,
        181,
        203,
        177,
        32,
        99,
        219,
        81,
        126,
        26,
        91,
        107,
        52,
        172,
        242,
        18,
        203,
        87,
        9,
        149,
        53,
        162,
        169,
        201,
        230,
        88,
        209,
        139,
        174,
        190,
        152,
        98,
        101,
        144,
        37,
        133,
        114,
        82,
        109,
        25,
        19,
        9,
        223,
        138,
        217,
        252,
        82,
        127,
        153,
        119,
        212,
        127,
        222,
        24,
        181,
        112,
        196,
        62,
        106,
        230,
        61,
        144,
        232,
        34,
        11,
        27,
        157,
        84,
        0,
        96,
        252,
        42,
        231,
        13,
        144,
        28,
        42,
        156,
        88,
        0,
        45,
        193,
        181,
        64,
        62,
        18,
        220,
        152,
        195,
        9,
        193,
        137,
        67,
        77,
        113,
        53,
        58,
        138,
        235,
        16,
        40,
        46,
        96,
        160,
        184,
        1,
        66,
        113,
        66,
        215,
        99,
        223,
        199,
        246,
        203,
        206,
        143,
        221,
        71,
        186,
        223,
        29,
        182,
        202,
        126,
        211,
        255,
        114,
        219,
        92,
        149,
        255,
        162,
        13,
        75,
        180,
        255,
        103,
        252,
        42,
        230,
        141,
        230,
        143,
        199,
        225,
        174,
        249,
        35,
        241,
        219,
        25,
        39,
        213,
        111,
        177,
        127,
        159,
        75,
        254,
        101,
        243,
        128,
        206,
        23,
        58,
        175,
        232,
        252,
        163,
        243,
        148,
        207,
        231,
        255,
        121,
        255,
        2,
        105,
        34,
        142,
        248,
        198,
        155,
        18,
        194,
        0,
        0,
        0,
        0,
        73,
        69,
        78,
        68,
        174,
        66,
        96,
        130
      ]
    },
    "stat": {
      "dev": 16777220,
      "mode": 33188,
      "nlink": 1,
      "uid": 501,
      "gid": 20,
      "rdev": 0,
      "blksize": 4194304,
      "ino": 2088706,
      "size": 1364,
      "blocks": 8,
      "atime": "2018-04-17T07:59:11.792Z",
      "mtime": "2018-03-22T08:50:41.022Z",
      "ctime": "2018-03-22T08:50:41.022Z",
      "birthtime": "2018-03-22T08:50:41.022Z"
    },
    "history": [
      "/Users/jiangheng/Desktop/work-code/xxd-h5/src/mods/mypurse/imgs/notice_icon@3x.png"
    ],
    "path": "/Users/jiangheng/Desktop/work-code/xxd-h5/src/mods/mypurse/imgs/notice_icon@3x.png",
    "gulpCache$filePathChangedInsideTask": false,
    "gulpCache$fileBaseChangedInsideTask": false,
    "gulpCache$originalPath": "/Users/jiangheng/Desktop/work-code/xxd-h5/src/mods/mypurse/imgs/notice_icon@3x.png",
    "gulpCache$originalBase": "/Users/jiangheng/Desktop/work-code/xxd-h5/src/mods/"
  }
]