[
  {
    "cwd": "/Users/jiangheng/Desktop/work-code/xxd-h5",
    "base": "/Users/jiangheng/Desktop/work-code/xxd-h5/src/mods/",
    "contents": {
      "type": "Buffer",
      "data": [
        137,
        80,
        78,
        71,
        13,
        10,
        26,
        10,
        0,
        0,
        0,
        13,
        73,
        72,
        68,
        82,
        0,
        0,
        0,
        79,
        0,
        0,
        0,
        79,
        8,
        6,
        0,
        0,
        0,
        170,
        52,
        152,
        134,
        0,
        0,
        8,
        63,
        73,
        68,
        65,
        84,
        120,
        218,
        237,
        93,
        9,
        108,
        20,
        85,
        24,
        46,
        169,
        26,
        197,
        200,
        213,
        128,
        224,
        193,
        81,
        74,
        57,
        18,
        10,
        114,
        137,
        6,
        40,
        86,
        64,
        130,
        28,
        10,
        37,
        104,
        132,
        18,
        13,
        193,
        72,
        56,
        44,
        10,
        132,
        72,
        0,
        79,
        132,
        128,
        69,
        34,
        134,
        2,
        42,
        30,
        156,
        5,
        145,
        67,
        10,
        130,
        114,
        88,
        4,
        5,
        133,
        98,
        60,
        64,
        40,
        96,
        107,
        187,
        221,
        237,
        182,
        219,
        237,
        177,
        119,
        127,
        223,
        63,
        157,
        45,
        187,
        101,
        174,
        55,
        125,
        111,
        118,
        182,
        233,
        159,
        252,
        33,
        29,
        118,
        223,
        241,
        205,
        188,
        255,
        248,
        222,
        155,
        127,
        99,
        0,
        32,
        38,
        66,
        26,
        75,
        52,
        137,
        232,
        20,
        162,
        75,
        137,
        110,
        35,
        122,
        134,
        232,
        101,
        162,
        5,
        68,
        29,
        80,
        43,
        14,
        241,
        111,
        188,
        126,
        150,
        232,
        110,
        162,
        171,
        136,
        166,
        137,
        223,
        143,
        141,
        212,
        28,
        140,
        238,
        48,
        158,
        104,
        58,
        209,
        195,
        68,
        157,
        192,
        70,
        156,
        98,
        123,
        233,
        98,
        251,
        141,
        10,
        188,
        150,
        68,
        103,
        18,
        61,
        69,
        180,
        6,
        248,
        74,
        141,
        216,
        207,
        76,
        177,
        223,
        168,
        5,
        175,
        11,
        209,
        143,
        137,
        186,
        32,
        50,
        226,
        22,
        251,
        239,
        18,
        77,
        224,
        37,
        16,
        221,
        66,
        212,
        7,
        230,
        16,
        159,
        56,
        158,
        110,
        102,
        6,
        175,
        5,
        209,
        213,
        68,
        61,
        96,
        78,
        241,
        136,
        227,
        107,
        97,
        54,
        240,
        198,
        17,
        205,
        135,
        232,
        144,
        124,
        113,
        188,
        17,
        7,
        175,
        57,
        209,
        141,
        44,
        102,
        84,
        220,
        169,
        15,
        20,
        198,
        180,
        81,
        85,
        252,
        28,
        35,
        217,
        40,
        142,
        63,
        34,
        224,
        161,
        109,
        203,
        101,
        53,
        147,
        8,
        128,
        7,
        226,
        248,
        19,
        140,
        6,
        47,
        153,
        168,
        157,
        229,
        44,
        34,
        4,
        30,
        136,
        243,
        72,
        54,
        10,
        188,
        84,
        49,
        12,
        128,
        70,
        2,
        94,
        48,
        172,
        73,
        229,
        13,
        222,
        84,
        162,
        126,
        30,
        163,
        143,
        48,
        120,
        32,
        206,
        107,
        26,
        47,
        240,
        82,
        121,
        1,
        103,
        18,
        240,
        130,
        0,
        166,
        178,
        6,
        47,
        133,
        117,
        252,
        230,
        218,
        159,
        13,
        246,
        17,
        207,
        130,
        181,
        219,
        0,
        40,
        121,
        124,
        52,
        20,
        221,
        243,
        128,
        38,
        240,
        240,
        115,
        248,
        121,
        252,
        30,
        126,
        31,
        219,
        225,
        16,
        15,
        166,
        176,
        2,
        47,
        33,
        132,
        225,
        96,
        99,
        96,
        14,
        29,
        213,
        4,
        148,
        86,
        197,
        246,
        24,
        139,
        67,
        139,
        23,
        214,
        18,
        199,
        229,
        178,
        30,
        89,
        73,
        242,
        56,
        166,
        224,
        97,
        123,
        28,
        36,
        87,
        45,
        14,
        84,
        3,
        47,
        147,
        199,
        168,
        44,
        109,
        186,
        50,
        5,
        207,
        18,
        151,
        192,
        203,
        6,
        102,
        234,
        5,
        111,
        44,
        175,
        17,
        177,
        4,
        46,
        168,
        28,
        101,
        44,
        45,
        120,
        45,
        121,
        230,
        170,
        81,
        6,
        94,
        129,
        28,
        55,
        40,
        7,
        222,
        7,
        60,
        71,
        19,
        101,
        224,
        161,
        100,
        104,
        5,
        47,
        145,
        168,
        183,
        9,
        188,
        48,
        65,
        60,
        186,
        107,
        1,
        111,
        59,
        87,
        158,
        220,
        227,
        225,
        3,
        158,
        223,
        207,
        27,
        192,
        29,
        106,
        224,
        245,
        34,
        26,
        224,
        57,
        130,
        64,
        153,
        131,
        11,
        120,
        216,
        46,
        103,
        9,
        136,
        248,
        200,
        130,
        183,
        137,
        251,
        8,
        162,
        23,
        188,
        32,
        7,
        40,
        9,
        94,
        156,
        17,
        155,
        53,
        90,
        193,
        179,
        38,
        244,
        23,
        130,
        95,
        252,
        215,
        68,
        224,
        33,
        62,
        109,
        164,
        192,
        155,
        103,
        68,
        239,
        106,
        224,
        21,
        119,
        76,
        2,
        239,
        249,
        139,
        225,
        214,
        154,
        252,
        93,
        252,
        112,
        111,
        51,
        128,
        135,
        242,
        170,
        20,
        120,
        231,
        204,
        0,
        158,
        107,
        231,
        94,
        233,
        91,
        78,
        174,
        155,
        4,
        188,
        243,
        245,
        193,
        139,
        55,
        170,
        103,
        127,
        65,
        161,
        34,
        8,
        222,
        11,
        151,
        164,
        99,
        5,
        114,
        93,
        17,
        60,
        139,
        213,
        200,
        77,
        164,
        132,
        80,
        240,
        230,
        26,
        6,
        222,
        245,
        155,
        202,
        224,
        157,
        145,
        94,
        0,
        120,
        93,
        233,
        123,
        216,
        174,
        129,
        50,
        55,
        20,
        188,
        108,
        179,
        128,
        231,
        57,
        158,
        35,
        77,
        178,
        145,
        235,
        38,
        2,
        47,
        59,
        8,
        30,
        158,
        50,
        42,
        111,
        2,
        143,
        74,
        240,
        112,
        81,
        44,
        130,
        151,
        100,
        100,
        175,
        141,
        4,
        60,
        148,
        164,
        24,
        113,
        211,
        195,
        56,
        240,
        110,
        252,
        171,
        204,
        10,
        31,
        60,
        34,
        205,
        62,
        31,
        56,
        108,
        54,
        240,
        166,
        33,
        120,
        43,
        141,
        238,
        213,
        245,
        205,
        33,
        33,
        158,
        147,
        12,
        85,
        246,
        126,
        43,
        253,
        29,
        114,
        93,
        18,
        184,
        102,
        113,
        224,
        120,
        113,
        54,
        212,
        84,
        85,
        27,
        61,
        141,
        85,
        8,
        94,
        150,
        17,
        61,
        33,
        33,
        80,
        177,
        34,
        3,
        74,
        82,
        38,
        128,
        247,
        236,
        121,
        97,
        178,
        206,
        197,
        111,
        65,
        225,
        157,
        247,
        235,
        6,
        175,
        228,
        137,
        241,
        66,
        8,
        19,
        176,
        149,
        64,
        121,
        250,
        27,
        80,
        62,
        127,
        9,
        212,
        56,
        12,
        51,
        223,
        89,
        134,
        4,
        199,
        184,
        20,
        235,
        167,
        89,
        101,
        211,
        103,
        65,
        160,
        168,
        24,
        124,
        127,
        93,
        17,
        64,
        160,
        1,
        207,
        154,
        56,
        16,
        92,
        251,
        178,
        133,
        27,
        80,
        241,
        206,
        26,
        40,
        106,
        217,
        249,
        22,
        37,
        223,
        46,
        17,
        170,
        62,
        221,
        74,
        238,
        22,
        239,
        115,
        148,
        112,
        14,
        193,
        251,
        155,
        87,
        235,
        190,
        43,
        215,
        192,
        62,
        102,
        138,
        252,
        54,
        226,
        125,
        29,
        161,
        226,
        253,
        181,
        194,
        83,
        89,
        189,
        109,
        55,
        88,
        218,
        247,
        128,
        234,
        207,
        119,
        72,
        182,
        85,
        253,
        217,
        54,
        97,
        239,
        163,
        242,
        195,
        76,
        168,
        169,
        118,
        65,
        85,
        230,
        22,
        225,
        243,
        114,
        109,
        219,
        6,
        141,
        16,
        158,
        112,
        142,
        146,
        135,
        224,
        253,
        199,
        124,
        137,
        58,
        43,
        192,
        185,
        232,
        205,
        219,
        150,
        164,
        18,
        9,
        128,
        14,
        161,
        166,
        220,
        9,
        254,
        171,
        121,
        210,
        55,
        226,
        159,
        60,
        8,
        216,
        75,
        193,
        149,
        181,
        79,
        216,
        179,
        213,
        196,
        182,
        136,
        246,
        144,
        83,
        246,
        225,
        136,
        97,
        26,
        227,
        145,
        165,
        82,
        253,
        229,
        78,
        176,
        116,
        232,
        73,
        79,
        43,
        221,
        209,
        14,
        92,
        123,
        14,
        168,
        58,
        154,
        162,
        123,
        31,
        162,
        110,
        187,
        168,
        69,
        39,
        168,
        92,
        179,
        158,
        164,
        41,
        76,
        9,
        114,
        111,
        12,
        179,
        150,
        126,
        205,
        21,
        118,
        242,
        245,
        112,
        113,
        165,
        19,
        211,
        192,
        119,
        249,
        170,
        54,
        98,
        129,
        216,
        73,
        199,
        203,
        243,
        161,
        48,
        182,
        45,
        117,
        63,
        214,
        158,
        131,
        193,
        125,
        228,
        7,
        102,
        232,
        53,
        248,
        201,
        67,
        79,
        231,
        152,
        153,
        46,
        44,
        17,
        218,
        201,
        216,
        6,
        143,
        2,
        79,
        206,
        89,
        125,
        246,
        148,
        56,
        26,
        251,
        216,
        231,
        245,
        221,
        172,
        103,
        166,
        130,
        63,
        239,
        6,
        147,
        39,
        79,
        159,
        205,
        243,
        249,
        160,
        114,
        221,
        70,
        176,
        180,
        234,
        66,
        61,
        248,
        226,
        174,
        253,
        5,
        219,
        197,
        194,
        35,
        122,
        78,
        228,
        128,
        109,
        64,
        10,
        253,
        82,
        190,
        187,
        3,
        56,
        151,
        188,
        219,
        144,
        248,
        208,
        161,
        203,
        219,
        226,
        18,
        181,
        37,
        13,
        213,
        181,
        179,
        95,
        185,
        118,
        131,
        224,
        93,
        217,
        122,
        40,
        98,
        107,
        183,
        102,
        65,
        113,
        231,
        190,
        244,
        55,
        146,
        4,
        235,
        238,
        99,
        39,
        117,
        123,
        91,
        42,
        127,
        142,
        212,
        144,
        214,
        19,
        77,
        161,
        234,
        120,
        229,
        117,
        42,
        194,
        18,
        195,
        17,
        193,
        44,
        148,
        150,
        105,
        255,
        142,
        219,
        13,
        206,
        165,
        43,
        232,
        151,
        50,
        177,
        159,
        238,
        163,
        39,
        116,
        197,
        121,
        84,
        25,
        6,
        198,
        79,
        212,
        7,
        113,
        134,
        81,
        156,
        220,
        8,
        4,
        160,
        234,
        147,
        175,
        4,
        123,
        136,
        98,
        237,
        245,
        152,
        144,
        153,
        208,
        60,
        173,
        246,
        81,
        147,
        232,
        237,
        47,
        89,
        73,
        122,
        50,
        12,
        170,
        220,
        22,
        3,
        91,
        218,
        129,
        149,
        207,
        89,
        164,
        237,
        169,
        62,
        119,
        161,
        238,
        230,
        216,
        250,
        12,
        19,
        174,
        5,
        15,
        61,
        98,
        108,
        231,
        206,
        62,
        166,
        169,
        157,
        242,
        217,
        11,
        117,
        133,
        51,
        122,
        114,
        219,
        105,
        220,
        159,
        188,
        33,
        99,
        212,
        61,
        246,
        140,
        121,
        97,
        30,
        187,
        62,
        120,
        117,
        158,
        114,
        194,
        11,
        170,
        158,
        210,
        54,
        240,
        73,
        250,
        49,
        14,
        125,
        154,
        22,
        188,
        52,
        106,
        62,
        207,
        245,
        245,
        65,
        93,
        225,
        1,
        62,
        85,
        183,
        243,
        83,
        126,
        168,
        90,
        191,
        25,
        44,
        173,
        227,
        101,
        39,
        35,
        117,
        220,
        22,
        61,
        101,
        197,
        242,
        149,
        117,
        118,
        145,
        134,
        247,
        147,
        165,
        194,
        190,
        59,
        174,
        139,
        207,
        163,
        98,
        146,
        209,
        246,
        216,
        30,
        29,
        73,
        239,
        213,
        226,
        251,
        133,
        113,
        110,
        24,
        223,
        217,
        250,
        38,
        171,
        30,
        88,
        84,
        218,
        114,
        68,
        239,
        138,
        89,
        71,
        221,
        178,
        191,
        248,
        187,
        98,
        190,
        171,
        148,
        7,
        99,
        106,
        168,
        135,
        73,
        214,
        188,
        135,
        129,
        76,
        134,
        230,
        188,
        82,
        202,
        174,
        144,
        212,
        170,
        236,
        185,
        25,
        96,
        31,
        57,
        81,
        245,
        179,
        246,
        167,
        82,
        107,
        109,
        108,
        8,
        99,
        34,
        59,
        121,
        114,
        19,
        144,
        234,
        210,
        147,
        117,
        132,
        177,
        49,
        196,
        81,
        161,
        195,
        162,
        217,
        195,
        64,
        157,
        175,
        24,
        15,
        95,
        250,
        67,
        56,
        60,
        205,
        227,
        152,
        132,
        108,
        22,
        64,
        108,
        155,
        86,
        240,
        88,
        170,
        237,
        145,
        225,
        224,
        57,
        121,
        90,
        13,
        188,
        215,
        66,
        193,
        147,
        61,
        151,
        234,
        152,
        181,
        160,
        65,
        119,
        84,
        55,
        120,
        19,
        211,
        34,
        2,
        94,
        29,
        223,
        72,
        86,
        136,
        130,
        132,
        237,
        219,
        202,
        6,
        203,
        142,
        151,
        230,
        68,
        100,
        240,
        21,
        239,
        101,
        212,
        134,
        29,
        11,
        150,
        105,
        166,
        182,
        88,
        106,
        249,
        188,
        197,
        114,
        192,
        221,
        118,
        98,
        64,
        246,
        172,
        10,
        114,
        97,
        24,
        3,
        25,
        53,
        104,
        12,
        107,
        188,
        191,
        252,
        22,
        238,
        148,
        175,
        230,
        9,
        79,
        162,
        81,
        99,
        176,
        180,
        77,
        84,
        202,
        134,
        36,
        207,
        170,
        224,
        41,
        41,
        201,
        119,
        202,
        42,
        87,
        127,
        196,
        125,
        192,
        72,
        136,
        186,
        118,
        239,
        87,
        38,
        1,
        126,
        60,
        163,
        43,
        206,
        164,
        85,
        100,
        169,
        229,
        124,
        166,
        136,
        147,
        228,
        249,
        188,
        205,
        210,
        161,
        191,
        23,
        172,
        221,
        7,
        241,
        185,
        203,
        36,
        198,
        163,
        34,
        11,
        130,
        36,
        128,
        198,
        215,
        173,
        244,
        56,
        12,
        5,
        143,
        187,
        9,
        244,
        156,
        12,
        197,
        212,
        136,
        233,
        64,
        137,
        29,
        195,
        221,
        46,
        154,
        196,
        63,
        12,
        67,
        151,
        91,
        216,
        255,
        96,
        109,
        82,
        60,
        167,
        126,
        146,
        237,
        18,
        84,
        78,
        134,
        162,
        238,
        146,
        77,
        184,
        21,
        200,
        199,
        162,
        187,
        218,
        107,
        247,
        164,
        147,
        166,
        131,
        255,
        218,
        117,
        38,
        108,
        84,
        192,
        106,
        163,
        138,
        8,
        148,
        188,
        183,
        138,
        135,
        221,
        5,
        26,
        14,
        116,
        227,
        169,
        111,
        175,
        220,
        38,
        140,
        148,
        231,
        195,
        78,
        253,
        55,
        243,
        5,
        154,
        91,
        113,
        73,
        144,
        204,
        68,
        47,
        115,
        204,
        130,
        89,
        198,
        37,
        137,
        155,
        72,
        72,
        84,
        212,
        7,
        187,
        168,
        249,
        131,
        224,
        207,
        151,
        229,
        133,
        53,
        159,
        134,
        71,
        205,
        144,
        205,
        75,
        22,
        46,
        191,
        53,
        24,
        146,
        128,
        123,
        78,
        255,
        172,
        154,
        247,
        98,
        26,
        85,
        189,
        125,
        143,
        17,
        123,
        169,
        224,
        249,
        254,
        148,
        116,
        218,
        215,
        44,
        46,
        140,
        244,
        244,
        253,
        121,
        25,
        236,
        163,
        39,
        223,
        10,
        141,
        222,
        94,
        173,
        212,
        236,
        90,
        160,
        124,
        3,
        168,
        64,
        110,
        91,
        209,
        214,
        111,
        184,
        176,
        143,
        42,
        5,
        70,
        232,
        126,
        42,
        114,
        113,
        130,
        51,
        112,
        187,
        193,
        80,
        33,
        6,
        31,
        157,
        74,
        201,
        240,
        113,
        194,
        94,
        175,
        181,
        247,
        16,
        217,
        157,
        57,
        124,
        99,
        18,
        65,
        68,
        27,
        42,
        35,
        212,
        111,
        0,
        5,
        203,
        125,
        52,
        9,
        192,
        120,
        48,
        211,
        91,
        143,
        81,
        36,
        186,
        223,
        122,
        228,
        246,
        190,
        109,
        148,
        72,
        131,
        223,
        183,
        229,
        242,
        166,
        119,
        20,
        8,
        147,
        55,
        189,
        185,
        213,
        24,
        48,
        177,
        48,
        173,
        49,
        16,
        212,
        201,
        192,
        177,
        186,
        133,
        73,
        196,
        47,
        206,
        51,
        186,
        234,
        170,
        152,
        4,
        56,
        110,
        117,
        85,
        66,
        235,
        171,
        120,
        26,
        225,
        82,
        229,
        94,
        209,
        39,
        180,
        150,
        84,
        105,
        35,
        1,
        174,
        20,
        12,
        172,
        37,
        21,
        234,
        133,
        47,
        69,
        57,
        112,
        56,
        126,
        221,
        21,
        29,
        77,
        83,
        63,
        47,
        2,
        18,
        209,
        250,
        121,
        245,
        83,
        185,
        130,
        40,
        1,
        173,
        0,
        76,
        82,
        185,
        49,
        26,
        107,
        134,
        50,
        43,
        1,
        204,
        163,
        90,
        45,
        242,
        94,
        95,
        128,
        185,
        170,
        213,
        226,
        120,
        122,
        64,
        148,
        213,
        73,
        222,
        0,
        28,
        10,
        21,
        106,
        20,
        183,
        152,
        216,
        71,
        85,
        157,
        228,
        250,
        218,
        10,
        106,
        43,
        102,
        231,
        128,
        49,
        21,
        186,
        115,
        196,
        254,
        90,
        3,
        52,
        213,
        134,
        87,
        147,
        70,
        93,
        27,
        94,
        203,
        175,
        18,
        44,
        131,
        218,
        95,
        37,
        64,
        78,
        255,
        134,
        24,
        184,
        250,
        67,
        210,
        166,
        82,
        241,
        58,
        254,
        127,
        240,
        87,
        9,
        166,
        67,
        132,
        127,
        149,
        224,
        127,
        192,
        130,
        242,
        252,
        160,
        59,
        39,
        143,
        0,
        0,
        0,
        0,
        73,
        69,
        78,
        68,
        174,
        66,
        96,
        130
      ]
    },
    "stat": {
      "dev": 16777220,
      "mode": 33188,
      "nlink": 1,
      "uid": 501,
      "gid": 20,
      "rdev": 0,
      "blksize": 4194304,
      "ino": 2088774,
      "size": 3754,
      "blocks": 8,
      "atime": "2018-04-17T07:59:11.794Z",
      "mtime": "2018-03-22T08:50:41.040Z",
      "ctime": "2018-03-22T08:50:41.040Z",
      "birthtime": "2018-03-22T08:50:41.040Z"
    },
    "history": [
      "/Users/jiangheng/Desktop/work-code/xxd-h5/src/mods/openaccount/yhimgs/zgyh@2x.png"
    ],
    "path": "/Users/jiangheng/Desktop/work-code/xxd-h5/src/mods/openaccount/yhimgs/zgyh@2x.png",
    "gulpCache$filePathChangedInsideTask": false,
    "gulpCache$fileBaseChangedInsideTask": false,
    "gulpCache$originalPath": "/Users/jiangheng/Desktop/work-code/xxd-h5/src/mods/openaccount/yhimgs/zgyh@2x.png",
    "gulpCache$originalBase": "/Users/jiangheng/Desktop/work-code/xxd-h5/src/mods/"
  }
]