[
  {
    "cwd": "/Users/jiangheng/Desktop/work-code/xxd-h5",
    "base": "/Users/jiangheng/Desktop/work-code/xxd-h5/src/mods/",
    "contents": {
      "type": "Buffer",
      "data": [
        137,
        80,
        78,
        71,
        13,
        10,
        26,
        10,
        0,
        0,
        0,
        13,
        73,
        72,
        68,
        82,
        0,
        0,
        0,
        16,
        0,
        0,
        0,
        16,
        8,
        6,
        0,
        0,
        0,
        31,
        243,
        255,
        97,
        0,
        0,
        1,
        23,
        73,
        68,
        65,
        84,
        56,
        141,
        165,
        211,
        49,
        74,
        131,
        81,
        16,
        4,
        224,
        47,
        26,
        210,
        136,
        96,
        41,
        65,
        237,
        20,
        108,
        61,
        130,
        216,
        89,
        136,
        209,
        198,
        202,
        107,
        24,
        132,
        116,
        226,
        57,
        172,
        180,
        144,
        20,
        218,
        10,
        122,
        0,
        177,
        212,
        34,
        93,
        4,
        59,
        235,
        128,
        32,
        99,
        225,
        139,
        252,
        252,
        36,
        42,
        100,
        225,
        53,
        179,
        179,
        179,
        203,
        155,
        221,
        70,
        18,
        181,
        104,
        227,
        24,
        59,
        88,
        45,
        216,
        43,
        238,
        112,
        129,
        183,
        42,
        185,
        81,
        17,
        152,
        199,
        41,
        186,
        120,
        65,
        31,
        131,
        146,
        91,
        71,
        7,
        155,
        56,
        199,
        25,
        62,
        65,
        18,
        73,
        230,
        147,
        92,
        37,
        121,
        79,
        178,
        95,
        176,
        73,
        111,
        191,
        112,
        174,
        74,
        205,
        143,
        64,
        175,
        36,
        54,
        126,
        41,
        30,
        191,
        141,
        194,
        237,
        141,
        5,
        218,
        73,
        70,
        191,
        116,
        222,
        77,
        210,
        154,
        48,
        201,
        40,
        73,
        91,
        146,
        110,
        146,
        167,
        41,
        197,
        141,
        36,
        195,
        36,
        55,
        19,
        68,
        158,
        146,
        116,
        231,
        202,
        111,
        247,
        235,
        86,
        148,
        8,
        182,
        177,
        133,
        107,
        180,
        42,
        185,
        62,
        118,
        154,
        197,
        170,
        65,
        37,
        113,
        130,
        229,
        154,
        208,
        35,
        246,
        112,
        137,
        131,
        130,
        13,
        112,
        220,
        68,
        163,
        70,
        94,
        196,
        82,
        13,
        91,
        152,
        50,
        161,
        38,
        134,
        190,
        125,
        30,
        199,
        105,
        141,
        179,
        130,
        7,
        220,
        226,
        168,
        130,
        175,
        99,
        56,
        231,
        123,
        195,
        58,
        211,
        58,
        224,
        30,
        207,
        56,
        196,
        71,
        5,
        239,
        224,
        238,
        63,
        54,
        238,
        253,
        101,
        227,
        204,
        139,
        52,
        211,
        42,
        207,
        124,
        76,
        85,
        129,
        113,
        84,
        207,
        121,
        173,
        96,
        67,
        83,
        206,
        249,
        11,
        37,
        187,
        153,
        128,
        81,
        140,
        174,
        202,
        0,
        0,
        0,
        0,
        73,
        69,
        78,
        68,
        174,
        66,
        96,
        130
      ]
    },
    "stat": {
      "dev": 16777220,
      "mode": 33188,
      "nlink": 1,
      "uid": 501,
      "gid": 20,
      "rdev": 0,
      "blksize": 4194304,
      "ino": 2088652,
      "size": 336,
      "blocks": 8,
      "atime": "2018-04-17T07:59:11.790Z",
      "mtime": "2018-03-22T08:50:41.002Z",
      "ctime": "2018-03-22T08:50:41.002Z",
      "birthtime": "2018-03-22T08:50:41.002Z"
    },
    "history": [
      "/Users/jiangheng/Desktop/work-code/xxd-h5/src/mods/home/imgs/next_icon.png"
    ],
    "path": "/Users/jiangheng/Desktop/work-code/xxd-h5/src/mods/home/imgs/next_icon.png",
    "gulpCache$filePathChangedInsideTask": false,
    "gulpCache$fileBaseChangedInsideTask": false,
    "gulpCache$originalPath": "/Users/jiangheng/Desktop/work-code/xxd-h5/src/mods/home/imgs/next_icon.png",
    "gulpCache$originalBase": "/Users/jiangheng/Desktop/work-code/xxd-h5/src/mods/"
  }
]