[
  {
    "cwd": "/Users/jiangheng/Desktop/work-code/xxd-h5",
    "base": "/Users/jiangheng/Desktop/work-code/xxd-h5/src/mods/",
    "contents": {
      "type": "Buffer",
      "data": [
        137,
        80,
        78,
        71,
        13,
        10,
        26,
        10,
        0,
        0,
        0,
        13,
        73,
        72,
        68,
        82,
        0,
        0,
        0,
        44,
        0,
        0,
        0,
        40,
        8,
        6,
        0,
        0,
        0,
        133,
        21,
        24,
        23,
        0,
        0,
        1,
        250,
        73,
        68,
        65,
        84,
        120,
        218,
        236,
        153,
        59,
        72,
        195,
        80,
        20,
        134,
        111,
        91,
        233,
        80,
        132,
        10,
        109,
        167,
        86,
        4,
        45,
        130,
        47,
        16,
        81,
        71,
        209,
        65,
        112,
        17,
        92,
        237,
        160,
        78,
        34,
        78,
        14,
        130,
        139,
        85,
        209,
        81,
        29,
        92,
        196,
        81,
        28,
        196,
        65,
        16,
        197,
        7,
        8,
        150,
        138,
        5,
        135,
        34,
        14,
        130,
        139,
        67,
        29,
        196,
        73,
        55,
        55,
        169,
        250,
        31,
        61,
        133,
        80,
        218,
        120,
        155,
        222,
        60,
        10,
        249,
        225,
        27,
        154,
        220,
        115,
        239,
        199,
        165,
        73,
        56,
        137,
        167,
        119,
        245,
        77,
        40,
        140,
        7,
        44,
        131,
        57,
        224,
        5,
        91,
        96,
        9,
        124,
        151,
        43,
        200,
        38,
        67,
        21,
        45,
        80,
        167,
        88,
        118,
        27,
        204,
        104,
        142,
        45,
        130,
        48,
        152,
        213,
        147,
        174,
        36,
        94,
        69,
        178,
        222,
        18,
        178,
        133,
        208,
        177,
        29,
        224,
        83,
        177,
        144,
        138,
        29,
        38,
        145,
        61,
        144,
        208,
        25,
        51,
        13,
        234,
        193,
        4,
        200,
        219,
        185,
        195,
        50,
        178,
        133,
        36,
        120,
        172,
        207,
        46,
        97,
        63,
        56,
        148,
        148,
        213,
        74,
        31,
        113,
        173,
        165,
        194,
        5,
        217,
        49,
        3,
        181,
        163,
        92,
        235,
        183,
        74,
        56,
        0,
        142,
        121,
        97,
        163,
        161,
        218,
        83,
        158,
        203,
        84,
        225,
        0,
        47,
        52,
        162,
        224,
        98,
        29,
        166,
        185,
        250,
        214,
        222,
        3,
        102,
        9,
        7,
        89,
        118,
        72,
        225,
        189,
        155,
        230,
        186,
        128,
        116,
        80,
        181,
        48,
        77,
        120,
        169,
        88,
        182,
        144,
        1,
        154,
        91,
        86,
        90,
        70,
        184,
        129,
        101,
        251,
        133,
        121,
        233,
        103,
        233,
        80,
        181,
        194,
        17,
        112,
        99,
        178,
        172,
        86,
        58,
        13,
        233,
        136,
        81,
        97,
        42,
        76,
        129,
        78,
        97,
        93,
        104,
        173,
        148,
        158,
        116,
        57,
        225,
        24,
        200,
        88,
        44,
        171,
        149,
        190,
        133,
        116,
        76,
        86,
        152,
        6,
        166,
        65,
        171,
        176,
        47,
        45,
        252,
        247,
        136,
        253,
        39,
        28,
        7,
        215,
        92,
        96,
        119,
        200,
        33,
        3,
        233,
        120,
        57,
        225,
        56,
        239,
        108,
        179,
        112,
        78,
        154,
        120,
        167,
        227,
        197,
        194,
        109,
        44,
        27,
        21,
        206,
        75,
        148,
        165,
        127,
        175,
        39,
        15,
        90,
        164,
        14,
        150,
        13,
        11,
        103,
        135,
        122,
        185,
        65,
        218,
        225,
        253,
        26,
        144,
        21,
        236,
        120,
        224,
        181,
        233,
        214,
        101,
        52,
        237,
        36,
        124,
        94,
        67,
        194,
        103,
        212,
        211,
        141,
        131,
        121,
        208,
        85,
        212,
        190,
        244,
        128,
        70,
        155,
        196,
        94,
        192,
        157,
        230,
        55,
        245,
        129,
        15,
        96,
        157,
        132,
        63,
        192,
        74,
        137,
        162,
        93,
        48,
        105,
        147,
        240,
        85,
        54,
        25,
        154,
        50,
        179,
        205,
        183,
        44,
        42,
        218,
        252,
        79,
        240,
        42,
        57,
        54,
        86,
        109,
        215,
        172,
        66,
        248,
        17,
        116,
        75,
        142,
        125,
        230,
        167,
        151,
        109,
        239,
        37,
        44,
        143,
        43,
        236,
        10,
        187,
        194,
        174,
        176,
        43,
        92,
        251,
        194,
        121,
        167,
        8,
        231,
        42,
        120,
        52,
        203,
        230,
        73,
        114,
        92,
        206,
        136,
        240,
        38,
        56,
        17,
        250,
        95,
        127,
        232,
        101,
        203,
        66,
        5,
        194,
        244,
        53,
        233,
        94,
        231,
        252,
        151,
        248,
        123,
        247,
        188,
        81,
        110,
        192,
        143,
        0,
        3,
        0,
        139,
        104,
        95,
        138,
        110,
        253,
        192,
        199,
        0,
        0,
        0,
        0,
        73,
        69,
        78,
        68,
        174,
        66,
        96,
        130
      ]
    },
    "stat": {
      "dev": 16777220,
      "mode": 33188,
      "nlink": 1,
      "uid": 501,
      "gid": 20,
      "rdev": 0,
      "blksize": 4194304,
      "ino": 2088645,
      "size": 1420,
      "blocks": 8,
      "atime": "2018-04-17T07:59:11.787Z",
      "mtime": "2018-03-22T08:50:41.000Z",
      "ctime": "2018-03-22T08:50:41.000Z",
      "birthtime": "2018-03-22T08:50:41.000Z"
    },
    "history": [
      "/Users/jiangheng/Desktop/work-code/xxd-h5/src/mods/home/imgs/home_icon_act@2x.png"
    ],
    "path": "/Users/jiangheng/Desktop/work-code/xxd-h5/src/mods/home/imgs/home_icon_act@2x.png",
    "gulpCache$filePathChangedInsideTask": false,
    "gulpCache$fileBaseChangedInsideTask": false,
    "gulpCache$originalPath": "/Users/jiangheng/Desktop/work-code/xxd-h5/src/mods/home/imgs/home_icon_act@2x.png",
    "gulpCache$originalBase": "/Users/jiangheng/Desktop/work-code/xxd-h5/src/mods/"
  }
]