[
  {
    "cwd": "/Users/jiangheng/Desktop/work-code/xxd-h5",
    "base": "/Users/jiangheng/Desktop/work-code/xxd-h5/src/mods/",
    "contents": {
      "type": "Buffer",
      "data": [
        137,
        80,
        78,
        71,
        13,
        10,
        26,
        10,
        0,
        0,
        0,
        13,
        73,
        72,
        68,
        82,
        0,
        0,
        5,
        156,
        0,
        0,
        1,
        10,
        8,
        3,
        0,
        0,
        0,
        161,
        121,
        96,
        215,
        0,
        0,
        1,
        59,
        80,
        76,
        84,
        69,
        199,
        215,
        239,
        199,
        215,
        239,
        199,
        215,
        239,
        199,
        215,
        239,
        199,
        215,
        239,
        199,
        215,
        239,
        199,
        215,
        239,
        199,
        215,
        239,
        208,
        220,
        237,
        199,
        215,
        239,
        199,
        215,
        239,
        199,
        215,
        239,
        212,
        221,
        236,
        199,
        215,
        239,
        211,
        221,
        236,
        199,
        215,
        239,
        199,
        215,
        239,
        204,
        217,
        238,
        199,
        215,
        239,
        199,
        215,
        239,
        199,
        215,
        239,
        199,
        215,
        239,
        218,
        224,
        234,
        199,
        215,
        239,
        199,
        215,
        239,
        199,
        215,
        239,
        199,
        215,
        239,
        199,
        215,
        239,
        199,
        215,
        239,
        199,
        215,
        239,
        223,
        227,
        233,
        199,
        215,
        239,
        199,
        215,
        239,
        221,
        226,
        233,
        199,
        215,
        239,
        222,
        227,
        233,
        199,
        215,
        239,
        199,
        215,
        239,
        226,
        229,
        232,
        199,
        215,
        239,
        199,
        215,
        239,
        199,
        215,
        239,
        199,
        215,
        239,
        199,
        215,
        239,
        199,
        215,
        239,
        223,
        227,
        233,
        199,
        215,
        239,
        199,
        215,
        239,
        199,
        215,
        239,
        199,
        215,
        239,
        199,
        215,
        239,
        199,
        215,
        239,
        199,
        215,
        239,
        228,
        230,
        232,
        226,
        229,
        232,
        229,
        230,
        231,
        229,
        230,
        231,
        229,
        230,
        232,
        229,
        230,
        232,
        230,
        231,
        231,
        229,
        230,
        232,
        229,
        230,
        232,
        230,
        231,
        231,
        230,
        230,
        231,
        230,
        231,
        231,
        230,
        231,
        231,
        230,
        231,
        231,
        230,
        231,
        231,
        231,
        231,
        231,
        230,
        230,
        231,
        230,
        231,
        231,
        230,
        231,
        231,
        231,
        231,
        231,
        230,
        231,
        231,
        231,
        231,
        231,
        231,
        231,
        231,
        231,
        231,
        231,
        231,
        231,
        231,
        231,
        231,
        231,
        231,
        231,
        231,
        231,
        231,
        231,
        231,
        231,
        231,
        231,
        231,
        231,
        233,
        233,
        233,
        234,
        234,
        234,
        236,
        236,
        236,
        237,
        237,
        237,
        238,
        238,
        238,
        239,
        239,
        239,
        240,
        240,
        240,
        241,
        241,
        241,
        242,
        242,
        242,
        243,
        243,
        243,
        244,
        244,
        244,
        245,
        245,
        245,
        246,
        246,
        246,
        247,
        247,
        247,
        248,
        248,
        248,
        249,
        249,
        249,
        250,
        250,
        250,
        251,
        251,
        251,
        252,
        252,
        252,
        253,
        253,
        253,
        254,
        254,
        254,
        255,
        255,
        255,
        4,
        243,
        234,
        65,
        0,
        0,
        0,
        82,
        116,
        82,
        78,
        83,
        0,
        1,
        2,
        3,
        4,
        5,
        6,
        7,
        7,
        8,
        9,
        10,
        10,
        11,
        11,
        12,
        13,
        13,
        14,
        15,
        16,
        17,
        17,
        18,
        19,
        20,
        21,
        22,
        24,
        25,
        25,
        26,
        27,
        27,
        28,
        29,
        30,
        33,
        33,
        34,
        35,
        36,
        37,
        39,
        40,
        40,
        42,
        43,
        44,
        47,
        49,
        51,
        52,
        60,
        65,
        91,
        92,
        93,
        95,
        123,
        128,
        129,
        138,
        141,
        152,
        154,
        155,
        156,
        174,
        178,
        180,
        182,
        211,
        214,
        227,
        229,
        236,
        237,
        238,
        248,
        249,
        250,
        183,
        88,
        59,
        144,
        0,
        0,
        21,
        129,
        73,
        68,
        65,
        84,
        24,
        25,
        237,
        193,
        77,
        143,
        36,
        233,
        98,
        150,
        225,
        251,
        126,
        59,
        102,
        198,
        227,
        115,
        240,
        225,
        216,
        32,
        25,
        196,
        2,
        99,
        121,
        137,
        100,
        47,
        204,
        255,
        223,
        35,
        177,
        97,
        15,
        75,
        16,
        66,
        194,
        11,
        36,
        108,
        207,
        116,
        61,
        68,
        68,
        102,
        125,
        116,
        117,
        117,
        85,
        70,
        117,
        102,
        86,
        142,
        226,
        185,
        46,
        121,
        137,
        84,
        85,
        213,
        117,
        132,
        23,
        200,
        87,
        100,
        38,
        85,
        85,
        117,
        121,
        97,
        22,
        158,
        147,
        47,
        9,
        8,
        200,
        76,
        170,
        170,
        234,
        82,
        194,
        44,
        64,
        128,
        240,
        5,
        121,
        74,
        64,
        16,
        145,
        153,
        84,
        85,
        213,
        101,
        132,
        89,
        8,
        129,
        0,
        225,
        9,
        121,
        36,
        32,
        162,
        159,
        254,
        227,
        143,
        63,
        79,
        63,
        250,
        137,
        170,
        170,
        186,
        148,
        207,
        249,
        231,
        95,
        255,
        223,
        63,
        255,
        215,
        207,
        9,
        33,
        64,
        120,
        32,
        15,
        4,
        17,
        253,
        171,
        191,
        252,
        253,
        159,
        80,
        85,
        85,
        215,
        240,
        143,
        255,
        247,
        127,
        254,
        247,
        132,
        16,
        8,
        247,
        228,
        158,
        32,
        234,
        191,
        249,
        15,
        255,
        114,
        80,
        85,
        85,
        215,
        114,
        247,
        15,
        255,
        237,
        127,
        36,
        33,
        16,
        142,
        228,
        72,
        196,
        217,
        223,
        253,
        235,
        31,
        169,
        170,
        170,
        107,
        250,
        231,
        255,
        253,
        95,
        50,
        35,
        132,
        3,
        57,
        16,
        81,
        127,
        250,
        251,
        63,
        178,
        24,
        63,
        253,
        48,
        13,
        165,
        170,
        246,
        45,
        171,
        187,
        204,
        8,
        225,
        64,
        222,
        18,
        14,
        196,
        7,
        40,
        114,
        178,
        228,
        46,
        119,
        119,
        185,
        75,
        56,
        144,
        89,
        88,
        137,
        58,
        60,
        64,
        158,
        201,
        226,
        46,
        51,
        18,
        32,
        44,
        228,
        169,
        176,
        16,
        80,
        156,
        13,
        23,
        60,
        19,
        114,
        112,
        151,
        132,
        176,
        146,
        89,
        56,
        208,
        225,
        24,
        14,
        229,
        100,
        33,
        33,
        119,
        249,
        252,
        249,
        215,
        95,
        195,
        226,
        255,
        252,
        231,
        127,
        74,
        66,
        8,
        171,
        79,
        172,
        68,
        212,
        63,
        254,
        167,
        63,
        99,
        246,
        233,
        119,
        127,
        248,
        105,
        26,
        74,
        85,
        237,
        91,
        14,
        88,
        132,
        7,
        242,
        154,
        240,
        64,
        148,
        225,
        10,
        69,
        182,
        8,
        9,
        225,
        158,
        60,
        18,
        31,
        33,
        47,
        9,
        207,
        200,
        215,
        4,
        20,
        31,
        240,
        45,
        225,
        145,
        60,
        225,
        3,
        78,
        38,
        130,
        58,
        62,
        77,
        63,
        146,
        0,
        63,
        255,
        229,
        63,
        252,
        35,
        32,
        178,
        26,
        44,
        68,
        116,
        252,
        252,
        183,
        191,
        99,
        246,
        187,
        191,
        248,
        83,
        170,
        170,
        8,
        179,
        28,
        241,
        64,
        94,
        19,
        30,
        136,
        226,
        3,
        164,
        142,
        196,
        123,
        63,
        254,
        252,
        3,
        179,
        223,
        253,
        237,
        207,
        67,
        17,
        89,
        12,
        102,
        2,
        58,
        62,
        253,
        253,
        239,
        129,
        233,
        143,
        191,
        163,
        170,
        10,
        66,
        102,
        100,
        193,
        44,
        108,
        162,
        40,
        30,
        33,
        82,
        15,
        68,
        60,
        250,
        241,
        231,
        1,
        252,
        254,
        239,
        63,
        13,
        5,
        100,
        54,
        88,
        185,
        248,
        219,
        63,
        0,
        63,
        252,
        241,
        7,
        170,
        170,
        32,
        44,
        114,
        68,
        194,
        129,
        188,
        38,
        28,
        9,
        234,
        24,
        195,
        5,
        34,
        245,
        132,
        136,
        139,
        49,
        198,
        167,
        63,
        25,
        192,
        31,
        254,
        206,
        5,
        171,
        1,
        136,
        232,
        248,
        183,
        127,
        1,
        76,
        127,
        144,
        170,
        42,
        8,
        100,
        5,
        1,
        194,
        54,
        130,
        143,
        16,
        169,
        47,
        136,
        120,
        52,
        254,
        100,
        0,
        255,
        234,
        223,
        13,
        69,
        4,
        6,
        43,
        245,
        211,
        95,
        253,
        8,
        252,
        139,
        65,
        85,
        21,
        4,
        178,
        32,
        9,
        33,
        28,
        41,
        39,
        242,
        17,
        34,
        245,
        140,
        136,
        71,
        227,
        39,
        96,
        250,
        247,
        159,
        84,
        86,
        3,
        196,
        217,
        167,
        191,
        254,
        3,
        240,
        187,
        31,
        168,
        170,
        90,
        37,
        33,
        9,
        73,
        8,
        7,
        202,
        105,
        68,
        241,
        8,
        145,
        250,
        138,
        136,
        71,
        227,
        7,
        224,
        207,
        254,
        250,
        147,
        51,
        132,
        193,
        74,
        253,
        115,
        225,
        211,
        239,
        168,
        170,
        154,
        133,
        4,
        178,
        96,
        139,
        176,
        18,
        193,
        35,
        68,
        234,
        5,
        34,
        30,
        253,
        56,
        192,
        63,
        87,
        89,
        13,
        192,
        217,
        248,
        233,
        247,
        192,
        207,
        84,
        85,
        221,
        75,
        66,
        22,
        132,
        3,
        57,
        157,
        71,
        32,
        82,
        47,
        18,
        193,
        25,
        58,
        1,
        191,
        255,
        105,
        56,
        3,
        6,
        2,
        58,
        254,
        230,
        39,
        24,
        127,
        74,
        85,
        213,
        42,
        15,
        56,
        81,
        22,
        44,
        20,
        23,
        184,
        66,
        234,
        27,
        196,
        123,
        63,
        10,
        63,
        253,
        205,
        80,
        64,
        6,
        136,
        142,
        241,
        19,
        240,
        19,
        85,
        85,
        139,
        0,
        89,
        0,
        33,
        108,
        34,
        120,
        15,
        68,
        234,
        155,
        68,
        112,
        245,
        9,
        248,
        113,
        12,
        69,
        24,
        128,
        179,
        241,
        39,
        192,
        15,
        84,
        85,
        173,
        242,
        136,
        7,
        114,
        10,
        193,
        35,
        80,
        164,
        94,
        33,
        10,
        206,
        38,
        224,
        231,
        225,
        12,
        152,
        100,
        225,
        167,
        9,
        152,
        168,
        170,
        154,
        5,
        18,
        178,
        130,
        176,
        129,
        128,
        2,
        30,
        32,
        245,
        42,
        35,
        171,
        79,
        192,
        244,
        233,
        87,
        22,
        78,
        128,
        142,
        225,
        4,
        12,
        170,
        170,
        22,
        9,
        57,
        128,
        112,
        36,
        175,
        9,
        247,
        20,
        239,
        33,
        245,
        6,
        35,
        139,
        79,
        192,
        228,
        24,
        49,
        48,
        161,
        224,
        112,
        2,
        164,
        170,
        10,
        2,
        9,
        33,
        1,
        194,
        70,
        130,
        71,
        32,
        245,
        38,
        35,
        179,
        1,
        76,
        14,
        65,
        50,
        0,
        197,
        79,
        2,
        82,
        85,
        69,
        72,
        200,
        12,
        66,
        56,
        80,
        121,
        77,
        88,
        9,
        120,
        0,
        72,
        157,
        66,
        64,
        5,
        252,
        36,
        10,
        76,
        44,
        28,
        84,
        85,
        29,
        132,
        204,
        8,
        73,
        8,
        43,
        57,
        153,
        71,
        168,
        72,
        157,
        68,
        130,
        44,
        134,
        44,
        6,
        179,
        49,
        144,
        170,
        170,
        69,
        8,
        100,
        1,
        132,
        149,
        156,
        72,
        4,
        60,
        66,
        234,
        36,
        226,
        140,
        153,
        140,
        193,
        108,
        176,
        82,
        170,
        170,
        102,
        33,
        36,
        36,
        36,
        225,
        29,
        84,
        92,
        81,
        39,
        19,
        101,
        161,
        172,
        38,
        144,
        170,
        170,
        163,
        16,
        114,
        192,
        201,
        194,
        145,
        8,
        30,
        129,
        212,
        233,
        228,
        129,
        97,
        0,
        2,
        82,
        85,
        181,
        202,
        2,
        18,
        182,
        18,
        81,
        20,
        21,
        165,
        78,
        166,
        200,
        76,
        64,
        96,
        162,
        170,
        234,
        137,
        220,
        131,
        112,
        146,
        112,
        32,
        51,
        103,
        40,
        32,
        181,
        137,
        225,
        137,
        193,
        74,
        170,
        170,
        32,
        44,
        178,
        98,
        59,
        197,
        123,
        212,
        70,
        178,
        144,
        213,
        160,
        170,
        234,
        137,
        220,
        35,
        16,
        86,
        242,
        138,
        112,
        32,
        40,
        46,
        80,
        234,
        251,
        12,
        170,
        170,
        30,
        5,
        18,
        8,
        132,
        173,
        4,
        15,
        64,
        234,
        187,
        76,
        44,
        6,
        85,
        85,
        7,
        33,
        9,
        9,
        132,
        3,
        57,
        145,
        15,
        168,
        119,
        27,
        44,
        6,
        85,
        85,
        247,
        50,
        35,
        100,
        6,
        97,
        11,
        241,
        17,
        82,
        223,
        103,
        162,
        170,
        234,
        40,
        204,
        66,
        152,
        133,
        149,
        188,
        33,
        28,
        9,
        234,
        112,
        134,
        212,
        119,
        26,
        84,
        85,
        61,
        74,
        8,
        73,
        216,
        72,
        112,
        129,
        138,
        212,
        247,
        154,
        168,
        170,
        58,
        8,
        9,
        132,
        0,
        97,
        37,
        175,
        9,
        247,
        196,
        25,
        42,
        32,
        245,
        221,
        6,
        85,
        85,
        171,
        16,
        146,
        16,
        18,
        182,
        17,
        193,
        123,
        212,
        247,
        27,
        84,
        85,
        221,
        11,
        36,
        132,
        211,
        132,
        35,
        17,
        69,
        81,
        169,
        115,
        24,
        84,
        85,
        45,
        66,
        22,
        36,
        64,
        216,
        64,
        196,
        25,
        10,
        72,
        157,
        193,
        160,
        170,
        106,
        22,
        114,
        64,
        18,
        78,
        17,
        14,
        68,
        92,
        12,
        23,
        212,
        57,
        12,
        170,
        170,
        30,
        37,
        97,
        27,
        1,
        87,
        168,
        212,
        121,
        12,
        170,
        170,
        22,
        89,
        65,
        216,
        202,
        123,
        128,
        212,
        89,
        12,
        170,
        170,
        32,
        204,
        178,
        32,
        108,
        35,
        224,
        17,
        117,
        38,
        131,
        170,
        170,
        89,
        102,
        100,
        65,
        64,
        86,
        242,
        38,
        65,
        197,
        5,
        183,
        39,
        156,
        32,
        220,
        158,
        65,
        85,
        213,
        65,
        194,
        34,
        108,
        166,
        168,
        136,
        212,
        121,
        12,
        170,
        170,
        86,
        33,
        43,
        102,
        97,
        33,
        111,
        18,
        103,
        168,
        32,
        82,
        103,
        50,
        81,
        85,
        69,
        32,
        132,
        36,
        64,
        56,
        153,
        8,
        56,
        67,
        145,
        58,
        151,
        137,
        170,
        170,
        89,
        8,
        1,
        66,
        152,
        201,
        43,
        2,
        8,
        200,
        204,
        5,
        42,
        82,
        103,
        51,
        168,
        170,
        130,
        16,
        66,
        18,
        194,
        73,
        2,
        2,
        138,
        162,
        128,
        220,
        170,
        176,
        10,
        79,
        132,
        85,
        184,
        81,
        19,
        85,
        85,
        179,
        16,
        2,
        132,
        19,
        69,
        64,
        16,
        69,
        229,
        246,
        133,
        223,
        142,
        65,
        85,
        85,
        18,
        32,
        16,
        78,
        16,
        238,
        137,
        51,
        20,
        144,
        27,
        163,
        28,
        132,
        87,
        132,
        219,
        52,
        168,
        170,
        221,
        11,
        144,
        132,
        132,
        141,
        92,
        161,
        114,
        131,
        20,
        33,
        64,
        18,
        190,
        146,
        4,
        8,
        97,
        166,
        220,
        148,
        65,
        85,
        237,
        93,
        72,
        194,
        65,
        216,
        64,
        192,
        5,
        32,
        183,
        68,
        89,
        201,
        42,
        64,
        194,
        23,
        18,
        32,
        220,
        170,
        65,
        85,
        237,
        92,
        8,
        144,
        25,
        15,
        228,
        36,
        42,
        174,
        184,
        53,
        42,
        207,
        132,
        39,
        194,
        42,
        172,
        148,
        27,
        51,
        168,
        170,
        125,
        11,
        144,
        132,
        64,
        216,
        74,
        197,
        25,
        114,
        123,
        84,
        102,
        114,
        36,
        79,
        200,
        3,
        149,
        153,
        51,
        110,
        198,
        68,
        85,
        237,
        93,
        86,
        36,
        132,
        19,
        132,
        35,
        21,
        87,
        200,
        77,
        49,
        32,
        4,
        129,
        128,
        1,
        249,
        146,
        4,
        4,
        89,
        168,
        220,
        148,
        137,
        170,
        218,
        185,
        48,
        75,
        194,
        54,
        2,
        138,
        114,
        139,
        36,
        32,
        4,
        132,
        200,
        66,
        30,
        5,
        100,
        38,
        46,
        184,
        53,
        19,
        85,
        181,
        107,
        129,
        204,
        128,
        176,
        141,
        138,
        43,
        228,
        163,
        40,
        200,
        87,
        12,
        178,
        144,
        111,
        144,
        3,
        241,
        17,
        114,
        43,
        38,
        170,
        170,
        178,
        32,
        108,
        32,
        51,
        17,
        68,
        62,
        138,
        32,
        47,
        50,
        8,
        209,
        132,
        123,
        18,
        158,
        17,
        60,
        226,
        69,
        6,
        33,
        92,
        219,
        68,
        85,
        237,
        91,
        102,
        100,
        6,
        1,
        195,
        233,
        68,
        20,
        249,
        16,
        242,
        10,
        35,
        193,
        145,
        128,
        145,
        35,
        121,
        78,
        196,
        5,
        138,
        188,
        192,
        176,
        48,
        92,
        211,
        68,
        85,
        237,
        94,
        194,
        44,
        156,
        78,
        80,
        81,
        145,
        143,
        35,
        175,
        144,
        149,
        137,
        16,
        64,
        158,
        10,
        51,
        65,
        68,
        69,
        145,
        219,
        49,
        81,
        85,
        123,
        23,
        178,
        32,
        220,
        147,
        151,
        133,
        153,
        65,
        16,
        20,
        16,
        249,
        24,
        145,
        87,
        24,
        36,
        98,
        12,
        68,
        158,
        147,
        133,
        32,
        162,
        200,
        77,
        153,
        168,
        170,
        157,
        11,
        129,
        64,
        32,
        242,
        154,
        176,
        18,
        16,
        197,
        25,
        31,
        41,
        242,
        77,
        6,
        89,
        25,
        228,
        91,
        4,
        68,
        4,
        121,
        81,
        88,
        133,
        171,
        154,
        168,
        170,
        125,
        11,
        33,
        33,
        129,
        16,
        36,
        200,
        91,
        196,
        25,
        242,
        145,
        34,
        1,
        140,
        188,
        196,
        32,
        96,
        144,
        151,
        4,
        89,
        9,
        2,
        242,
        146,
        64,
        18,
        8,
        215,
        53,
        81,
        85,
        123,
        150,
        0,
        97,
        21,
        78,
        231,
        10,
        149,
        143,
        19,
        89,
        69,
        94,
        98,
        64,
        190,
        73,
        142,
        100,
        38,
        47,
        10,
        97,
        17,
        174,
        108,
        162,
        170,
        118,
        46,
        64,
        18,
        194,
        129,
        124,
        67,
        184,
        167,
        44,
        148,
        143,
        21,
        86,
        6,
        228,
        107,
        18,
        64,
        78,
        32,
        47,
        9,
        132,
        44,
        184,
        182,
        137,
        170,
        218,
        187,
        16,
        182,
        242,
        0,
        144,
        143,
        17,
        64,
        8,
        11,
        9,
        207,
        73,
        56,
        146,
        111,
        8,
        7,
        2,
        225,
        5,
        33,
        51,
        178,
        224,
        154,
        38,
        170,
        106,
        199,
        66,
        2,
        97,
        22,
        22,
        114,
        2,
        193,
        5,
        40,
        31,
        41,
        68,
        142,
        228,
        153,
        112,
        79,
        190,
        69,
        194,
        34,
        188,
        32,
        64,
        200,
        140,
        235,
        155,
        168,
        170,
        61,
        11,
        4,
        72,
        216,
        66,
        193,
        21,
        242,
        49,
        98,
        120,
        96,
        48,
        60,
        35,
        247,
        130,
        188,
        44,
        60,
        10,
        207,
        5,
        66,
        18,
        178,
        32,
        92,
        209,
        68,
        85,
        237,
        87,
        128,
        16,
        2,
        97,
        11,
        21,
        149,
        171,
        51,
        28,
        69,
        194,
        81,
        36,
        242,
        37,
        195,
        61,
        9,
        242,
        181,
        0,
        225,
        65,
        120,
        38,
        144,
        144,
        132,
        4,
        194,
        61,
        185,
        188,
        137,
        170,
        218,
        173,
        144,
        132,
        16,
        182,
        83,
        64,
        228,
        227,
        196,
        48,
        139,
        204,
        12,
        51,
        121,
        16,
        158,
        50,
        200,
        51,
        33,
        16,
        94,
        22,
        32,
        144,
        144,
        132,
        16,
        174,
        107,
        162,
        170,
        106,
        27,
        21,
        87,
        200,
        181,
        73,
        48,
        204,
        194,
        83,
        145,
        215,
        25,
        121,
        42,
        144,
        16,
        94,
        20,
        22,
        33,
        132,
        36,
        4,
        194,
        194,
        32,
        215,
        48,
        81,
        85,
        123,
        21,
        18,
        18,
        194,
        102,
        2,
        138,
        124,
        0,
        65,
        86,
        49,
        6,
        136,
        145,
        85,
        16,
        8,
        11,
        9,
        51,
        33,
        50,
        51,
        200,
        131,
        16,
        18,
        2,
        132,
        133,
        16,
        100,
        17,
        14,
        66,
        8,
        9,
        129,
        176,
        16,
        185,
        142,
        137,
        170,
        218,
        179,
        64,
        72,
        194,
        38,
        34,
        130,
        124,
        176,
        24,
        158,
        9,
        247,
        194,
        42,
        200,
        204,
        128,
        145,
        163,
        144,
        144,
        16,
        194,
        65,
        152,
        133,
        39,
        2,
        33,
        132,
        16,
        174,
        109,
        162,
        170,
        118,
        42,
        36,
        144,
        176,
        141,
        204,
        68,
        110,
        65,
        48,
        134,
        69,
        228,
        27,
        98,
        100,
        38,
        68,
        86,
        33,
        33,
        9,
        9,
        223,
        20,
        8,
        33,
        16,
        174,
        110,
        162,
        170,
        118,
        44,
        129,
        132,
        147,
        132,
        3,
        21,
        68,
        229,
        3,
        5,
        16,
        136,
        193,
        48,
        139,
        60,
        23,
        64,
        14,
        36,
        200,
        65,
        8,
        100,
        65,
        32,
        128,
        124,
        37,
        64,
        8,
        132,
        69,
        64,
        174,
        103,
        162,
        170,
        246,
        41,
        36,
        64,
        194,
        38,
        50,
        19,
        228,
        227,
        5,
        33,
        24,
        12,
        16,
        249,
        82,
        152,
        69,
        142,
        36,
        70,
        14,
        114,
        64,
        8,
        179,
        32,
        95,
        10,
        179,
        0,
        97,
        22,
        174,
        108,
        162,
        170,
        246,
        43,
        9,
        144,
        240,
        150,
        32,
        6,
        144,
        153,
        200,
        71,
        147,
        112,
        20,
        12,
        47,
        8,
        207,
        201,
        42,
        36,
        64,
        102,
        132,
        176,
        138,
        124,
        41,
        44,
        194,
        34,
        128,
        92,
        211,
        68,
        85,
        237,
        89,
        102,
        156,
        78,
        80,
        17,
        185,
        37,
        1,
        129,
        240,
        76,
        0,
        3,
        6,
        249,
        82,
        18,
        102,
        9,
        97,
        38,
        132,
        175,
        132,
        15,
        51,
        81,
        85,
        59,
        149,
        5,
        171,
        240,
        186,
        64,
        80,
        102,
        2,
        34,
        40,
        31,
        75,
        158,
        10,
        47,
        9,
        134,
        153,
        4,
        48,
        24,
        9,
        171,
        28,
        0,
        193,
        240,
        42,
        185,
        182,
        137,
        170,
        218,
        177,
        44,
        216,
        68,
        101,
        38,
        55,
        47,
        204,
        130,
        16,
        16,
        136,
        60,
        72,
        128,
        4,
        8,
        16,
        64,
        110,
        201,
        68,
        85,
        237,
        82,
        128,
        132,
        69,
        120,
        32,
        223,
        22,
        1,
        153,
        41,
        114,
        35,
        194,
        171,
        34,
        49,
        66,
        228,
        81,
        18,
        32,
        129,
        16,
        136,
        204,
        194,
        183,
        200,
        245,
        13,
        170,
        106,
        175,
        2,
        89,
        16,
        78,
        37,
        206,
        64,
        126,
        27,
        66,
        32,
        44,
        194,
        139,
        2,
        33,
        220,
        156,
        65,
        85,
        237,
        84,
        32,
        44,
        194,
        61,
        121,
        81,
        248,
        146,
        114,
        35,
        18,
        94,
        19,
        94,
        17,
        30,
        133,
        215,
        36,
        92,
        221,
        160,
        170,
        246,
        41,
        16,
        72,
        194,
        22,
        46,
        64,
        165,
        46,
        105,
        80,
        85,
        59,
        22,
        32,
        64,
        162,
        32,
        111,
        80,
        192,
        25,
        55,
        66,
        121,
        141,
        32,
        200,
        43,
        4,
        65,
        94,
        163,
        92,
        221,
        68,
        85,
        237,
        85,
        8,
        4,
        8,
        39,
        83,
        57,
        144,
        155,
        32,
        16,
        190,
        69,
        30,
        200,
        51,
        134,
        35,
        121,
        141,
        124,
        132,
        137,
        170,
        218,
        173,
        144,
        16,
        194,
        22,
        174,
        184,
        37,
        18,
        222,
        34,
        95,
        49,
        188,
        69,
        62,
        202,
        68,
        85,
        237,
        84,
        56,
        8,
        27,
        40,
        40,
        200,
        77,
        145,
        175,
        133,
        3,
        145,
        111,
        50,
        134,
        3,
        185,
        37,
        131,
        170,
        218,
        175,
        64,
        184,
        167,
        188,
        65,
        4,
        5,
        229,
        246,
        201,
        38,
        114,
        83,
        6,
        85,
        181,
        99,
        9,
        91,
        8,
        162,
        2,
        82,
        151,
        52,
        168,
        170,
        125,
        10,
        9,
        179,
        240,
        150,
        240,
        72,
        4,
        68,
        234,
        162,
        6,
        85,
        181,
        71,
        9,
        239,
        33,
        162,
        34,
        117,
        89,
        131,
        170,
        218,
        169,
        64,
        216,
        74,
        4,
        164,
        46,
        108,
        80,
        85,
        117,
        18,
        65,
        16,
        164,
        46,
        110,
        80,
        85,
        59,
        20,
        8,
        97,
        27,
        69,
        64,
        164,
        46,
        109,
        80,
        85,
        187,
        20,
        222,
        73,
        234,
        10,
        6,
        85,
        181,
        71,
        129,
        16,
        18,
        78,
        37,
        32,
        82,
        87,
        49,
        168,
        170,
        253,
        9,
        239,
        38,
        82,
        151,
        55,
        168,
        170,
        221,
        9,
        33,
        33,
        156,
        32,
        65,
        102,
        162,
        34,
        51,
        169,
        139,
        27,
        84,
        213,
        30,
        133,
        69,
        56,
        149,
        44,
        68,
        164,
        174,
        96,
        80,
        85,
        59,
        21,
        222,
        150,
        64,
        0,
        65,
        144,
        186,
        150,
        65,
        85,
        237,
        77,
        72,
        32,
        16,
        78,
        36,
        51,
        5,
        145,
        186,
        134,
        65,
        85,
        237,
        81,
        2,
        225,
        68,
        2,
        82,
        215,
        52,
        168,
        170,
        157,
        10,
        111,
        10,
        143,
        4,
        69,
        234,
        42,
        6,
        85,
        181,
        51,
        33,
        204,
        194,
        22,
        130,
        130,
        212,
        117,
        12,
        170,
        106,
        127,
        50,
        163,
        110,
        217,
        160,
        170,
        118,
        43,
        156,
        74,
        196,
        25,
        117,
        37,
        131,
        170,
        218,
        167,
        36,
        132,
        211,
        201,
        74,
        169,
        43,
        24,
        84,
        213,
        222,
        36,
        36,
        225,
        61,
        148,
        186,
        138,
        65,
        85,
        237,
        79,
        56,
        10,
        39,
        18,
        68,
        169,
        43,
        25,
        84,
        213,
        190,
        132,
        131,
        36,
        108,
        160,
        200,
        74,
        234,
        242,
        6,
        85,
        181,
        71,
        9,
        16,
        182,
        146,
        186,
        142,
        65,
        85,
        237,
        79,
        194,
        51,
        242,
        130,
        112,
        36,
        51,
        103,
        72,
        93,
        197,
        160,
        170,
        118,
        39,
        108,
        37,
        202,
        74,
        234,
        26,
        6,
        85,
        181,
        51,
        9,
        179,
        36,
        16,
        78,
        37,
        117,
        85,
        131,
        170,
        218,
        163,
        0,
        97,
        19,
        23,
        212,
        117,
        12,
        170,
        106,
        135,
        194,
        102,
        178,
        16,
        169,
        43,
        24,
        84,
        213,
        254,
        132,
        205,
        164,
        174,
        105,
        80,
        85,
        187,
        148,
        132,
        176,
        133,
        51,
        144,
        186,
        134,
        65,
        85,
        237,
        78,
        32,
        108,
        35,
        43,
        169,
        235,
        24,
        84,
        213,
        14,
        133,
        47,
        201,
        155,
        164,
        174,
        104,
        80,
        85,
        123,
        21,
        78,
        38,
        130,
        138,
        212,
        85,
        12,
        170,
        170,
        78,
        34,
        117,
        61,
        131,
        170,
        218,
        165,
        132,
        119,
        144,
        186,
        142,
        65,
        85,
        237,
        77,
        8,
        71,
        9,
        242,
        54,
        1,
        65,
        234,
        90,
        6,
        85,
        181,
        71,
        129,
        64,
        56,
        149,
        128,
        212,
        213,
        76,
        84,
        213,
        110,
        133,
        3,
        121,
        157,
        44,
        4,
        169,
        43,
        25,
        84,
        213,
        14,
        133,
        173,
        164,
        174,
        105,
        80,
        85,
        187,
        22,
        148,
        186,
        57,
        131,
        170,
        218,
        157,
        0,
        97,
        35,
        65,
        234,
        90,
        6,
        85,
        181,
        51,
        225,
        40,
        156,
        32,
        60,
        144,
        235,
        11,
        179,
        132,
        27,
        149,
        48,
        11,
        231,
        55,
        168,
        170,
        61,
        10,
        161,
        110,
        216,
        160,
        170,
        246,
        39,
        252,
        38,
        132,
        223,
        144,
        16,
        206,
        104,
        80,
        85,
        59,
        21,
        234,
        118,
        13,
        170,
        106,
        135,
        194,
        118,
        114,
        109,
        178,
        95,
        131,
        170,
        170,
        186,
        57,
        19,
        85,
        85,
        183,
        203,
        176,
        136,
        16,
        222,
        39,
        70,
        190,
        37,
        132,
        131,
        240,
        125,
        68,
        206,
        104,
        80,
        85,
        187,
        20,
        110,
        158,
        156,
        81,
        248,
        74,
        248,
        94,
        97,
        37,
        231,
        55,
        168,
        170,
        122,
        133,
        44,
        228,
        99,
        136,
        136,
        16,
        222,
        35,
        51,
        8,
        139,
        240,
        76,
        88,
        4,
        50,
        227,
        61,
        194,
        229,
        12,
        170,
        170,
        110,
        149,
        128,
        172,
        194,
        118,
        97,
        22,
        222,
        16,
        102,
        97,
        187,
        176,
        80,
        17,
        228,
        188,
        38,
        170,
        106,
        87,
        194,
        81,
        32,
        114,
        211,
        12,
        134,
        153,
        129,
        176,
        144,
        211,
        133,
        13,
        34,
        27,
        132,
        35,
        153,
        137,
        156,
        219,
        68,
        85,
        213,
        45,
        146,
        128,
        17,
        8,
        183,
        74,
        100,
        37,
        103,
        54,
        81,
        85,
        245,
        54,
        185,
        62,
        99,
        12,
        96,
        228,
        29,
        36,
        128,
        188,
        193,
        0,
        178,
        137,
        28,
        137,
        138,
        156,
        221,
        68,
        85,
        213,
        141,
        50,
        70,
        14,
        194,
        129,
        156,
        42,
        32,
        51,
        17,
        80,
        158,
        145,
        128,
        16,
        89,
        201,
        169,
        194,
        129,
        128,
        162,
        8,
        202,
        57,
        77,
        84,
        85,
        189,
        74,
        62,
        140,
        145,
        119,
        147,
        35,
        81,
        121,
        129,
        16,
        35,
        91,
        201,
        129,
        128,
        136,
        162,
        156,
        215,
        68,
        85,
        213,
        91,
        4,
        249,
        8,
        50,
        51,
        128,
        64,
        144,
        45,
        194,
        66,
        240,
        1,
        43,
        121,
        100,
        88,
        200,
        251,
        40,
        162,
        156,
        219,
        68,
        85,
        213,
        109,
        146,
        123,
        66,
        0,
        217,
        70,
        86,
        130,
        202,
        129,
        96,
        88,
        9,
        72,
        228,
        189,
        100,
        166,
        200,
        249,
        77,
        84,
        85,
        189,
        65,
        62,
        142,
        128,
        1,
        249,
        14,
        162,
        40,
        79,
        200,
        194,
        32,
        223,
        69,
        196,
        25,
        103,
        54,
        81,
        85,
        245,
        130,
        32,
        43,
        145,
        15,
        35,
        209,
        32,
        71,
        49,
        108,
        38,
        8,
        138,
        60,
        48,
        18,
        141,
        132,
        205,
        140,
        60,
        18,
        1,
        57,
        175,
        137,
        170,
        170,
        55,
        201,
        135,
        48,
        72,
        228,
        129,
        200,
        123,
        8,
        34,
        114,
        100,
        140,
        172,
        100,
        59,
        121,
        74,
        228,
        236,
        38,
        170,
        170,
        110,
        151,
        65,
        190,
        159,
        128,
        8,
        114,
        96,
        140,
        156,
        85,
        228,
        140,
        38,
        170,
        170,
        110,
        81,
        128,
        112,
        36,
        223,
        75,
        30,
        25,
        102,
        18,
        228,
        251,
        132,
        123,
        145,
        179,
        26,
        84,
        85,
        221,
        166,
        0,
        225,
        60,
        4,
        228,
        9,
        1,
        185,
        93,
        19,
        85,
        85,
        55,
        42,
        132,
        48,
        51,
        200,
        119,
        137,
        60,
        97,
        192,
        240,
        189,
        2,
        97,
        102,
        140,
        156,
        215,
        68,
        85,
        213,
        77,
        10,
        36,
        132,
        149,
        225,
        59,
        200,
        145,
        60,
        21,
        8,
        223,
        35,
        132,
        3,
        57,
        179,
        137,
        170,
        170,
        219,
        148,
        64,
        194,
        44,
        70,
        222,
        207,
        96,
        228,
        75,
        33,
        4,
        194,
        251,
        133,
        176,
        146,
        128,
        156,
        211,
        68,
        85,
        213,
        13,
        10,
        179,
        44,
        0,
        99,
        144,
        173,
        194,
        76,
        136,
        96,
        140,
        68,
        30,
        132,
        16,
        2,
        1,
        100,
        179,
        64,
        8,
        200,
        76,
        206,
        108,
        162,
        170,
        234,
        86,
        101,
        1,
        196,
        72,
        120,
        151,
        32,
        11,
        35,
        79,
        4,
        18,
        18,
        194,
        34,
        188,
        67,
        8,
        16,
        1,
        57,
        179,
        137,
        170,
        170,
        27,
        100,
        72,
        200,
        2,
        140,
        65,
        182,
        11,
        72,
        100,
        33,
        145,
        71,
        73,
        200,
        12,
        2,
        200,
        102,
        129,
        16,
        16,
        48,
        114,
        94,
        19,
        85,
        85,
        183,
        42,
        43,
        136,
        145,
        32,
        155,
        132,
        69,
        228,
        158,
        60,
        8,
        179,
        44,
        8,
        179,
        32,
        155,
        4,
        8,
        97,
        101,
        140,
        156,
        213,
        68,
        85,
        213,
        77,
        10,
        129,
        36,
        132,
        163,
        32,
        167,
        11,
        143,
        100,
        21,
        89,
        5,
        114,
        143,
        176,
        138,
        156,
        46,
        44,
        66,
        192,
        64,
        140,
        156,
        215,
        68,
        85,
        213,
        77,
        11,
        16,
        64,
        32,
        108,
        18,
        192,
        112,
        32,
        145,
        200,
        163,
        44,
        32,
        128,
        16,
        182,
        9,
        97,
        22,
        89,
        69,
        206,
        105,
        162,
        170,
        234,
        37,
        242,
        241,
        2,
        129,
        0,
        198,
        240,
        46,
        193,
        128,
        16,
        228,
        94,
        32,
        9,
        4,
        194,
        34,
        108,
        23,
        2,
        24,
        36,
        114,
        102,
        131,
        170,
        170,
        215,
        132,
        64,
        248,
        48,
        225,
        32,
        108,
        151,
        25,
        4,
        72,
        120,
        20,
        72,
        128,
        132,
        4,
        50,
        99,
        187,
        112,
        73,
        131,
        170,
        170,
        23,
        200,
        163,
        240,
        65,
        4,
        229,
        40,
        108,
        21,
        102,
        225,
        32,
        60,
        147,
        176,
        10,
        179,
        176,
        85,
        56,
        82,
        144,
        115,
        27,
        84,
        85,
        253,
        54,
        132,
        109,
        194,
        189,
        48,
        75,
        32,
        60,
        8,
        95,
        8,
        219,
        132,
        203,
        26,
        84,
        85,
        189,
        37,
        124,
        0,
        145,
        149,
        188,
        75,
        120,
        148,
        176,
        8,
        4,
        2,
        33,
        204,
        18,
        30,
        132,
        119,
        145,
        149,
        200,
        89,
        13,
        170,
        170,
        94,
        21,
        22,
        225,
        35,
        201,
        57,
        132,
        163,
        16,
        102,
        225,
        59,
        201,
        197,
        76,
        84,
        213,
        62,
        25,
        228,
        100,
        145,
        15,
        97,
        0,
        195,
        42,
        188,
        71,
        140,
        16,
        121,
        46,
        64,
        8,
        71,
        225,
        29,
        100,
        38,
        231,
        55,
        168,
        170,
        93,
        146,
        173,
        66,
        93,
        207,
        160,
        170,
        106,
        151,
        194,
        45,
        27,
        84,
        213,
        14,
        201,
        59,
        36,
        212,
        181,
        12,
        170,
        106,
        87,
        228,
        61,
        2,
        225,
        131,
        57,
        227,
        140,
        228,
        253,
        156,
        113,
        81,
        19,
        85,
        181,
        83,
        134,
        223,
        28,
        57,
        93,
        56,
        16,
        1,
        249,
        138,
        1,
        99,
        56,
        144,
        91,
        50,
        168,
        170,
        253,
        17,
        249,
        45,
        145,
        27,
        37,
        151,
        50,
        168,
        170,
        58,
        65,
        152,
        133,
        223,
        16,
        217,
        68,
        110,
        202,
        160,
        170,
        118,
        70,
        22,
        202,
        81,
        194,
        27,
        18,
        102,
        161,
        174,
        103,
        80,
        85,
        187,
        35,
        43,
        57,
        93,
        128,
        80,
        87,
        51,
        168,
        170,
        29,
        146,
        123,
        2,
        9,
        111,
        11,
        132,
        186,
        150,
        65,
        85,
        237,
        150,
        212,
        173,
        26,
        84,
        213,
        222,
        8,
        8,
        130,
        74,
        216,
        32,
        212,
        117,
        12,
        170,
        106,
        127,
        4,
        165,
        110,
        216,
        160,
        170,
        234,
        4,
        33,
        16,
        234,
        74,
        6,
        85,
        181,
        67,
        50,
        147,
        147,
        133,
        89,
        2,
        161,
        174,
        98,
        80,
        85,
        187,
        35,
        72,
        221,
        180,
        65,
        85,
        237,
        143,
        160,
        242,
        40,
        188,
        41,
        212,
        21,
        13,
        170,
        106,
        183,
        228,
        100,
        161,
        174,
        106,
        80,
        85,
        59,
        36,
        219,
        5,
        8,
        161,
        174,
        97,
        80,
        85,
        59,
        35,
        51,
        1,
        217,
        38,
        9,
        117,
        37,
        131,
        170,
        218,
        27,
        153,
        169,
        32,
        39,
        11,
        117,
        77,
        131,
        170,
        218,
        29,
        101,
        187,
        176,
        8,
        117,
        21,
        131,
        170,
        218,
        33,
        217,
        46,
        33,
        129,
        80,
        87,
        48,
        168,
        170,
        61,
        146,
        153,
        60,
        8,
        47,
        144,
        7,
        97,
        22,
        234,
        90,
        38,
        170,
        106,
        151,
        4,
        194,
        169,
        98,
        144,
        186,
        158,
        65,
        85,
        237,
        139,
        108,
        23,
        102,
        73,
        32,
        161,
        174,
        97,
        80,
        85,
        251,
        35,
        239,
        147,
        80,
        215,
        49,
        168,
        170,
        189,
        81,
        84,
        22,
        178,
        93,
        168,
        203,
        155,
        168,
        170,
        125,
        50,
        108,
        16,
        22,
        82,
        87,
        50,
        168,
        170,
        157,
        82,
        100,
        155,
        132,
        186,
        142,
        65,
        85,
        237,
        150,
        108,
        150,
        132,
        186,
        130,
        137,
        170,
        218,
        31,
        153,
        133,
        211,
        197,
        176,
        144,
        186,
        142,
        65,
        85,
        237,
        140,
        200,
        66,
        234,
        118,
        13,
        170,
        106,
        175,
        228,
        52,
        1,
        66,
        102,
        132,
        186,
        142,
        65,
        85,
        237,
        144,
        51,
        182,
        11,
        161,
        174,
        98,
        80,
        85,
        123,
        35,
        178,
        146,
        55,
        200,
        42,
        64,
        32,
        16,
        66,
        93,
        195,
        160,
        170,
        246,
        72,
        144,
        147,
        5,
        72,
        8,
        179,
        80,
        87,
        48,
        168,
        170,
        221,
        17,
        81,
        68,
        222,
        224,
        140,
        89,
        194,
        34,
        4,
        8,
        117,
        113,
        131,
        170,
        218,
        49,
        229,
        68,
        129,
        132,
        0,
        161,
        46,
        111,
        80,
        85,
        251,
        35,
        138,
        200,
        41,
        228,
        32,
        16,
        8,
        117,
        13,
        131,
        170,
        218,
        33,
        65,
        100,
        139,
        176,
        8,
        161,
        174,
        96,
        80,
        85,
        59,
        37,
        200,
        22,
        9,
        1,
        66,
        168,
        75,
        27,
        84,
        213,
        30,
        41,
        239,
        16,
        8,
        132,
        186,
        184,
        65,
        85,
        237,
        147,
        32,
        130,
        156,
        40,
        204,
        66,
        128,
        80,
        23,
        54,
        168,
        170,
        189,
        18,
        80,
        182,
        8,
        144,
        64,
        168,
        203,
        26,
        84,
        213,
        78,
        9,
        50,
        147,
        55,
        200,
        19,
        9,
        4,
        66,
        93,
        212,
        160,
        170,
        118,
        75,
        100,
        38,
        167,
        11,
        100,
        70,
        93,
        216,
        160,
        170,
        246,
        76,
        5,
        129,
        172,
        120,
        93,
        32,
        97,
        22,
        194,
        85,
        132,
        89,
        194,
        217,
        8,
        114,
        54,
        9,
        179,
        112,
        126,
        131,
        170,
        218,
        43,
        145,
        153,
        160,
        156,
        34,
        36,
        144,
        25,
        117,
        97,
        19,
        85,
        181,
        99,
        18,
        195,
        204,
        112,
        154,
        128,
        64,
        140,
        92,
        79,
        132,
        200,
        55,
        133,
        133,
        188,
        65,
        89,
        73,
        120,
        67,
        88,
        200,
        55,
        5,
        8,
        23,
        51,
        81,
        85,
        251,
        100,
        48,
        96,
        48,
        156,
        44,
        66,
        0,
        185,
        158,
        112,
        16,
        222,
        16,
        14,
        228,
        43,
        50,
        147,
        7,
        6,
        48,
        124,
        37,
        60,
        21,
        222,
        18,
        89,
        68,
        206,
        107,
        162,
        170,
        118,
        202,
        96,
        216,
        38,
        134,
        133,
        220,
        178,
        0,
        178,
        93,
        216,
        38,
        92,
        206,
        160,
        170,
        246,
        74,
        112,
        193,
        201,
        2,
        132,
        89,
        18,
        174,
        42,
        236,
        204,
        160,
        170,
        118,
        75,
        89,
        201,
        189,
        240,
        18,
        121,
        144,
        144,
        25,
        215,
        38,
        155,
        40,
        239,
        160,
        220,
        140,
        65,
        85,
        237,
        152,
        2,
        114,
        178,
        144,
        25,
        132,
        43,
        16,
        16,
        144,
        27,
        37,
        15,
        228,
        204,
        38,
        170,
        106,
        151,
        12,
        43,
        33,
        24,
        94,
        101,
        0,
        153,
        69,
        32,
        24,
        185,
        6,
        3,
        70,
        22,
        18,
        64,
        222,
        37,
        2,
        1,
        89,
        36,
        97,
        22,
        158,
        147,
        83,
        4,
        144,
        128,
        65,
        64,
        206,
        111,
        162,
        170,
        118,
        74,
        102,
        97,
        171,
        0,
        198,
        128,
        92,
        154,
        65,
        98,
        152,
        9,
        242,
        126,
        145,
        85,
        120,
        16,
        222,
        73,
        22,
        6,
        4,
        21,
        65,
        206,
        107,
        162,
        170,
        246,
        76,
        22,
        225,
        13,
        50,
        11,
        96,
        4,
        98,
        228,
        242,
        140,
        2,
        145,
        119,
        49,
        60,
        17,
        4,
        34,
        16,
        102,
        9,
        79,
        201,
        102,
        18,
        68,
        16,
        57,
        183,
        137,
        170,
        218,
        47,
        195,
        70,
        49,
        32,
        145,
        139,
        147,
        24,
        89,
        132,
        115,
        8,
        96,
        152,
        101,
        198,
        25,
        8,
        226,
        12,
        57,
        179,
        137,
        170,
        218,
        39,
        35,
        17,
        8,
        167,
        9,
        247,
        130,
        4,
        35,
        23,
        100,
        48,
        242,
        84,
        144,
        183,
        132,
        175,
        69,
        142,
        194,
        42,
        220,
        11,
        47,
        144,
        211,
        137,
        162,
        40,
        103,
        53,
        81,
        85,
        123,
        102,
        144,
        112,
        186,
        24,
        132,
        72,
        228,
        210,
        228,
        65,
        0,
        121,
        155,
        204,
        194,
        115,
        225,
        169,
        144,
        21,
        95,
        145,
        45,
        4,
        113,
        5,
        114,
        78,
        19,
        85,
        181,
        83,
        70,
        136,
        4,
        195,
        9,
        12,
        139,
        72,
        140,
        17,
        34,
        151,
        36,
        239,
        18,
        144,
        240,
        133,
        8,
        4,
        12,
        171,
        36,
        204,
        194,
        151,
        100,
        38,
        39,
        19,
        84,
        228,
        252,
        38,
        170,
        106,
        207,
        12,
        6,
        9,
        91,
        196,
        24,
        144,
        75,
        147,
        153,
        225,
        100,
        1,
        33,
        24,
        158,
        9,
        134,
        153,
        4,
        18,
        18,
        158,
        19,
        100,
        33,
        167,
        17,
        81,
        92,
        112,
        94,
        19,
        85,
        181,
        87,
        70,
        34,
        49,
        188,
        83,
        228,
        114,
        140,
        68,
        48,
        24,
        78,
        100,
        128,
        24,
        12,
        71,
        17,
        8,
        6,
        3,
        132,
        89,
        72,
        72,
        152,
        133,
        123,
        130,
        8,
        200,
        105,
        4,
        81,
        81,
        144,
        179,
        154,
        168,
        170,
        218,
        38,
        18,
        131,
        65,
        46,
        75,
        34,
        155,
        197,
        24,
        12,
        134,
        131,
        8,
        49,
        60,
        8,
        33,
        64,
        56,
        18,
        4,
        17,
        65,
        78,
        35,
        40,
        162,
        200,
        153,
        77,
        84,
        213,
        110,
        25,
        33,
        198,
        128,
        225,
        100,
        193,
        72,
        132,
        200,
        229,
        24,
        228,
        158,
        97,
        147,
        240,
        165,
        24,
        195,
        189,
        64,
        8,
        207,
        40,
        34,
        200,
        73,
        4,
        17,
        17,
        145,
        243,
        154,
        168,
        170,
        253,
        50,
        96,
        140,
        97,
        155,
        24,
        22,
        70,
        46,
        199,
        96,
        140,
        96,
        144,
        240,
        77,
        178,
        8,
        7,
        49,
        24,
        158,
        136,
        196,
        96,
        56,
        10,
        4,
        194,
        83,
        130,
        40,
        8,
        200,
        34,
        124,
        147,
        128,
        32,
        34,
        231,
        55,
        81,
        85,
        123,
        38,
        49,
        32,
        97,
        21,
        57,
        73,
        144,
        203,
        51,
        200,
        3,
        121,
        131,
        16,
        195,
        42,
        24,
        30,
        69,
        130,
        225,
        65,
        128,
        240,
        132,
        160,
        162,
        136,
        28,
        201,
        171,
        4,
        65,
        64,
        206,
        108,
        162,
        170,
        118,
        204,
        96,
        48,
        128,
        225,
        100,
        17,
        194,
        194,
        200,
        5,
        73,
        144,
        205,
        194,
        87,
        130,
        132,
        167,
        194,
        11,
        84,
        68,
        78,
        35,
        200,
        76,
        206,
        110,
        162,
        170,
        246,
        206,
        24,
        140,
        97,
        22,
        64,
        222,
        18,
        102,
        114,
        5,
        18,
        100,
        139,
        200,
        42,
        28,
        69,
        22,
        1,
        228,
        32,
        220,
        11,
        247,
        60,
        64,
        145,
        211,
        200,
        66,
        46,
        96,
        162,
        170,
        118,
        205,
        24,
        35,
        1,
        195,
        105,
        34,
        139,
        48,
        147,
        75,
        19,
        130,
        156,
        46,
        124,
        83,
        120,
        147,
        138,
        156,
        76,
        46,
        99,
        162,
        170,
        246,
        204,
        24,
        35,
        193,
        96,
        88,
        69,
        94,
        98,
        184,
        23,
        86,
        2,
        145,
        139,
        147,
        19,
        197,
        32,
        16,
        222,
        199,
        25,
        136,
        124,
        180,
        137,
        170,
        218,
        57,
        99,
        144,
        24,
        12,
        39,
        137,
        4,
        48,
        200,
        77,
        49,
        18,
        192,
        240,
        130,
        240,
        72,
        94,
        32,
        51,
        69,
        62,
        220,
        160,
        170,
        246,
        78,
        84,
        100,
        38,
        167,
        73,
        152,
        5,
        18,
        110,
        138,
        28,
        200,
        19,
        1,
        50,
        227,
        137,
        204,
        128,
        240,
        132,
        28,
        200,
        199,
        155,
        168,
        170,
        221,
        51,
        96,
        48,
        156,
        44,
        44,
        130,
        212,
        69,
        76,
        84,
        213,
        190,
        73,
        144,
        69,
        184,
        23,
        121,
        137,
        4,
        9,
        32,
        4,
        140,
        145,
        186,
        132,
        193,
        226,
        142,
        170,
        218,
        47,
        103,
        44,
        228,
        45,
        202,
        42,
        4,
        8,
        33,
        9,
        117,
        78,
        119,
        44,
        38,
        86,
        9,
        179,
        255,
        69,
        85,
        85,
        125,
        164,
        132,
        213,
        0,
        2,
        161,
        170,
        170,
        110,
        64,
        32,
        192,
        128,
        192,
        29,
        119,
        84,
        85,
        213,
        135,
        187,
        227,
        14,
        2,
        131,
        217,
        29,
        119,
        119,
        84,
        85,
        213,
        135,
        187,
        187,
        227,
        142,
        153,
        179,
        49,
        62,
        253,
        240,
        195,
        15,
        211,
        79,
        211,
        167,
        105,
        168,
        84,
        85,
        213,
        117,
        37,
        185,
        251,
        245,
        243,
        175,
        255,
        244,
        235,
        47,
        191,
        252,
        242,
        249,
        238,
        46,
        153,
        128,
        36,
        119,
        179,
        95,
        72,
        198,
        80,
        170,
        170,
        234,
        186,
        146,
        187,
        187,
        207,
        159,
        127,
        185,
        155,
        37,
        1,
        38,
        136,
        185,
        251,
        60,
        148,
        187,
        31,
        62,
        59,
        6,
        85,
        85,
        117,
        109,
        119,
        119,
        185,
        251,
        229,
        238,
        243,
        175,
        159,
        63,
        223,
        133,
        192,
        68,
        140,
        201,
        175,
        146,
        113,
        231,
        39,
        7,
        85,
        85,
        117,
        109,
        119,
        249,
        156,
        187,
        187,
        95,
        63,
        255,
        154,
        16,
        194,
        196,
        44,
        124,
        230,
        151,
        100,
        56,
        62,
        35,
        85,
        85,
        117,
        109,
        225,
        238,
        46,
        119,
        159,
        127,
        189,
        251,
        156,
        48,
        155,
        34,
        1,
        62,
        243,
        203,
        221,
        112,
        160,
        84,
        85,
        213,
        181,
        37,
        220,
        229,
        238,
        115,
        62,
        103,
        6,
        153,
        32,
        6,
        248,
        108,
        148,
        1,
        131,
        170,
        170,
        186,
        174,
        59,
        184,
        35,
        185,
        203,
        130,
        128,
        8,
        162,
        162,
        12,
        170,
        170,
        234,
        99,
        220,
        145,
        144,
        132,
        64,
        4,
        65,
        68,
        4,
        164,
        170,
        170,
        174,
        47,
        64,
        8,
        33,
        16,
        4,
        4,
        1,
        1,
        169,
        170,
        170,
        143,
        16,
        32,
        64,
        32,
        32,
        51,
        153,
        73,
        85,
        85,
        125,
        172,
        48,
        11,
        32,
        7,
        82,
        85,
        85,
        31,
        47,
        172,
        254,
        63,
        140,
        68,
        17,
        222,
        192,
        55,
        25,
        172,
        0,
        0,
        0,
        0,
        73,
        69,
        78,
        68,
        174,
        66,
        96,
        130
      ]
    },
    "stat": {
      "dev": 16777220,
      "mode": 33188,
      "nlink": 1,
      "uid": 501,
      "gid": 20,
      "rdev": 0,
      "blksize": 4194304,
      "ino": 2088765,
      "size": 9814,
      "blocks": 24,
      "atime": "2018-04-17T07:59:11.793Z",
      "mtime": "2018-03-22T08:50:41.038Z",
      "ctime": "2018-03-22T08:50:41.038Z",
      "birthtime": "2018-03-22T08:50:41.037Z"
    },
    "history": [
      "/Users/jiangheng/Desktop/work-code/xxd-h5/src/mods/openaccount/yhimgs/nyyh_bg@2x.png"
    ],
    "path": "/Users/jiangheng/Desktop/work-code/xxd-h5/src/mods/openaccount/yhimgs/nyyh_bg@2x.png",
    "gulpCache$filePathChangedInsideTask": false,
    "gulpCache$fileBaseChangedInsideTask": false,
    "gulpCache$originalPath": "/Users/jiangheng/Desktop/work-code/xxd-h5/src/mods/openaccount/yhimgs/nyyh_bg@2x.png",
    "gulpCache$originalBase": "/Users/jiangheng/Desktop/work-code/xxd-h5/src/mods/"
  }
]