[
  {
    "cwd": "/Users/jiangheng/Desktop/work-code/xxd-h5",
    "base": "/Users/jiangheng/Desktop/work-code/xxd-h5/src/mods/",
    "contents": {
      "type": "Buffer",
      "data": [
        137,
        80,
        78,
        71,
        13,
        10,
        26,
        10,
        0,
        0,
        0,
        13,
        73,
        72,
        68,
        82,
        0,
        0,
        0,
        79,
        0,
        0,
        0,
        79,
        8,
        6,
        0,
        0,
        0,
        170,
        52,
        152,
        134,
        0,
        0,
        8,
        223,
        73,
        68,
        65,
        84,
        120,
        218,
        237,
        157,
        105,
        112,
        20,
        69,
        20,
        128,
        35,
        209,
        82,
        193,
        226,
        10,
        160,
        40,
        40,
        129,
        112,
        202,
        41,
        69,
        129,
        160,
        114,
        137,
        5,
        37,
        160,
        98,
        144,
        2,
        129,
        128,
        40,
        80,
        136,
        81,
        64,
        41,
        74,
        171,
        160,
        10,
        84,
        228,
        140,
        202,
        161,
        16,
        80,
        68,
        110,
        16,
        5,
        68,
        16,
        80,
        144,
        138,
        138,
        146,
        66,
        131,
        148,
        136,
        133,
        92,
        57,
        54,
        199,
        102,
        119,
        179,
        57,
        118,
        55,
        217,
        236,
        179,
        223,
        236,
        204,
        158,
        211,
        61,
        61,
        155,
        217,
        100,
        38,
        201,
        171,
        122,
        63,
        146,
        77,
        102,
        186,
        191,
        233,
        233,
        126,
        239,
        245,
        235,
        183,
        49,
        0,
        16,
        83,
        67,
        26,
        75,
        180,
        39,
        209,
        9,
        68,
        23,
        19,
        221,
        69,
        244,
        87,
        162,
        87,
        136,
        102,
        17,
        181,
        129,
        87,
        108,
        226,
        207,
        248,
        251,
        115,
        68,
        15,
        16,
        93,
        73,
        116,
        170,
        248,
        255,
        177,
        53,
        213,
        135,
        234,
        190,
        97,
        123,
        162,
        243,
        136,
        30,
        39,
        106,
        7,
        109,
        196,
        46,
        94,
        111,
        158,
        120,
        253,
        90,
        5,
        175,
        9,
        209,
        153,
        68,
        207,
        18,
        245,
        64,
        116,
        197,
        35,
        222,
        103,
        166,
        120,
        95,
        195,
        194,
        139,
        39,
        186,
        145,
        168,
        3,
        106,
        70,
        156,
        226,
        253,
        227,
        141,
        4,
        47,
        129,
        232,
        54,
        162,
        21,
        160,
        15,
        169,
        16,
        219,
        211,
        81,
        207,
        240,
        26,
        19,
        93,
        77,
        212,
        5,
        250,
        20,
        151,
        216,
        190,
        198,
        122,
        131,
        55,
        134,
        104,
        38,
        24,
        67,
        50,
        197,
        246,
        214,
        56,
        188,
        134,
        68,
        55,
        71,
        60,
        187,
        219,
        138,
        192,
        121,
        244,
        4,
        20,
        47,
        91,
        13,
        214,
        73,
        51,
        193,
        252,
        248,
        211,
        144,
        215,
        182,
        7,
        228,
        196,
        182,
        132,
        156,
        152,
        230,
        65,
        154,
        219,
        170,
        19,
        20,
        244,
        29,
        10,
        150,
        231,
        147,
        192,
        190,
        104,
        41,
        148,
        237,
        220,
        15,
        238,
        235,
        55,
        171,
        2,
        113,
        179,
        216,
        254,
        26,
        129,
        135,
        115,
        91,
        134,
        218,
        22,
        187,
        111,
        220,
        130,
        146,
        85,
        235,
        192,
        60,
        112,
        36,
        228,
        52,
        104,
        17,
        6,
        73,
        173,
        230,
        181,
        235,
        13,
        69,
        115,
        23,
        130,
        235,
        236,
        47,
        145,
        0,
        204,
        16,
        251,
        81,
        173,
        240,
        6,
        19,
        45,
        228,
        159,
        178,
        43,
        192,
        241,
        245,
        81,
        40,
        28,
        245,
        2,
        228,
        220,
        22,
        87,
        101,
        96,
        52,
        205,
        239,
        58,
        0,
        74,
        55,
        109,
        3,
        143,
        211,
        169,
        6,
        96,
        161,
        216,
        159,
        106,
        129,
        151,
        40,
        154,
        1,
        252,
        173,
        27,
        57,
        62,
        106,
        192,
        100,
        71,
        99,
        124,
        31,
        112,
        103,
        155,
        212,
        154,
        53,
        137,
        209,
        134,
        55,
        25,
        223,
        60,
        174,
        230,
        84,
        86,
        122,
        231,
        181,
        34,
        123,
        181,
        130,
        147,
        180,
        108,
        199,
        190,
        128,
        201,
        149,
        203,
        54,
        199,
        126,
        77,
        137,
        22,
        188,
        68,
        30,
        112,
        30,
        135,
        211,
        59,
        7,
        157,
        73,
        243,
        65,
        180,
        78,
        123,
        53,
        170,
        175,
        107,
        216,
        235,
        251,
        240,
        64,
        168,
        52,
        229,
        249,
        71,
        254,
        147,
        207,
        129,
        59,
        43,
        135,
        23,
        96,
        162,
        214,
        240,
        134,
        241,
        216,
        111,
        229,
        127,
        92,
        132,
        252,
        30,
        143,
        9,
        29,
        112,
        157,
        78,
        11,
        251,
        204,
        60,
        100,
        76,
        116,
        161,
        117,
        234,
        7,
        142,
        131,
        223,
        134,
        141,
        52,
        97,
        181,
        110,
        222,
        193,
        251,
        25,
        159,
        61,
        56,
        76,
        43,
        120,
        9,
        1,
        17,
        14,
        170,
        148,
        166,
        110,
        135,
        156,
        59,
        238,
        245,
        117,
        36,
        20,
        158,
        36,
        142,
        3,
        135,
        33,
        183,
        101,
        39,
        109,
        193,
        145,
        81,
        109,
        127,
        123,
        25,
        121,
        66,
        229,
        178,
        247,
        12,
        252,
        219,
        162,
        183,
        150,
        248,
        166,
        20,
        134,
        216,
        120,
        86,
        97,
        30,
        59,
        78,
        209,
        28,
        41,
        89,
        249,
        113,
        88,
        135,
        36,
        120,
        56,
        231,
        89,
        39,
        204,
        128,
        242,
        11,
        254,
        203,
        184,
        111,
        102,
        66,
        126,
        247,
        65,
        154,
        128,
        51,
        221,
        125,
        63,
        56,
        143,
        28,
        15,
        178,
        29,
        139,
        223,
        91,
        11,
        142,
        67,
        199,
        100,
        225,
        161,
        90,
        198,
        77,
        229,
        89,
        145,
        51,
        148,
        236,
        64,
        37,
        120,
        155,
        148,
        238,
        80,
        188,
        60,
        69,
        182,
        83,
        18,
        188,
        74,
        171,
        205,
        251,
        59,
        98,
        211,
        217,
        23,
        47,
        247,
        141,
        14,
        156,
        131,
        242,
        58,
        244,
        173,
        26,
        60,
        50,
        210,
        29,
        135,
        253,
        144,
        156,
        199,
        127,
        128,
        220,
        214,
        93,
        189,
        11,
        198,
        231,
        187,
        168,
        240,
        80,
        205,
        67,
        199,
        130,
        167,
        180,
        76,
        169,
        123,
        155,
        34,
        133,
        55,
        90,
        113,
        196,
        173,
        217,
        64,
        237,
        88,
        24,
        60,
        81,
        113,
        242,
        246,
        184,
        188,
        211,
        103,
        197,
        95,
        127,
        131,
        233,
        174,
        214,
        145,
        175,
        168,
        219,
        118,
        251,
        167,
        141,
        207,
        118,
        6,
        25,
        221,
        74,
        240,
        124,
        0,
        29,
        138,
        35,
        112,
        180,
        90,
        120,
        77,
        148,
        124,
        213,
        178,
        47,
        246,
        48,
        59,
        70,
        131,
        135,
        106,
        123,
        233,
        53,
        255,
        3,
        88,
        151,
        26,
        17,
        56,
        116,
        211,
        124,
        109,
        217,
        115,
        48,
        28,
        44,
        7,
        60,
        161,
        45,
        47,
        191,
        174,
        4,
        47,
        139,
        22,
        27,
        164,
        193,
        91,
        203,
        92,
        85,
        127,
        191,
        0,
        166,
        59,
        91,
        71,
        12,
        47,
        200,
        14,
        35,
        222,
        135,
        218,
        215,
        23,
        71,
        171,
        228,
        215,
        186,
        51,
        179,
        193,
        212,
        240,
        129,
        136,
        225,
        161,
        150,
        174,
        223,
        162,
        4,
        48,
        133,
        23,
        94,
        39,
        228,
        67,
        181,
        227,
        200,
        2,
        144,
        247,
        96,
        79,
        197,
        6,
        41,
        193,
        51,
        53,
        105,
        7,
        158,
        226,
        18,
        239,
        43,
        71,
        26,
        175,
        6,
        94,
        81,
        242,
        34,
        95,
        123,
        44,
        227,
        167,
        203,
        63,
        28,
        21,
        240,
        112,
        238,
        68,
        83,
        138,
        53,
        94,
        136,
        118,
        230,
        129,
        183,
        155,
        117,
        21,
        107,
        210,
        28,
        174,
        14,
        42,
        193,
        19,
        58,
        184,
        125,
        175,
        247,
        129,
        216,
        139,
        193,
        212,
        168,
        13,
        55,
        60,
        28,
        249,
        194,
        168,
        187,
        149,
        69,
        53,
        190,
        85,
        193,
        35,
        90,
        208,
        103,
        136,
        240,
        22,
        48,
        100,
        143,
        18,
        188,
        110,
        216,
        95,
        170,
        3,
        248,
        253,
        143,
        220,
        29,
        228,
        129,
        87,
        56,
        122,
        162,
        127,
        4,
        37,
        78,
        227,
        186,
        110,
        110,
        139,
        142,
        62,
        59,
        141,
        181,
        96,
        169,
        133,
        135,
        138,
        150,
        3,
        203,
        225,
        20,
        249,
        80,
        225,
        165,
        178,
        34,
        35,
        106,
        230,
        38,
        30,
        120,
        56,
        87,
        249,
        64,
        164,
        124,
        194,
        117,
        93,
        235,
        139,
        179,
        124,
        77,
        50,
        15,
        123,
        70,
        83,
        120,
        56,
        143,
        187,
        255,
        187,
        174,
        20,
        3,
        148,
        133,
        23,
        199,
        218,
        172,
        65,
        179,
        64,
        205,
        188,
        196,
        3,
        15,
        21,
        95,
        61,
        193,
        243,
        32,
        174,
        19,
        207,
        117,
        209,
        32,
        151,
        36,
        63,
        161,
        175,
        166,
        240,
        132,
        135,
        51,
        105,
        38,
        11,
        30,
        242,
        105,
        46,
        7,
        143,
        190,
        102,
        19,
        195,
        54,
        247,
        190,
        46,
        209,
        129,
        39,
        174,
        154,
        24,
        239,
        227,
        130,
        71,
        70,
        168,
        36,
        121,
        15,
        245,
        210,
        28,
        30,
        206,
        161,
        21,
        87,
        174,
        178,
        0,
        190,
        33,
        7,
        239,
        60,
        21,
        247,
        87,
        71,
        84,
        219,
        97,
        134,
        133,
        135,
        171,
        249,
        220,
        133,
        44,
        120,
        233,
        161,
        240,
        218,
        51,
        131,
        153,
        196,
        43,
        168,
        75,
        240,
        4,
        51,
        138,
        237,
        121,
        36,
        4,
        194,
        75,
        166,
        6,
        184,
        174,
        94,
        139,
        200,
        3,
        48,
        50,
        60,
        225,
        255,
        119,
        29,
        96,
        193,
        75,
        14,
        132,
        119,
        140,
        234,
        248,
        175,
        248,
        168,
        78,
        194,
        43,
        28,
        49,
        142,
        5,
        239,
        152,
        4,
        15,
        179,
        140,
        138,
        104,
        127,
        85,
        48,
        224,
        169,
        58,
        9,
        15,
        23,
        14,
        12,
        111,
        49,
        146,
        139,
        98,
        99,
        196,
        52,
        45,
        234,
        190,
        106,
        164,
        225,
        115,
        195,
        195,
        35,
        234,
        252,
        238,
        36,
        107,
        244,
        245,
        140,
        17,
        55,
        61,
        228,
        61,
        138,
        147,
        103,
        34,
        190,
        113,
        109,
        128,
        135,
        155,
        235,
        12,
        153,
        130,
        240,
        86,
        168,
        13,
        116,
        10,
        219,
        123,
        140,
        134,
        27,
        6,
        30,
        121,
        171,
        88,
        215,
        48,
        15,
        30,
        195,
        130,
        183,
        18,
        225,
        237,
        167,
        6,
        1,
        38,
        207,
        150,
        143,
        165,
        141,
        159,
        46,
        108,
        178,
        88,
        167,
        204,
        54,
        52,
        188,
        146,
        213,
        235,
        193,
        83,
        230,
        240,
        166,
        120,
        200,
        249,
        209,
        196,
        49,
        96,
        200,
        126,
        166,
        113,
        44,
        164,
        68,
        132,
        218,
        64,
        141,
        218,
        64,
        101,
        126,
        129,
        215,
        221,
        37,
        150,
        184,
        92,
        44,
        77,
        128,
        39,
        166,
        63,
        232,
        21,
        94,
        65,
        239,
        193,
        196,
        14,
        243,
        238,
        164,
        98,
        150,
        1,
        109,
        100,
        50,
        228,
        60,
        194,
        251,
        135,
        246,
        41,
        110,
        215,
        133,
        89,
        223,
        243,
        222,
        9,
        158,
        23,
        201,
        164,
        154,
        219,
        52,
        62,
        248,
        149,
        238,
        208,
        87,
        120,
        162,
        122,
        134,
        23,
        184,
        65,
        36,
        76,
        81,
        75,
        87,
        133,
        45,
        142,
        182,
        217,
        11,
        88,
        240,
        174,
        33,
        188,
        108,
        218,
        167,
        166,
        123,
        218,
        134,
        199,
        210,
        210,
        255,
        12,
        143,
        213,
        88,
        172,
        80,
        186,
        113,
        43,
        216,
        102,
        36,
        11,
        25,
        79,
        149,
        102,
        127,
        26,
        139,
        30,
        225,
        97,
        88,
        75,
        218,
        71,
        9,
        10,
        28,
        93,
        254,
        23,
        138,
        223,
        79,
        17,
        250,
        33,
        252,
        63,
        59,
        211,
        192,
        22,
        195,
        178,
        241,
        228,
        26,
        165,
        16,
        48,
        12,
        7,
        171,
        67,
        120,
        133,
        195,
        159,
        213,
        34,
        207,
        175,
        60,
        134,
        245,
        169,
        220,
        124,
        167,
        86,
        244,
        8,
        207,
        58,
        241,
        21,
        77,
        178,
        36,
        217,
        35,
        47,
        36,
        201,
        16,
        55,
        152,
        107,
        3,
        60,
        193,
        90,
        208,
        104,
        228,
        101,
        171,
        89,
        48,
        202,
        51,
        46,
        133,
        123,
        34,
        100,
        113,
        192,
        76,
        77,
        251,
        146,
        15,
        132,
        116,
        10,
        105,
        21,
        211,
        43,
        188,
        188,
        54,
        221,
        101,
        83,
        46,
        42,
        11,
        204,
        80,
        186,
        97,
        139,
        176,
        120,
        184,
        126,
        254,
        77,
        49,
        37,
        131,
        185,
        218,
        230,
        119,
        233,
        31,
        30,
        231,
        39,
        23,
        14,
        157,
        100,
        67,
        35,
        186,
        24,
        194,
        146,
        50,
        3,
        244,
        186,
        218,
        98,
        58,
        111,
        80,
        204,
        114,
        223,
        55,
        193,
        11,
        164,
        148,
        255,
        162,
        176,
        218,
        166,
        83,
        227,
        120,
        100,
        98,
        149,
        51,
        28,
        165,
        45,
        67,
        124,
        82,
        180,
        8,
        179,
        148,
        98,
        166,
        87,
        120,
        150,
        177,
        147,
        252,
        105,
        81,
        100,
        148,
        201,
        229,
        65,
        11,
        11,
        164,
        130,
        157,
        71,
        245,
        48,
        112,
        55,
        93,
        54,
        206,
        159,
        52,
        71,
        88,
        198,
        209,
        230,
        51,
        178,
        135,
        81,
        186,
        117,
        135,
        240,
        250,
        210,
        146,
        142,
        120,
        60,
        12,
        170,
        111,
        139,
        238,
        11,
        117,
        159,
        179,
        215,
        19,
        198,
        247,
        109,
        111,
        111,
        5,
        5,
        143,
        12,
        169,
        146,
        111,
        75,
        143,
        170,
        156,
        56,
        93,
        31,
        85,
        161,
        203,
        84,
        102,
        60,
        79,
        232,
        120,
        93,
        142,
        231,
        29,
        59,
        165,
        24,
        207,
        99,
        71,
        146,
        251,
        13,
        175,
        187,
        145,
        228,
        34,
        187,
        98,
        36,
        153,
        189,
        135,
        193,
        136,
        233,
        213,
        239,
        97,
        120,
        225,
        205,
        175,
        223,
        61,
        83,
        181,
        123,
        182,
        32,
        16,
        94,
        66,
        253,
        190,
        109,
        228,
        251,
        182,
        76,
        99,
        185,
        62,
        99,
        128,
        157,
        49,
        160,
        156,
        171,
        34,
        38,
        74,
        215,
        231,
        170,
        200,
        231,
        170,
        196,
        177,
        206,
        148,
        41,
        229,
        32,
        215,
        22,
        120,
        28,
        89,
        82,
        113,
        180,
        252,
        188,
        45,
        213,
        153,
        159,
        167,
        55,
        120,
        28,
        249,
        121,
        169,
        186,
        201,
        12,
        213,
        27,
        60,
        133,
        204,
        80,
        143,
        82,
        102,
        40,
        234,
        62,
        102,
        16,
        139,
        18,
        44,
        48,
        58,
        60,
        142,
        156,
        228,
        125,
        60,
        9,
        221,
        157,
        153,
        217,
        240,
        165,
        101,
        194,
        233,
        234,
        90,
        5,
        79,
        195,
        108,
        248,
        24,
        241,
        220,
        1,
        253,
        74,
        23,
        50,
        168,
        251,
        181,
        70,
        132,
        135,
        153,
        96,
        10,
        242,
        161,
        218,
        19,
        64,
        89,
        204,
        19,
        64,
        219,
        247,
        214,
        10,
        120,
        184,
        205,
        168,
        176,
        197,
        168,
        250,
        4,
        144,
        84,
        238,
        67,
        243,
        179,
        103,
        122,
        130,
        39,
        156,
        61,
        83,
        62,
        253,
        56,
        54,
        106,
        167,
        30,
        139,
        222,
        92,
        108,
        72,
        120,
        209,
        62,
        245,
        200,
        125,
        222,
        182,
        248,
        221,
        53,
        134,
        130,
        199,
        9,
        174,
        202,
        231,
        109,
        249,
        79,
        122,
        111,
        220,
        42,
        132,
        181,
        245,
        14,
        15,
        253,
        86,
        185,
        84,
        139,
        80,
        139,
        12,
        52,
        56,
        233,
        173,
        174,
        198,
        192,
        185,
        116,
        200,
        239,
        246,
        168,
        46,
        225,
        161,
        117,
        80,
        246,
        229,
        94,
        158,
        205,
        108,
        77,
        107,
        12,
        72,
        58,
        30,
        120,
        170,
        91,
        56,
        131,
        171,
        91,
        232,
        1,
        158,
        121,
        208,
        40,
        97,
        127,
        153,
        67,
        220,
        98,
        63,
        245,
        81,
        87,
        69,
        15,
        240,
        244,
        80,
        87,
        37,
        176,
        190,
        10,
        119,
        153,
        55,
        76,
        197,
        96,
        21,
        99,
        136,
        6,
        60,
        12,
        102,
        250,
        234,
        186,
        240,
        137,
        11,
        170,
        161,
        162,
        79,
        96,
        45,
        41,
        11,
        119,
        211,
        200,
        147,
        199,
        100,
        66,
        185,
        12,
        4,
        45,
        225,
        97,
        25,
        36,
        60,
        216,
        199,
        216,
        184,
        145,
        19,
        11,
        84,
        99,
        45,
        169,
        192,
        85,
        248,
        162,
        218,
        212,
        162,
        138,
        75,
        151,
        133,
        232,
        5,
        150,
        123,
        195,
        213,
        185,
        170,
        240,
        80,
        109,
        179,
        230,
        131,
        243,
        212,
        79,
        60,
        245,
        82,
        66,
        5,
        219,
        31,
        113,
        69,
        199,
        154,
        173,
        159,
        71,
        70,
        136,
        100,
        54,
        184,
        210,
        206,
        65,
        65,
        255,
        17,
        144,
        219,
        172,
        189,
        60,
        184,
        6,
        45,
        132,
        227,
        249,
        142,
        253,
        135,
        252,
        211,
        170,
        152,
        27,
        29,
        161,
        212,
        104,
        253,
        188,
        80,
        87,
        46,
        11,
        140,
        33,
        89,
        160,
        147,
        202,
        141,
        70,
        172,
        25,
        218,
        4,
        116,
        92,
        173,
        22,
        227,
        94,
        219,
        65,
        95,
        213,
        106,
        177,
        61,
        93,
        192,
        96,
        117,
        146,
        63,
        5,
        149,
        133,
        10,
        53,
        20,
        167,
        232,
        216,
        27,
        170,
        78,
        114,
        168,
        54,
        5,
        111,
        197,
        236,
        52,
        168,
        158,
        10,
        221,
        105,
        226,
        253,
        154,
        1,
        212,
        215,
        134,
        87,
        146,
        90,
        93,
        27,
        158,
        231,
        91,
        9,
        150,
        128,
        247,
        91,
        9,
        48,
        139,
        250,
        134,
        104,
        184,
        186,
        3,
        220,
        38,
        139,
        248,
        123,
        252,
        92,
        250,
        86,
        130,
        36,
        168,
        225,
        111,
        37,
        248,
        31,
        47,
        104,
        130,
        236,
        54,
        64,
        106,
        203,
        0,
        0,
        0,
        0,
        73,
        69,
        78,
        68,
        174,
        66,
        96,
        130
      ]
    },
    "stat": {
      "dev": 16777220,
      "mode": 33188,
      "nlink": 1,
      "uid": 501,
      "gid": 20,
      "rdev": 0,
      "blksize": 4194304,
      "ino": 2088779,
      "size": 4001,
      "blocks": 8,
      "atime": "2018-04-17T07:59:11.794Z",
      "mtime": "2018-03-22T08:50:41.041Z",
      "ctime": "2018-03-22T08:50:41.041Z",
      "birthtime": "2018-03-22T08:50:41.041Z"
    },
    "history": [
      "/Users/jiangheng/Desktop/work-code/xxd-h5/src/mods/openaccount/yhimgs/zxyh@2x.png"
    ],
    "path": "/Users/jiangheng/Desktop/work-code/xxd-h5/src/mods/openaccount/yhimgs/zxyh@2x.png",
    "gulpCache$filePathChangedInsideTask": false,
    "gulpCache$fileBaseChangedInsideTask": false,
    "gulpCache$originalPath": "/Users/jiangheng/Desktop/work-code/xxd-h5/src/mods/openaccount/yhimgs/zxyh@2x.png",
    "gulpCache$originalBase": "/Users/jiangheng/Desktop/work-code/xxd-h5/src/mods/"
  }
]