[
  {
    "cwd": "/Users/jiangheng/Desktop/work-code/xxd-h5",
    "base": "/Users/jiangheng/Desktop/work-code/xxd-h5/src/mods/",
    "contents": {
      "type": "Buffer",
      "data": [
        137,
        80,
        78,
        71,
        13,
        10,
        26,
        10,
        0,
        0,
        0,
        13,
        73,
        72,
        68,
        82,
        0,
        0,
        0,
        57,
        0,
        0,
        0,
        63,
        8,
        6,
        0,
        0,
        0,
        90,
        65,
        96,
        152,
        0,
        0,
        5,
        122,
        73,
        68,
        65,
        84,
        104,
        222,
        221,
        155,
        107,
        108,
        20,
        85,
        24,
        134,
        183,
        221,
        186,
        82,
        165,
        229,
        34,
        96,
        177,
        65,
        3,
        84,
        192,
        114,
        177,
        240,
        3,
        228,
        34,
        173,
        22,
        65,
        170,
        41,
        18,
        248,
        97,
        74,
        64,
        130,
        134,
        0,
        161,
        66,
        132,
        40,
        145,
        152,
        24,
        240,
        82,
        16,
        35,
        193,
        27,
        32,
        40,
        74,
        188,
        97,
        52,
        150,
        24,
        8,
        160,
        133,
        248,
        67,
        34,
        4,
        69,
        8,
        32,
        16,
        27,
        144,
        139,
        180,
        180,
        82,
        240,
        126,
        65,
        120,
        63,
        243,
        78,
        51,
        12,
        187,
        59,
        103,
        231,
        204,
        105,
        103,
        246,
        199,
        147,
        238,
        110,
        219,
        153,
        121,
        230,
        124,
        115,
        206,
        119,
        206,
        249,
        54,
        82,
        186,
        228,
        183,
        136,
        65,
        162,
        160,
        12,
        172,
        0,
        187,
        192,
        41,
        112,
        14,
        252,
        8,
        190,
        4,
        85,
        96,
        36,
        200,
        48,
        121,
        29,
        166,
        14,
        156,
        13,
        230,
        131,
        147,
        96,
        7,
        152,
        7,
        134,
        129,
        124,
        208,
        1,
        220,
        12,
        74,
        192,
        83,
        224,
        91,
        112,
        8,
        60,
        4,
        50,
        195,
        34,
        153,
        5,
        106,
        193,
        251,
        224,
        54,
        197,
        255,
        25,
        14,
        182,
        83,
        248,
        206,
        176,
        180,
        100,
        23,
        143,
        255,
        55,
        1,
        28,
        3,
        111,
        131,
        27,
        131,
        46,
        169,
        67,
        91,
        62,
        171,
        117,
        160,
        146,
        145,
        145,
        118,
        146,
        22,
        18,
        234,
        95,
        128,
        111,
        192,
        208,
        116,
        149,
        180,
        120,
        144,
        189,
        242,
        90,
        144,
        151,
        174,
        146,
        66,
        14,
        88,
        198,
        16,
        150,
        158,
        58,
        150,
        142,
        146,
        22,
        5,
        96,
        19,
        56,
        12,
        238,
        77,
        87,
        73,
        11,
        17,
        252,
        30,
        108,
        166,
        184,
        103,
        201,
        142,
        96,
        21,
        7,
        241,
        32,
        138,
        198,
        24,
        186,
        18,
        194,
        207,
        130,
        54,
        169,
        74,
        202,
        157,
        58,
        13,
        94,
        98,
        246,
        18,
        228,
        86,
        149,
        241,
        116,
        3,
        179,
        166,
        190,
        170,
        146,
        211,
        193,
        25,
        80,
        28,
        178,
        16,
        158,
        196,
        86,
        189,
        199,
        77,
        114,
        18,
        147,
        231,
        158,
        33,
        125,
        86,
        71,
        128,
        179,
        96,
        72,
        34,
        201,
        126,
        160,
        30,
        244,
        15,
        169,
        160,
        69,
        57,
        56,
        193,
        137,
        192,
        85,
        146,
        95,
        129,
        153,
        33,
        23,
        180,
        144,
        169,
        221,
        27,
        78,
        201,
        209,
        96,
        175,
        233,
        121,
        93,
        11,
        210,
        142,
        97,
        219,
        195,
        46,
        89,
        205,
        249,
        92,
        36,
        141,
        168,
        98,
        150,
        20,
        177,
        178,
        254,
        38,
        254,
        76,
        39,
        201,
        129,
        156,
        215,
        254,
        47,
        89,
        204,
        217,
        187,
        167,
        131,
        13,
        94,
        220,
        232,
        164,
        28,
        204,
        213,
        96,
        14,
        240,
        171,
        243,
        147,
        144,
        205,
        151,
        23,
        179,
        193,
        203,
        62,
        73,
        206,
        0,
        151,
        192,
        113,
        112,
        204,
        35,
        245,
        224,
        119,
        208,
        219,
        7,
        73,
        153,
        170,
        141,
        145,
        23,
        207,
        128,
        133,
        62,
        72,
        118,
        5,
        231,
        193,
        138,
        56,
        173,
        155,
        144,
        56,
        199,
        187,
        22,
        28,
        4,
        219,
        129,
        110,
        71,
        184,
        94,
        198,
        254,
        8,
        91,
        113,
        182,
        15,
        146,
        27,
        192,
        9,
        144,
        171,
        35,
        201,
        99,
        14,
        103,
        68,
        76,
        213,
        148,
        124,
        77,
        134,
        197,
        230,
        23,
        154,
        146,
        101,
        188,
        168,
        7,
        20,
        196,
        228,
        111,
        123,
        39,
        147,
        228,
        113,
        87,
        131,
        6,
        208,
        41,
        8,
        146,
        215,
        243,
        25,
        252,
        84,
        65,
        176,
        7,
        248,
        19,
        236,
        1,
        153,
        46,
        146,
        29,
        64,
        29,
        88,
        23,
        4,
        201,
        101,
        224,
        23,
        208,
        77,
        65,
        82,
        110,
        196,
        41,
        240,
        31,
        120,
        36,
        153,
        36,
        143,
        93,
        193,
        8,
        185,
        75,
        87,
        114,
        57,
        152,
        227,
        81,
        176,
        8,
        252,
        203,
        174,
        223,
        77,
        112,
        20,
        47,
        120,
        28,
        67,
        81,
        90,
        169,
        157,
        194,
        57,
        182,
        130,
        195,
        210,
        33,
        233,
        72,
        62,
        15,
        22,
        120,
        16,
        148,
        112,
        219,
        5,
        118,
        131,
        168,
        139,
        96,
        22,
        56,
        0,
        182,
        240,
        125,
        23,
        208,
        4,
        94,
        84,
        56,
        79,
        79,
        240,
        7,
        88,
        212,
        26,
        146,
        227,
        24,
        118,
        131,
        20,
        90,
        177,
        146,
        45,
        94,
        104,
        251,
        76,
        90,
        255,
        31,
        208,
        71,
        225,
        92,
        11,
        41,
        154,
        147,
        226,
        117,
        74,
        146,
        62,
        77,
        71,
        114,
        2,
        184,
        8,
        134,
        185,
        8,
        222,
        0,
        206,
        129,
        229,
        142,
        207,
        175,
        1,
        135,
        192,
        102,
        133,
        115,
        45,
        2,
        127,
        171,
        132,
        183,
        131,
        119,
        65,
        133,
        142,
        100,
        148,
        207,
        203,
        25,
        144,
        159,
        68,
        242,
        117,
        112,
        150,
        189,
        165,
        243,
        119,
        99,
        248,
        156,
        222,
        159,
        228,
        60,
        229,
        252,
        155,
        199,
        60,
        132,
        171,
        158,
        36,
        47,
        160,
        35,
        168,
        5,
        95,
        51,
        83,
        113,
        74,
        12,
        96,
        152,
        206,
        72,
        114,
        19,
        54,
        130,
        163,
        32,
        22,
        231,
        248,
        18,
        222,
        23,
        192,
        122,
        143,
        189,
        171,
        190,
        36,
        47,
        164,
        63,
        248,
        21,
        188,
        25,
        71,
        96,
        7,
        216,
        235,
        210,
        49,
        21,
        128,
        191,
        192,
        227,
        142,
        227,
        182,
        7,
        71,
        56,
        166,
        102,
        183,
        182,
        164,
        48,
        145,
        33,
        85,
        105,
        187,
        248,
        251,
        248,
        89,
        45,
        101,
        147,
        209,
        196,
        22,
        203,
        181,
        245,
        220,
        159,
        49,
        89,
        191,
        69,
        35,
        25,
        120,
        11,
        76,
        241,
        75,
        82,
        120,
        142,
        189,
        101,
        49,
        223,
        247,
        101,
        103,
        163,
        74,
        21,
        104,
        195,
        99,
        54,
        31,
        203,
        175,
        220,
        245,
        5,
        238,
        10,
        235,
        74,
        70,
        237,
        119,
        95,
        99,
        22,
        210,
        28,
        21,
        62,
        76,
        181,
        124,
        77,
        208,
        45,
        174,
        120,
        142,
        82,
        149,
        196,
        251,
        126,
        124,
        190,
        215,
        249,
        52,
        105,
        54,
        34,
        121,
        69,
        143,
        152,
        138,
        36,
        123,
        234,
        31,
        172,
        158,
        58,
        232,
        146,
        246,
        177,
        109,
        158,
        138,
        164,
        115,
        204,
        245,
        113,
        157,
        199,
        168,
        164,
        240,
        52,
        51,
        162,
        82,
        5,
        201,
        165,
        204,
        104,
        70,
        248,
        188,
        152,
        213,
        44,
        41,
        75,
        119,
        79,
        24,
        144,
        204,
        0,
        213,
        160,
        17,
        116,
        79,
        242,
        119,
        214,
        116,
        106,
        186,
        129,
        21,
        59,
        25,
        66,
        166,
        202,
        11,
        25,
        132,
        151,
        26,
        144,
        20,
        114,
        184,
        94,
        179,
        143,
        147,
        107,
        231,
        239,
        139,
        184,
        104,
        181,
        218,
        208,
        178,
        228,
        70,
        217,
        54,
        176,
        246,
        14,
        170,
        13,
        73,
        10,
        189,
        56,
        216,
        127,
        200,
        214,
        181,
        39,
        238,
        178,
        58,
        183,
        51,
        94,
        74,
        231,
        19,
        178,
        238,
        90,
        16,
        97,
        149,
        84,
        131,
        215,
        82,
        18,
        197,
        241,
        176,
        140,
        207,
        231,
        2,
        219,
        252,
        178,
        134,
        171,
        4,
        121,
        134,
        4,
        111,
        2,
        63,
        75,
        149,
        151,
        245,
        129,
        212,
        189,
        149,
        26,
        148,
        20,
        158,
        164,
        232,
        88,
        102,
        56,
        146,
        175,
        14,
        49,
        184,
        130,
        46,
        43,
        144,
        239,
        216,
        247,
        66,
        102,
        121,
        13,
        217,
        20,
        36,
        51,
        184,
        108,
        121,
        145,
        29,
        205,
        195,
        110,
        107,
        60,
        26,
        100,
        114,
        231,
        185,
        212,
        46,
        153,
        205,
        98,
        191,
        193,
        6,
        37,
        133,
        24,
        123,
        211,
        18,
        183,
        37,
        73,
        77,
        166,
        112,
        43,
        242,
        170,
        253,
        73,
        41,
        10,
        58,
        8,
        174,
        11,
        249,
        70,
        79,
        55,
        214,
        59,
        220,
        158,
        104,
        59,
        125,
        13,
        247,
        15,
        98,
        33,
        21,
        236,
        12,
        246,
        131,
        71,
        147,
        213,
        12,
        136,
        220,
        199,
        224,
        115,
        150,
        184,
        132,
        73,
        80,
        106,
        104,
        191,
        227,
        222,
        142,
        107,
        245,
        71,
        148,
        107,
        177,
        181,
        241,
        42,
        41,
        2,
        202,
        100,
        86,
        126,
        204,
        77,
        181,
        88,
        105,
        44,
        69,
        223,
        3,
        93,
        3,
        42,
        87,
        8,
        182,
        177,
        24,
        120,
        144,
        215,
        178,
        179,
        182,
        108,
        254,
        122,
        110,
        239,
        5,
        165,
        112,
        169,
        61,
        120,
        133,
        155,
        172,
        179,
        220,
        18,
        25,
        213,
        131,
        74,
        129,
        193,
        39,
        224,
        40,
        24,
        223,
        138,
        114,
        89,
        148,
        250,
        9,
        188,
        10,
        148,
        118,
        188,
        82,
        61,
        137,
        108,
        188,
        28,
        96,
        15,
        92,
        216,
        194,
        130,
        37,
        44,
        240,
        149,
        90,
        245,
        34,
        211,
        165,
        160,
        214,
        221,
        172,
        99,
        237,
        93,
        174,
        97,
        57,
        201,
        65,
        63,
        0,
        199,
        89,
        163,
        222,
        162,
        69,
        189,
        157,
        184,
        215,
        32,
        153,
        82,
        133,
        161,
        208,
        148,
        85,
        243,
        70,
        176,
        88,
        167,
        63,
        240,
        227,
        98,
        134,
        50,
        140,
        106,
        124,
        12,
        225,
        145,
        28,
        212,
        183,
        128,
        91,
        131,
        82,
        104,
        159,
        197,
        202,
        127,
        9,
        225,
        37,
        26,
        53,
        65,
        121,
        156,
        57,
        72,
        104,
        78,
        12,
        234,
        87,
        38,
        236,
        23,
        57,
        45,
        133,
        111,
        236,
        100,
        115,
        9,
        70,
        247,
        38,
        181,
        104,
        121,
        246,
        29,
        44,
        128,
        58,
        194,
        139,
        239,
        147,
        32,
        179,
        26,
        200,
        53,
        38,
        249,
        182,
        192,
        71,
        160,
        87,
        152,
        190,
        171,
        101,
        151,
        93,
        201,
        204,
        169,
        129,
        153,
        73,
        13,
        115,
        204,
        243,
        156,
        245,
        84,
        37,
        184,
        9,
        161,
        145,
        116,
        134,
        178,
        212,
        179,
        223,
        13,
        6,
        216,
        235,
        81,
        77,
        115,
        25,
        64,
        226,
        162,
        251,
        112,
        77,
        131,
        199,
        0,
        0,
        0,
        0,
        73,
        69,
        78,
        68,
        174,
        66,
        96,
        130
      ]
    },
    "stat": {
      "dev": 16777220,
      "mode": 33188,
      "nlink": 1,
      "uid": 501,
      "gid": 20,
      "rdev": 0,
      "blksize": 4194304,
      "ino": 2088817,
      "size": 1911,
      "blocks": 8,
      "atime": "2018-04-17T07:59:11.796Z",
      "mtime": "2018-03-22T08:50:41.049Z",
      "ctime": "2018-03-22T08:50:41.049Z",
      "birthtime": "2018-03-22T08:50:41.049Z"
    },
    "history": [
      "/Users/jiangheng/Desktop/work-code/xxd-h5/src/mods/product/imgs/standard_icon.png"
    ],
    "path": "/Users/jiangheng/Desktop/work-code/xxd-h5/src/mods/product/imgs/standard_icon.png",
    "gulpCache$filePathChangedInsideTask": false,
    "gulpCache$fileBaseChangedInsideTask": false,
    "gulpCache$originalPath": "/Users/jiangheng/Desktop/work-code/xxd-h5/src/mods/product/imgs/standard_icon.png",
    "gulpCache$originalBase": "/Users/jiangheng/Desktop/work-code/xxd-h5/src/mods/"
  }
]