[
  {
    "cwd": "/Users/jiangheng/Desktop/work-code/xxd-h5",
    "base": "/Users/jiangheng/Desktop/work-code/xxd-h5/src/mods/",
    "contents": {
      "type": "Buffer",
      "data": [
        137,
        80,
        78,
        71,
        13,
        10,
        26,
        10,
        0,
        0,
        0,
        13,
        73,
        72,
        68,
        82,
        0,
        0,
        0,
        44,
        0,
        0,
        0,
        25,
        8,
        3,
        0,
        0,
        0,
        125,
        237,
        60,
        45,
        0,
        0,
        0,
        93,
        80,
        76,
        84,
        69,
        67,
        137,
        245,
        255,
        255,
        255,
        67,
        137,
        245,
        67,
        137,
        245,
        67,
        137,
        245,
        67,
        137,
        245,
        67,
        137,
        245,
        67,
        137,
        245,
        67,
        137,
        245,
        67,
        137,
        245,
        67,
        137,
        245,
        67,
        137,
        245,
        67,
        137,
        245,
        67,
        137,
        245,
        67,
        137,
        245,
        67,
        137,
        245,
        67,
        137,
        245,
        67,
        137,
        245,
        67,
        137,
        245,
        67,
        137,
        245,
        67,
        137,
        245,
        67,
        137,
        245,
        67,
        137,
        245,
        67,
        137,
        245,
        67,
        137,
        245,
        67,
        137,
        245,
        67,
        137,
        245,
        67,
        137,
        245,
        67,
        137,
        245,
        67,
        137,
        245,
        67,
        137,
        245,
        44,
        115,
        128,
        194,
        0,
        0,
        0,
        30,
        116,
        82,
        78,
        83,
        0,
        0,
        2,
        3,
        4,
        10,
        20,
        21,
        54,
        55,
        68,
        89,
        96,
        100,
        104,
        105,
        116,
        146,
        148,
        151,
        165,
        170,
        182,
        211,
        213,
        215,
        235,
        241,
        247,
        249,
        178,
        38,
        214,
        254,
        0,
        0,
        0,
        154,
        73,
        68,
        65,
        84,
        56,
        203,
        141,
        210,
        57,
        2,
        131,
        48,
        16,
        67,
        81,
        77,
        200,
        70,
        246,
        144,
        61,
        36,
        115,
        255,
        99,
        82,
        216,
        216,
        6,
        60,
        50,
        191,
        82,
        241,
        74,
        1,
        185,
        150,
        113,
        74,
        82,
        142,
        86,
        215,
        223,
        247,
        48,
        19,
        87,
        119,
        85,
        213,
        243,
        44,
        236,
        108,
        208,
        20,
        247,
        182,
        215,
        12,
        71,
        235,
        53,
        193,
        222,
        126,
        218,
        160,
        109,
        236,
        237,
        107,
        83,
        7,
        109,
        226,
        96,
        129,
        160,
        45,
        156,
        216,
        168,
        13,
        60,
        176,
        89,
        109,
        218,
        156,
        182,
        109,
        70,
        19,
        59,
        213,
        204,
        78,
        52,
        181,
        99,
        205,
        237,
        72,
        23,
        236,
        80,
        151,
        44,
        36,
        209,
        37,
        11,
        73,
        52,
        22,
        220,
        66,
        18,
        141,
        35,
        183,
        144,
        168,
        119,
        184,
        113,
        235,
        94,
        231,
        116,
        131,
        61,
        183,
        254,
        162,
        117,
        171,
        170,
        23,
        224,
        244,
        108,
        214,
        40,
        97,
        217,
        190,
        255,
        143,
        85,
        7,
        68,
        44,
        33,
        46,
        79,
        10,
        22,
        177,
        0,
        0,
        0,
        0,
        73,
        69,
        78,
        68,
        174,
        66,
        96,
        130
      ]
    },
    "stat": {
      "dev": 16777220,
      "mode": 33188,
      "nlink": 1,
      "uid": 501,
      "gid": 20,
      "rdev": 0,
      "blksize": 4194304,
      "ino": 2088800,
      "size": 706,
      "blocks": 8,
      "atime": "2018-04-17T07:59:11.795Z",
      "mtime": "2018-03-22T08:50:41.045Z",
      "ctime": "2018-03-22T08:50:41.045Z",
      "birthtime": "2018-03-22T08:50:41.045Z"
    },
    "history": [
      "/Users/jiangheng/Desktop/work-code/xxd-h5/src/mods/product/imgs/arrow_up@2x.png"
    ],
    "path": "/Users/jiangheng/Desktop/work-code/xxd-h5/src/mods/product/imgs/arrow_up@2x.png",
    "gulpCache$filePathChangedInsideTask": false,
    "gulpCache$fileBaseChangedInsideTask": false,
    "gulpCache$originalPath": "/Users/jiangheng/Desktop/work-code/xxd-h5/src/mods/product/imgs/arrow_up@2x.png",
    "gulpCache$originalBase": "/Users/jiangheng/Desktop/work-code/xxd-h5/src/mods/"
  }
]