[
  {
    "cwd": "/Users/jiangheng/Desktop/work-code/xxd-h5",
    "base": "/Users/jiangheng/Desktop/work-code/xxd-h5/src/mods/",
    "contents": {
      "type": "Buffer",
      "data": [
        137,
        80,
        78,
        71,
        13,
        10,
        26,
        10,
        0,
        0,
        0,
        13,
        73,
        72,
        68,
        82,
        0,
        0,
        0,
        30,
        0,
        0,
        0,
        32,
        8,
        3,
        0,
        0,
        0,
        50,
        158,
        56,
        77,
        0,
        0,
        1,
        2,
        80,
        76,
        84,
        69,
        63,
        155,
        255,
        255,
        255,
        255,
        63,
        155,
        255,
        63,
        155,
        255,
        63,
        155,
        255,
        63,
        155,
        255,
        63,
        155,
        255,
        63,
        155,
        255,
        63,
        155,
        255,
        63,
        155,
        255,
        63,
        155,
        255,
        63,
        155,
        255,
        63,
        155,
        255,
        63,
        155,
        255,
        63,
        155,
        255,
        63,
        155,
        255,
        63,
        155,
        255,
        63,
        155,
        255,
        63,
        155,
        255,
        63,
        155,
        255,
        63,
        155,
        255,
        63,
        155,
        255,
        64,
        155,
        255,
        65,
        156,
        255,
        68,
        157,
        255,
        71,
        159,
        255,
        73,
        160,
        255,
        74,
        161,
        255,
        77,
        162,
        255,
        79,
        163,
        255,
        80,
        164,
        255,
        82,
        165,
        255,
        84,
        166,
        255,
        85,
        166,
        255,
        86,
        167,
        255,
        90,
        169,
        255,
        91,
        170,
        255,
        92,
        170,
        255,
        97,
        173,
        255,
        98,
        173,
        255,
        104,
        177,
        255,
        105,
        177,
        255,
        113,
        181,
        255,
        121,
        185,
        255,
        122,
        186,
        255,
        129,
        190,
        255,
        130,
        190,
        255,
        132,
        191,
        255,
        138,
        194,
        255,
        140,
        195,
        255,
        141,
        196,
        255,
        143,
        197,
        255,
        149,
        200,
        255,
        150,
        200,
        255,
        159,
        205,
        255,
        161,
        206,
        255,
        171,
        211,
        255,
        180,
        216,
        255,
        189,
        221,
        255,
        190,
        221,
        255,
        196,
        224,
        255,
        197,
        225,
        255,
        199,
        226,
        255,
        205,
        229,
        255,
        207,
        230,
        255,
        208,
        230,
        255,
        214,
        233,
        255,
        214,
        234,
        255,
        221,
        237,
        255,
        227,
        240,
        255,
        228,
        241,
        255,
        233,
        244,
        255,
        234,
        244,
        255,
        238,
        246,
        255,
        239,
        247,
        255,
        241,
        248,
        255,
        244,
        249,
        255,
        245,
        250,
        255,
        246,
        250,
        255,
        247,
        251,
        255,
        248,
        251,
        255,
        250,
        252,
        255,
        250,
        253,
        255,
        253,
        254,
        255,
        254,
        255,
        255,
        255,
        255,
        255,
        244,
        76,
        57,
        43,
        0,
        0,
        0,
        21,
        116,
        82,
        78,
        83,
        0,
        0,
        2,
        80,
        86,
        94,
        104,
        110,
        118,
        120,
        188,
        195,
        207,
        213,
        216,
        220,
        221,
        233,
        238,
        240,
        254,
        65,
        203,
        65,
        108,
        0,
        0,
        0,
        243,
        73,
        68,
        65,
        84,
        40,
        207,
        181,
        146,
        89,
        83,
        194,
        64,
        16,
        132,
        39,
        32,
        136,
        130,
        40,
        224,
        6,
        2,
        130,
        162,
        40,
        18,
        194,
        125,
        152,
        200,
        161,
        2,
        34,
        158,
        32,
        73,
        255,
        255,
        191,
        194,
        139,
        149,
        10,
        200,
        236,
        3,
        85,
        244,
        219,
        212,
        87,
        53,
        187,
        211,
        221,
        68,
        27,
        82,
        214,
        68,
        190,
        163,
        211,
        56,
        163,
        104,
        80,
        161,
        144,
        144,
        40,
        72,
        113,
        25,
        62,
        33,
        25,
        21,
        137,
        125,
        97,
        77,
        134,
        83,
        253,
        223,
        18,
        143,
        147,
        143,
        64,
        153,
        197,
        170,
        5,
        152,
        252,
        114,
        19,
        176,
        84,
        22,
        119,
        129,
        94,
        146,
        253,
        121,
        27,
        24,
        166,
        216,
        195,
        234,
        14,
        158,
        53,
        246,
        238,
        138,
        141,
        81,
        134,
        181,
        165,
        188,
        196,
        228,
        194,
        227,
        90,
        235,
        165,
        224,
        161,
        250,
        28,
        211,
        75,
        175,
        169,
        99,
        204,
        242,
        238,
        124,
        255,
        141,
        217,
        245,
        154,
        231,
        250,
        2,
        211,
        220,
        223,
        120,
        247,
        137,
        143,
        219,
        141,
        72,
        12,
        247,
        181,
        155,
        119,
        124,
        21,
        255,
        37,
        86,
        181,
        49,
        74,
        11,
        33,
        174,
        222,
        48,
        47,
        109,
        9,
        180,
        225,
        224,
        73,
        19,
        217,
        87,
        44,
        245,
        173,
        121,
        119,
        128,
        65,
        118,
        2,
        219,
        96,
        234,
        240,
        0,
        252,
        192,
        174,
        177,
        109,
        49,
        1,
        167,
        201,
        151,
        73,
        181,
        156,
        142,
        180,
        107,
        153,
        93,
        154,
        26,
        147,
        225,
        8,
        29,
        74,
        232,
        249,
        1,
        81,
        32,
        124,
        198,
        232,
        216,
        175,
        172,
        0,
        3,
        131,
        94,
        155,
        211,
        227,
        250,
        111,
        0,
        0,
        0,
        0,
        73,
        69,
        78,
        68,
        174,
        66,
        96,
        130
      ]
    },
    "stat": {
      "dev": 16777220,
      "mode": 33188,
      "nlink": 1,
      "uid": 501,
      "gid": 20,
      "rdev": 0,
      "blksize": 4194304,
      "ino": 2088857,
      "size": 1500,
      "blocks": 8,
      "atime": "2018-04-17T07:59:11.799Z",
      "mtime": "2018-03-22T08:50:41.058Z",
      "ctime": "2018-03-22T08:50:41.058Z",
      "birthtime": "2018-03-22T08:50:41.058Z"
    },
    "history": [
      "/Users/jiangheng/Desktop/work-code/xxd-h5/src/mods/register/imgs/checked@3x.png"
    ],
    "path": "/Users/jiangheng/Desktop/work-code/xxd-h5/src/mods/register/imgs/checked@3x.png",
    "gulpCache$filePathChangedInsideTask": false,
    "gulpCache$fileBaseChangedInsideTask": false,
    "gulpCache$originalPath": "/Users/jiangheng/Desktop/work-code/xxd-h5/src/mods/register/imgs/checked@3x.png",
    "gulpCache$originalBase": "/Users/jiangheng/Desktop/work-code/xxd-h5/src/mods/"
  }
]