[
  {
    "cwd": "/Users/jiangheng/Desktop/work-code/xxd-h5",
    "base": "/Users/jiangheng/Desktop/work-code/xxd-h5/src/mods/",
    "contents": {
      "type": "Buffer",
      "data": [
        137,
        80,
        78,
        71,
        13,
        10,
        26,
        10,
        0,
        0,
        0,
        13,
        73,
        72,
        68,
        82,
        0,
        0,
        0,
        24,
        0,
        0,
        0,
        24,
        8,
        6,
        0,
        0,
        0,
        224,
        119,
        61,
        248,
        0,
        0,
        1,
        95,
        73,
        68,
        65,
        84,
        72,
        137,
        189,
        213,
        63,
        75,
        28,
        81,
        20,
        134,
        241,
        223,
        46,
        131,
        32,
        138,
        127,
        182,
        16,
        69,
        8,
        164,
        176,
        177,
        74,
        229,
        162,
        69,
        138,
        84,
        90,
        40,
        216,
        218,
        89,
        136,
        132,
        128,
        68,
        203,
        176,
        32,
        232,
        118,
        129,
        128,
        98,
        149,
        47,
        224,
        167,
        72,
        138,
        96,
        179,
        22,
        22,
        129,
        20,
        150,
        174,
        86,
        130,
        91,
        105,
        8,
        137,
        104,
        138,
        113,
        131,
        14,
        51,
        225,
        94,
        221,
        245,
        133,
        41,
        230,
        220,
        203,
        243,
        48,
        231,
        204,
        157,
        41,
        77,
        109,
        95,
        36,
        248,
        136,
        85,
        244,
        122,
        124,
        46,
        177,
        139,
        90,
        163,
        86,
        185,
        109,
        23,
        203,
        216,
        196,
        251,
        39,
        194,
        161,
        31,
        31,
        176,
        113,
        191,
        88,
        198,
        220,
        19,
        193,
        217,
        60,
        224,
        149,
        145,
        100,
        54,
        28,
        98,
        26,
        47,
        239,
        174,
        73,
        124,
        142,
        16,
        36,
        133,
        55,
        119,
        89,
        193,
        247,
        76,
        237,
        45,
        230,
        49,
        22,
        33,
        66,
        250,
        4,
        217,
        52,
        115,
        106,
        55,
        56,
        143,
        133,
        23,
        9,
        58,
        154,
        60,
        193,
        72,
        193,
        222,
        225,
        199,
        8,
        242,
        102,
        176,
        35,
        61,
        19,
        237,
        86,
        13,
        72,
        95,
        189,
        23,
        49,
        224,
        106,
        189,
        53,
        140,
        159,
        121,
        130,
        89,
        156,
        196,
        192,
        114,
        224,
        67,
        56,
        197,
        65,
        183,
        102,
        48,
        132,
        62,
        140,
        118,
        125,
        200,
        217,
        22,
        253,
        144,
        246,
        251,
        119,
        36,
        103,
        17,
        107,
        33,
        130,
        38,
        190,
        226,
        58,
        148,
        220,
        168,
        85,
        84,
        235,
        173,
        145,
        80,
        193,
        28,
        254,
        132,
        194,
        161,
        90,
        111,
        253,
        119,
        253,
        217,
        103,
        0,
        199,
        248,
        21,
        193,
        40,
        97,
        66,
        193,
        231,
        62,
        43,
        216,
        199,
        82,
        4,
        188,
        61,
        131,
        55,
        248,
        18,
        34,
        120,
        141,
        119,
        184,
        10,
        21,
        84,
        235,
        173,
        18,
        22,
        138,
        214,
        179,
        130,
        113,
        236,
        133,
        194,
        67,
        210,
        173,
        33,
        255,
        251,
        39,
        39,
        34,
        218,
        17,
        152,
        65,
        156,
        73,
        63,
        154,
        71,
        9,
        62,
        97,
        166,
        131,
        130,
        87,
        216,
        194,
        122,
        163,
        86,
        185,
        45,
        77,
        109,
        95,
        144,
        30,
        176,
        101,
        244,
        116,
        80,
        244,
        13,
        59,
        127,
        1,
        193,
        248,
        62,
        52,
        184,
        71,
        125,
        231,
        0,
        0,
        0,
        0,
        73,
        69,
        78,
        68,
        174,
        66,
        96,
        130
      ]
    },
    "stat": {
      "dev": 16777220,
      "mode": 33188,
      "nlink": 1,
      "uid": 501,
      "gid": 20,
      "rdev": 0,
      "blksize": 4194304,
      "ino": 2088810,
      "size": 408,
      "blocks": 8,
      "atime": "2018-04-17T07:59:11.796Z",
      "mtime": "2018-03-22T08:50:41.047Z",
      "ctime": "2018-03-22T08:50:41.047Z",
      "birthtime": "2018-03-22T08:50:41.046Z"
    },
    "history": [
      "/Users/jiangheng/Desktop/work-code/xxd-h5/src/mods/product/imgs/intro_icon.png"
    ],
    "path": "/Users/jiangheng/Desktop/work-code/xxd-h5/src/mods/product/imgs/intro_icon.png",
    "gulpCache$filePathChangedInsideTask": false,
    "gulpCache$fileBaseChangedInsideTask": false,
    "gulpCache$originalPath": "/Users/jiangheng/Desktop/work-code/xxd-h5/src/mods/product/imgs/intro_icon.png",
    "gulpCache$originalBase": "/Users/jiangheng/Desktop/work-code/xxd-h5/src/mods/"
  }
]