[
  {
    "cwd": "/Users/jiangheng/Desktop/work-code/xxd-h5",
    "base": "/Users/jiangheng/Desktop/work-code/xxd-h5/src/mods/",
    "contents": {
      "type": "Buffer",
      "data": [
        137,
        80,
        78,
        71,
        13,
        10,
        26,
        10,
        0,
        0,
        0,
        13,
        73,
        72,
        68,
        82,
        0,
        0,
        0,
        46,
        0,
        0,
        0,
        46,
        8,
        6,
        0,
        0,
        0,
        87,
        185,
        43,
        55,
        0,
        0,
        3,
        22,
        73,
        68,
        65,
        84,
        120,
        218,
        212,
        154,
        109,
        104,
        77,
        113,
        28,
        199,
        127,
        151,
        89,
        211,
        29,
        187,
        186,
        33,
        230,
        97,
        229,
        113,
        30,
        202,
        195,
        134,
        89,
        121,
        88,
        52,
        41,
        33,
        74,
        150,
        80,
        10,
        33,
        37,
        69,
        107,
        203,
        155,
        221,
        136,
        55,
        120,
        129,
        189,
        80,
        148,
        48,
        75,
        121,
        139,
        133,
        45,
        50,
        76,
        123,
        193,
        86,
        10,
        111,
        60,
        199,
        157,
        60,
        164,
        181,
        229,
        233,
        251,
        115,
        206,
        209,
        113,
        156,
        227,
        250,
        159,
        255,
        57,
        231,
        255,
        191,
        191,
        250,
        180,
        238,
        57,
        247,
        220,
        255,
        103,
        231,
        255,
        120,
        126,
        255,
        19,
        43,
        169,
        75,
        83,
        8,
        145,
        7,
        18,
        224,
        43,
        248,
        4,
        122,
        189,
        190,
        216,
        86,
        155,
        244,
        85,
        64,
        78,
        64,
        162,
        51,
        193,
        42,
        80,
        14,
        166,
        129,
        129,
        182,
        115,
        223,
        193,
        51,
        112,
        23,
        52,
        129,
        75,
        224,
        189,
        108,
        129,
        125,
        36,
        175,
        95,
        12,
        238,
        128,
        251,
        160,
        26,
        204,
        115,
        72,
        91,
        101,
        20,
        129,
        53,
        224,
        36,
        120,
        3,
        206,
        128,
        73,
        42,
        196,
        89,
        238,
        44,
        184,
        10,
        102,
        11,
        94,
        219,
        15,
        172,
        3,
        29,
        160,
        190,
        52,
        213,
        149,
        136,
        74,
        124,
        4,
        104,
        5,
        85,
        146,
        181,
        21,
        3,
        91,
        192,
        3,
        200,
        207,
        10,
        91,
        124,
        56,
        104,
        150,
        173,
        102,
        71,
        140,
        4,
        45,
        144,
        95,
        25,
        150,
        120,
        46,
        184,
        8,
        198,
        132,
        52,
        10,
        93,
        128,
        252,
        210,
        48,
        196,
        247,
        129,
        50,
        10,
        47,
        184,
        237,
        55,
        66,
        126,
        98,
        144,
        226,
        197,
        96,
        47,
        133,
        31,
        113,
        238,
        244,
        144,
        239,
        27,
        148,
        248,
        254,
        0,
        199,
        252,
        76,
        49,
        3,
        108,
        10,
        66,
        156,
        171,
        110,
        5,
        69,
        27,
        213,
        153,
        238,
        250,
        255,
        136,
        111,
        165,
        232,
        131,
        39,
        172,
        133,
        50,
        226,
        124,
        126,
        45,
        169,
        137,
        229,
        50,
        226,
        220,
        222,
        134,
        40,
        18,
        47,
        147,
        17,
        175,
        36,
        117,
        81,
        36,
        35,
        94,
        170,
        80,
        60,
        137,
        14,
        186,
        200,
        175,
        248,
        20,
        82,
        27,
        13,
        144,
        31,
        36,
        42,
        126,
        48,
        164,
        233,
        93,
        232,
        174,
        131,
        245,
        34,
        226,
        188,
        90,
        219,
        67,
        122,
        68,
        133,
        136,
        248,
        50,
        210,
        39,
        70,
        139,
        136,
        231,
        105,
        36,
        158,
        16,
        17,
        239,
        32,
        205,
        195,
        77,
        124,
        24,
        216,
        174,
        145,
        99,
        1,
        70,
        150,
        177,
        153,
        196,
        243,
        193,
        21,
        197,
        227,
        183,
        91,
        83,
        105,
        134,
        252,
        168,
        127,
        137,
        31,
        3,
        83,
        53,
        108,
        25,
        133,
        224,
        188,
        125,
        197,
        104,
        23,
        95,
        224,
        53,
        102,
        106,
        18,
        115,
        193,
        14,
        55,
        241,
        67,
        164,
        127,
        212,
        224,
        174,
        199,
        237,
        226,
        229,
        154,
        181,
        107,
        175,
        24,
        108,
        45,
        119,
        45,
        241,
        42,
        202,
        158,
        88,
        109,
        23,
        95,
        146,
        69,
        226,
        220,
        58,
        40,
        86,
        82,
        151,
        230,
        124,
        73,
        55,
        201,
        231,
        17,
        163,
        140,
        56,
        203,
        14,
        205,
        50,
        233,
        95,
        147,
        18,
        11,
        191,
        5,
        63,
        92,
        78,
        246,
        106,
        32,
        248,
        2,
        124,
        116,
        28,
        99,
        215,
        15,
        44,
        222,
        3,
        110,
        59,
        78,
        30,
        6,
        55,
        52,
        16,
        175,
        119,
        201,
        50,
        180,
        183,
        213,
        38,
        187,
        173,
        38,
        114,
        212,
        252,
        251,
        141,
        140,
        228,
        207,
        110,
        112,
        77,
        177,
        244,
        115,
        112,
        4,
        146,
        13,
        100,
        100,
        209,
        172,
        86,
        145,
        178,
        58,
        167,
        245,
        197,
        201,
        92,
        5,
        224,
        165,
        249,
        153,
        159,
        238,
        159,
        128,
        1,
        10,
        164,
        121,
        23,
        163,
        2,
        210,
        45,
        191,
        31,
        126,
        83,
        93,
        236,
        215,
        31,
        199,
        120,
        19,
        225,
        143,
        180,
        90,
        167,
        227,
        98,
        110,
        251,
        155,
        201,
        72,
        224,
        71,
        221,
        121,
        119,
        218,
        165,
        57,
        240,
        185,
        83,
        228,
        97,
        185,
        17,
        28,
        136,
        88,
        250,
        33,
        184,
        236,
        103,
        61,
        110,
        197,
        120,
        50,
        246,
        118,
        106,
        34,
        22,
        231,
        213,
        233,
        99,
        52,
        141,
        83,
        32,
        95,
        84,
        156,
        199,
        246,
        155,
        96,
        186,
        162,
        142,
        201,
        219,
        44,
        27,
        65,
        19,
        228,
        115,
        69,
        196,
        119,
        145,
        186,
        212,
        155,
        61,
        230,
        128,
        109,
        34,
        226,
        19,
        52,
        154,
        37,
        43,
        69,
        196,
        175,
        75,
        22,
        198,
        243,
        193,
        9,
        112,
        43,
        0,
        241,
        87,
        34,
        226,
        199,
        193,
        57,
        31,
        133,
        164,
        205,
        89,
        183,
        216,
        172,
        226,
        249,
        100,
        164,
        169,
        91,
        125,
        252,
        214,
        103,
        112,
        154,
        140,
        141,
        223,
        191,
        59,
        65,
        134,
        189,
        124,
        222,
        5,
        219,
        96,
        46,
        37,
        11,
        29,
        231,
        120,
        159,
        254,
        41,
        120,
        100,
        142,
        62,
        92,
        75,
        247,
        204,
        227,
        94,
        137,
        29,
        126,
        60,
        228,
        212,
        245,
        56,
        179,
        15,
        229,
        216,
        126,
        235,
        29,
        120,
        109,
        166,
        70,
        218,
        249,
        159,
        197,
        216,
        221,
        227,
        217,
        123,
        5,
        94,
        66,
        224,
        218,
        41,
        32,
        35,
        89,
        196,
        47,
        22,
        124,
        9,
        162,
        1,
        251,
        125,
        9,
        225,
        167,
        0,
        3,
        0,
        206,
        183,
        162,
        27,
        193,
        23,
        35,
        151,
        0,
        0,
        0,
        0,
        73,
        69,
        78,
        68,
        174,
        66,
        96,
        130
      ]
    },
    "stat": {
      "dev": 16777220,
      "mode": 33188,
      "nlink": 1,
      "uid": 501,
      "gid": 20,
      "rdev": 0,
      "blksize": 4194304,
      "ino": 2088609,
      "size": 1704,
      "blocks": 8,
      "atime": "2018-04-17T07:59:11.786Z",
      "mtime": "2018-03-22T08:50:40.991Z",
      "ctime": "2018-03-22T08:50:40.991Z",
      "birthtime": "2018-03-22T08:50:40.991Z"
    },
    "history": [
      "/Users/jiangheng/Desktop/work-code/xxd-h5/src/mods/contactus/imgs/qq@3x.png"
    ],
    "path": "/Users/jiangheng/Desktop/work-code/xxd-h5/src/mods/contactus/imgs/qq@3x.png",
    "gulpCache$filePathChangedInsideTask": false,
    "gulpCache$fileBaseChangedInsideTask": false,
    "gulpCache$originalPath": "/Users/jiangheng/Desktop/work-code/xxd-h5/src/mods/contactus/imgs/qq@3x.png",
    "gulpCache$originalBase": "/Users/jiangheng/Desktop/work-code/xxd-h5/src/mods/"
  }
]