[
  {
    "cwd": "/Users/jiangheng/Desktop/work-code/xxd-h5",
    "base": "/Users/jiangheng/Desktop/work-code/xxd-h5/src/mods/",
    "contents": {
      "type": "Buffer",
      "data": [
        60,
        33,
        68,
        79,
        67,
        84,
        89,
        80,
        69,
        32,
        104,
        116,
        109,
        108,
        62,
        10,
        60,
        104,
        116,
        109,
        108,
        32,
        108,
        97,
        110,
        103,
        61,
        34,
        101,
        110,
        34,
        62,
        10,
        60,
        104,
        101,
        97,
        100,
        62,
        10,
        32,
        32,
        32,
        32,
        60,
        109,
        101,
        116,
        97,
        32,
        99,
        104,
        97,
        114,
        115,
        101,
        116,
        61,
        34,
        85,
        84,
        70,
        45,
        56,
        34,
        62,
        10,
        32,
        32,
        32,
        32,
        60,
        109,
        101,
        116,
        97,
        32,
        99,
        111,
        110,
        116,
        101,
        110,
        116,
        61,
        34,
        119,
        105,
        100,
        116,
        104,
        61,
        100,
        101,
        118,
        105,
        99,
        101,
        45,
        119,
        105,
        100,
        116,
        104,
        44,
        32,
        105,
        110,
        105,
        116,
        105,
        97,
        108,
        45,
        115,
        99,
        97,
        108,
        101,
        61,
        49,
        46,
        48,
        44,
        32,
        109,
        97,
        120,
        105,
        109,
        117,
        109,
        45,
        115,
        99,
        97,
        108,
        101,
        61,
        49,
        46,
        48,
        44,
        32,
        117,
        115,
        101,
        114,
        45,
        115,
        99,
        97,
        108,
        97,
        98,
        108,
        101,
        61,
        48,
        59,
        34,
        32,
        110,
        97,
        109,
        101,
        61,
        34,
        118,
        105,
        101,
        119,
        112,
        111,
        114,
        116,
        34,
        47,
        62,
        10,
        32,
        32,
        32,
        32,
        60,
        116,
        105,
        116,
        108,
        101,
        62,
        230,
        150,
        176,
        230,
        150,
        176,
        232,
        180,
        183,
        45,
        230,
        136,
        145,
        231,
        154,
        132,
        231,
        186,
        162,
        229,
        140,
        133,
        60,
        47,
        116,
        105,
        116,
        108,
        101,
        62,
        10,
        32,
        32,
        32,
        32,
        60,
        108,
        105,
        110,
        107,
        32,
        114,
        101,
        108,
        61,
        34,
        115,
        116,
        121,
        108,
        101,
        115,
        104,
        101,
        101,
        116,
        34,
        32,
        104,
        114,
        101,
        102,
        61,
        34,
        46,
        46,
        47,
        99,
        115,
        115,
        47,
        98,
        97,
        115,
        101,
        46,
        99,
        115,
        115,
        34,
        62,
        10,
        32,
        32,
        32,
        32,
        60,
        108,
        105,
        110,
        107,
        32,
        114,
        101,
        108,
        61,
        34,
        115,
        116,
        121,
        108,
        101,
        115,
        104,
        101,
        101,
        116,
        34,
        32,
        104,
        114,
        101,
        102,
        61,
        34,
        105,
        110,
        100,
        101,
        120,
        46,
        99,
        115,
        115,
        34,
        62,
        10,
        32,
        32,
        32,
        32,
        60,
        115,
        99,
        114,
        105,
        112,
        116,
        32,
        115,
        114,
        99,
        61,
        34,
        46,
        46,
        47,
        98,
        97,
        115,
        101,
        46,
        106,
        115,
        34,
        62,
        60,
        47,
        115,
        99,
        114,
        105,
        112,
        116,
        62,
        10,
        60,
        47,
        104,
        101,
        97,
        100,
        62,
        10,
        60,
        98,
        111,
        100,
        121,
        62,
        10,
        60,
        100,
        105,
        118,
        32,
        99,
        108,
        97,
        115,
        115,
        61,
        34,
        114,
        101,
        100,
        112,
        97,
        99,
        107,
        101,
        116,
        45,
        98,
        111,
        120,
        34,
        62,
        10,
        32,
        32,
        32,
        32,
        60,
        100,
        105,
        118,
        32,
        99,
        108,
        97,
        115,
        115,
        61,
        34,
        99,
        111,
        109,
        109,
        111,
        110,
        45,
        104,
        101,
        97,
        100,
        101,
        114,
        32,
        114,
        101,
        100,
        112,
        97,
        99,
        107,
        101,
        116,
        45,
        104,
        101,
        97,
        100,
        101,
        114,
        34,
        62,
        10,
        32,
        32,
        32,
        32,
        32,
        32,
        32,
        32,
        60,
        97,
        32,
        104,
        114,
        101,
        102,
        61,
        34,
        35,
        34,
        32,
        99,
        108,
        97,
        115,
        115,
        61,
        34,
        97,
        114,
        114,
        111,
        119,
        45,
        108,
        101,
        102,
        116,
        45,
        105,
        99,
        111,
        110,
        32,
        104,
        101,
        97,
        100,
        101,
        114,
        45,
        108,
        101,
        102,
        116,
        45,
        97,
        114,
        114,
        111,
        119,
        34,
        62,
        60,
        47,
        97,
        62,
        10,
        32,
        32,
        32,
        32,
        32,
        32,
        32,
        32,
        60,
        100,
        105,
        118,
        32,
        99,
        108,
        97,
        115,
        115,
        61,
        34,
        99,
        111,
        109,
        109,
        111,
        110,
        45,
        104,
        101,
        97,
        100,
        101,
        114,
        45,
        116,
        105,
        116,
        34,
        62,
        230,
        136,
        145,
        231,
        154,
        132,
        231,
        186,
        162,
        229,
        140,
        133,
        60,
        47,
        100,
        105,
        118,
        62,
        10,
        32,
        32,
        32,
        32,
        60,
        47,
        100,
        105,
        118,
        62,
        10,
        32,
        32,
        32,
        32,
        60,
        100,
        105,
        118,
        32,
        99,
        108,
        97,
        115,
        115,
        61,
        34,
        114,
        101,
        100,
        112,
        97,
        99,
        107,
        101,
        116,
        45,
        99,
        111,
        110,
        116,
        97,
        105,
        110,
        101,
        114,
        34,
        62,
        10,
        32,
        32,
        32,
        32,
        32,
        32,
        32,
        32,
        60,
        100,
        105,
        118,
        32,
        99,
        108,
        97,
        115,
        115,
        61,
        34,
        99,
        111,
        100,
        101,
        45,
        105,
        110,
        112,
        117,
        116,
        34,
        62,
        10,
        32,
        32,
        32,
        32,
        32,
        32,
        32,
        32,
        32,
        32,
        32,
        32,
        60,
        105,
        110,
        112,
        117,
        116,
        32,
        116,
        121,
        112,
        101,
        61,
        34,
        116,
        101,
        120,
        116,
        34,
        32,
        112,
        108,
        97,
        99,
        101,
        104,
        111,
        108,
        100,
        101,
        114,
        61,
        34,
        232,
        175,
        183,
        232,
        190,
        147,
        229,
        133,
        165,
        229,
        133,
        145,
        230,
        141,
        162,
        231,
        160,
        129,
        34,
        62,
        10,
        32,
        32,
        32,
        32,
        32,
        32,
        32,
        32,
        32,
        32,
        32,
        32,
        60,
        98,
        117,
        116,
        116,
        111,
        110,
        32,
        99,
        108,
        97,
        115,
        115,
        61,
        34,
        120,
        120,
        100,
        45,
        120,
        108,
        45,
        98,
        116,
        110,
        34,
        62,
        231,
        187,
        145,
        229,
        174,
        154,
        60,
        47,
        98,
        117,
        116,
        116,
        111,
        110,
        62,
        10,
        32,
        32,
        32,
        32,
        32,
        32,
        32,
        32,
        60,
        47,
        100,
        105,
        118,
        62,
        10,
        32,
        32,
        32,
        32,
        32,
        32,
        32,
        32,
        60,
        100,
        105,
        118,
        32,
        99,
        108,
        97,
        115,
        115,
        61,
        34,
        109,
        97,
        105,
        110,
        45,
        116,
        97,
        98,
        34,
        62,
        10,
        32,
        32,
        32,
        32,
        32,
        32,
        32,
        32,
        32,
        32,
        32,
        32,
        60,
        117,
        108,
        32,
        99,
        108,
        97,
        115,
        115,
        61,
        34,
        116,
        97,
        98,
        45,
        119,
        114,
        97,
        112,
        112,
        101,
        114,
        34,
        62,
        10,
        32,
        32,
        32,
        32,
        32,
        32,
        32,
        32,
        32,
        32,
        32,
        32,
        32,
        32,
        32,
        32,
        60,
        108,
        105,
        32,
        99,
        108,
        97,
        115,
        115,
        61,
        34,
        116,
        97,
        98,
        45,
        108,
        105,
        110,
        107,
        32,
        116,
        97,
        98,
        45,
        108,
        105,
        110,
        107,
        45,
        97,
        99,
        116,
        34,
        62,
        60,
        97,
        32,
        104,
        114,
        101,
        102,
        61,
        34,
        35,
        34,
        62,
        230,
        156,
        170,
        228,
        189,
        191,
        231,
        148,
        168,
        60,
        47,
        97,
        62,
        60,
        47,
        108,
        105,
        62,
        10,
        32,
        32,
        32,
        32,
        32,
        32,
        32,
        32,
        32,
        32,
        32,
        32,
        32,
        32,
        32,
        32,
        60,
        108,
        105,
        32,
        99,
        108,
        97,
        115,
        115,
        61,
        34,
        116,
        97,
        98,
        45,
        108,
        105,
        110,
        107,
        34,
        62,
        60,
        97,
        32,
        104,
        114,
        101,
        102,
        61,
        34,
        35,
        34,
        62,
        229,
        183,
        178,
        228,
        189,
        191,
        231,
        148,
        168,
        60,
        47,
        97,
        62,
        60,
        47,
        108,
        105,
        62,
        10,
        32,
        32,
        32,
        32,
        32,
        32,
        32,
        32,
        32,
        32,
        32,
        32,
        32,
        32,
        32,
        32,
        60,
        108,
        105,
        32,
        99,
        108,
        97,
        115,
        115,
        61,
        34,
        116,
        97,
        98,
        45,
        108,
        105,
        110,
        107,
        34,
        62,
        60,
        97,
        32,
        104,
        114,
        101,
        102,
        61,
        34,
        35,
        34,
        62,
        229,
        183,
        178,
        232,
        191,
        135,
        230,
        156,
        159,
        60,
        47,
        97,
        62,
        60,
        47,
        108,
        105,
        62,
        10,
        32,
        32,
        32,
        32,
        32,
        32,
        32,
        32,
        32,
        32,
        32,
        32,
        60,
        47,
        117,
        108,
        62,
        10,
        32,
        32,
        32,
        32,
        32,
        32,
        32,
        32,
        60,
        47,
        100,
        105,
        118,
        62,
        10,
        32,
        32,
        32,
        32,
        32,
        32,
        32,
        32,
        60,
        100,
        105,
        118,
        32,
        99,
        108,
        97,
        115,
        115,
        61,
        34,
        116,
        97,
        98,
        45,
        99,
        111,
        110,
        116,
        101,
        110,
        116,
        45,
        119,
        114,
        97,
        112,
        112,
        101,
        114,
        34,
        62,
        10,
        32,
        32,
        32,
        32,
        32,
        32,
        32,
        32,
        32,
        32,
        32,
        32,
        60,
        33,
        45,
        45,
        230,
        156,
        170,
        228,
        189,
        191,
        231,
        148,
        168,
        45,
        45,
        62,
        10,
        32,
        32,
        32,
        32,
        32,
        32,
        32,
        32,
        32,
        32,
        32,
        32,
        60,
        100,
        105,
        118,
        32,
        99,
        108,
        97,
        115,
        115,
        61,
        34,
        116,
        97,
        98,
        45,
        99,
        111,
        110,
        116,
        101,
        110,
        116,
        32,
        98,
        108,
        111,
        99,
        107,
        34,
        62,
        10,
        32,
        32,
        32,
        32,
        32,
        32,
        32,
        32,
        32,
        32,
        32,
        32,
        32,
        32,
        32,
        32,
        60,
        117,
        108,
        32,
        99,
        108,
        97,
        115,
        115,
        61,
        34,
        114,
        101,
        100,
        45,
        108,
        105,
        115,
        116,
        34,
        62,
        10,
        32,
        32,
        32,
        32,
        32,
        32,
        32,
        32,
        32,
        32,
        32,
        32,
        32,
        32,
        32,
        32,
        32,
        32,
        32,
        32,
        60,
        108,
        105,
        32,
        99,
        108,
        97,
        115,
        115,
        61,
        34,
        114,
        101,
        100,
        45,
        108,
        105,
        115,
        116,
        45,
        105,
        116,
        101,
        109,
        34,
        62,
        10,
        32,
        32,
        32,
        32,
        32,
        32,
        32,
        32,
        32,
        32,
        32,
        32,
        32,
        32,
        32,
        32,
        32,
        32,
        32,
        32,
        32,
        32,
        32,
        32,
        60,
        100,
        105,
        118,
        32,
        99,
        108,
        97,
        115,
        115,
        61,
        34,
        100,
        105,
        115,
        45,
        102,
        108,
        101,
        120,
        45,
        114,
        111,
        119,
        34,
        62,
        10,
        32,
        32,
        32,
        32,
        32,
        32,
        32,
        32,
        32,
        32,
        32,
        32,
        32,
        32,
        32,
        32,
        32,
        32,
        32,
        32,
        32,
        32,
        32,
        32,
        32,
        32,
        32,
        32,
        60,
        100,
        105,
        118,
        32,
        99,
        108,
        97,
        115,
        115,
        61,
        34,
        105,
        116,
        101,
        109,
        45,
        108,
        101,
        102,
        116,
        32,
        114,
        101,
        100,
        45,
        100,
        101,
        116,
        97,
        105,
        108,
        34,
        62,
        10,
        32,
        32,
        32,
        32,
        32,
        32,
        32,
        32,
        32,
        32,
        32,
        32,
        32,
        32,
        32,
        32,
        32,
        32,
        32,
        32,
        32,
        32,
        32,
        32,
        32,
        32,
        32,
        32,
        32,
        32,
        32,
        32,
        60,
        112,
        32,
        99,
        108,
        97,
        115,
        115,
        61,
        34,
        114,
        101,
        100,
        45,
        110,
        97,
        109,
        101,
        34,
        62,
        230,
        150,
        176,
        230,
        137,
        139,
        231,
        186,
        162,
        229,
        140,
        133,
        60,
        47,
        112,
        62,
        10,
        32,
        32,
        32,
        32,
        32,
        32,
        32,
        32,
        32,
        32,
        32,
        32,
        32,
        32,
        32,
        32,
        32,
        32,
        32,
        32,
        32,
        32,
        32,
        32,
        32,
        32,
        32,
        32,
        32,
        32,
        32,
        32,
        60,
        112,
        32,
        99,
        108,
        97,
        115,
        115,
        61,
        34,
        101,
        120,
        112,
        105,
        114,
        97,
        116,
        105,
        111,
        110,
        45,
        100,
        97,
        116,
        101,
        34,
        62,
        230,
        156,
        137,
        230,
        149,
        136,
        230,
        151,
        165,
        230,
        156,
        159,
        239,
        188,
        154,
        50,
        48,
        49,
        55,
        46,
        48,
        51,
        46,
        48,
        57,
        232,
        135,
        179,
        50,
        48,
        49,
        55,
        46,
        48,
        52,
        46,
        48,
        57,
        60,
        47,
        112,
        62,
        10,
        32,
        32,
        32,
        32,
        32,
        32,
        32,
        32,
        32,
        32,
        32,
        32,
        32,
        32,
        32,
        32,
        32,
        32,
        32,
        32,
        32,
        32,
        32,
        32,
        32,
        32,
        32,
        32,
        32,
        32,
        32,
        32,
        60,
        112,
        32,
        99,
        108,
        97,
        115,
        115,
        61,
        34,
        101,
        120,
        112,
        105,
        114,
        97,
        116,
        105,
        111,
        110,
        45,
        100,
        97,
        116,
        101,
        34,
        62,
        228,
        189,
        191,
        231,
        148,
        168,
        229,
        185,
        179,
        229,
        143,
        176,
        239,
        188,
        154,
        65,
        80,
        80,
        227,
        128,
        129,
        87,
        69,
        66,
        65,
        80,
        80,
        60,
        47,
        112,
        62,
        10,
        32,
        32,
        32,
        32,
        32,
        32,
        32,
        32,
        32,
        32,
        32,
        32,
        32,
        32,
        32,
        32,
        32,
        32,
        32,
        32,
        32,
        32,
        32,
        32,
        32,
        32,
        32,
        32,
        60,
        47,
        100,
        105,
        118,
        62,
        10,
        32,
        32,
        32,
        32,
        32,
        32,
        32,
        32,
        32,
        32,
        32,
        32,
        32,
        32,
        32,
        32,
        32,
        32,
        32,
        32,
        32,
        32,
        32,
        32,
        32,
        32,
        32,
        32,
        60,
        100,
        105,
        118,
        32,
        99,
        108,
        97,
        115,
        115,
        61,
        34,
        105,
        116,
        101,
        109,
        45,
        114,
        105,
        103,
        104,
        116,
        32,
        114,
        101,
        100,
        45,
        97,
        109,
        111,
        117,
        110,
        116,
        34,
        62,
        10,
        32,
        32,
        32,
        32,
        32,
        32,
        32,
        32,
        32,
        32,
        32,
        32,
        32,
        32,
        32,
        32,
        32,
        32,
        32,
        32,
        32,
        32,
        32,
        32,
        32,
        32,
        32,
        32,
        32,
        32,
        32,
        32,
        60,
        112,
        32,
        99,
        108,
        97,
        115,
        115,
        61,
        34,
        114,
        101,
        100,
        45,
        112,
        97,
        99,
        107,
        101,
        116,
        34,
        62,
        53,
        229,
        133,
        131,
        60,
        47,
        112,
        62,
        10,
        32,
        32,
        32,
        32,
        32,
        32,
        32,
        32,
        32,
        32,
        32,
        32,
        32,
        32,
        32,
        32,
        32,
        32,
        32,
        32,
        32,
        32,
        32,
        32,
        32,
        32,
        32,
        32,
        32,
        32,
        32,
        32,
        60,
        112,
        32,
        99,
        108,
        97,
        115,
        115,
        61,
        34,
        114,
        101,
        100,
        117,
        99,
        116,
        105,
        111,
        110,
        45,
        114,
        97,
        110,
        103,
        101,
        34,
        62,
        230,
        187,
        161,
        53,
        48,
        48,
        228,
        189,
        191,
        231,
        148,
        168,
        60,
        47,
        112,
        62,
        10,
        32,
        32,
        32,
        32,
        32,
        32,
        32,
        32,
        32,
        32,
        32,
        32,
        32,
        32,
        32,
        32,
        32,
        32,
        32,
        32,
        32,
        32,
        32,
        32,
        32,
        32,
        32,
        32,
        60,
        47,
        100,
        105,
        118,
        62,
        10,
        32,
        32,
        32,
        32,
        32,
        32,
        32,
        32,
        32,
        32,
        32,
        32,
        32,
        32,
        32,
        32,
        32,
        32,
        32,
        32,
        32,
        32,
        32,
        32,
        60,
        47,
        100,
        105,
        118,
        62,
        10,
        32,
        32,
        32,
        32,
        32,
        32,
        32,
        32,
        32,
        32,
        32,
        32,
        32,
        32,
        32,
        32,
        32,
        32,
        32,
        32,
        32,
        32,
        32,
        32,
        60,
        112,
        32,
        99,
        108,
        97,
        115,
        115,
        61,
        34,
        114,
        101,
        100,
        45,
        114,
        97,
        110,
        103,
        101,
        34,
        62,
        233,
        128,
        130,
        231,
        148,
        168,
        232,
        140,
        131,
        229,
        155,
        180,
        239,
        188,
        154,
        230,
        149,
        163,
        230,
        160,
        135,
        227,
        128,
        129,
        230,
        150,
        176,
        229,
        133,
        131,
        229,
        174,
        157,
        227,
        128,
        129,
        230,
        173,
        165,
        230,
        173,
        165,
        233,
        171,
        152,
        229,
        141,
        135,
        227,
        128,
        129,
        230,
        156,
        136,
        230,
        156,
        136,
        230,
        180,
        190,
        60,
        47,
        112,
        62,
        10,
        32,
        32,
        32,
        32,
        32,
        32,
        32,
        32,
        32,
        32,
        32,
        32,
        32,
        32,
        32,
        32,
        32,
        32,
        32,
        32,
        60,
        47,
        108,
        105,
        62,
        10,
        32,
        32,
        32,
        32,
        32,
        32,
        32,
        32,
        32,
        32,
        32,
        32,
        32,
        32,
        32,
        32,
        32,
        32,
        32,
        32,
        60,
        33,
        45,
        45,
        229,
        183,
        178,
        228,
        189,
        191,
        231,
        148,
        168,
        45,
        45,
        62,
        10,
        32,
        32,
        32,
        32,
        32,
        32,
        32,
        32,
        32,
        32,
        32,
        32,
        32,
        32,
        32,
        32,
        32,
        32,
        32,
        32,
        60,
        108,
        105,
        32,
        99,
        108,
        97,
        115,
        115,
        61,
        34,
        114,
        101,
        100,
        45,
        108,
        105,
        115,
        116,
        45,
        105,
        116,
        101,
        109,
        32,
        117,
        115,
        101,
        100,
        45,
        108,
        105,
        115,
        116,
        45,
        119,
        114,
        97,
        112,
        112,
        101,
        114,
        34,
        62,
        10,
        32,
        32,
        32,
        32,
        32,
        32,
        32,
        32,
        32,
        32,
        32,
        32,
        32,
        32,
        32,
        32,
        32,
        32,
        32,
        32,
        32,
        32,
        32,
        32,
        60,
        100,
        105,
        118,
        32,
        99,
        108,
        97,
        115,
        115,
        61,
        34,
        100,
        105,
        115,
        45,
        102,
        108,
        101,
        120,
        45,
        114,
        111,
        119,
        34,
        62,
        10,
        32,
        32,
        32,
        32,
        32,
        32,
        32,
        32,
        32,
        32,
        32,
        32,
        32,
        32,
        32,
        32,
        32,
        32,
        32,
        32,
        32,
        32,
        32,
        32,
        32,
        32,
        32,
        32,
        60,
        100,
        105,
        118,
        32,
        99,
        108,
        97,
        115,
        115,
        61,
        34,
        105,
        116,
        101,
        109,
        45,
        108,
        101,
        102,
        116,
        32,
        114,
        101,
        100,
        45,
        100,
        101,
        116,
        97,
        105,
        108,
        34,
        62,
        10,
        32,
        32,
        32,
        32,
        32,
        32,
        32,
        32,
        32,
        32,
        32,
        32,
        32,
        32,
        32,
        32,
        32,
        32,
        32,
        32,
        32,
        32,
        32,
        32,
        32,
        32,
        32,
        32,
        32,
        32,
        32,
        32,
        60,
        112,
        32,
        99,
        108,
        97,
        115,
        115,
        61,
        34,
        114,
        101,
        100,
        45,
        110,
        97,
        109,
        101,
        34,
        62,
        230,
        150,
        176,
        230,
        137,
        139,
        231,
        186,
        162,
        229,
        140,
        133,
        60,
        47,
        112,
        62,
        10,
        32,
        32,
        32,
        32,
        32,
        32,
        32,
        32,
        32,
        32,
        32,
        32,
        32,
        32,
        32,
        32,
        32,
        32,
        32,
        32,
        32,
        32,
        32,
        32,
        32,
        32,
        32,
        32,
        32,
        32,
        32,
        32,
        60,
        112,
        32,
        99,
        108,
        97,
        115,
        115,
        61,
        34,
        101,
        120,
        112,
        105,
        114,
        97,
        116,
        105,
        111,
        110,
        45,
        100,
        97,
        116,
        101,
        34,
        62,
        230,
        156,
        137,
        230,
        149,
        136,
        230,
        151,
        165,
        230,
        156,
        159,
        239,
        188,
        154,
        50,
        48,
        49,
        55,
        46,
        48,
        51,
        46,
        48,
        57,
        232,
        135,
        179,
        50,
        48,
        49,
        55,
        46,
        48,
        52,
        46,
        48,
        57,
        60,
        47,
        112,
        62,
        10,
        32,
        32,
        32,
        32,
        32,
        32,
        32,
        32,
        32,
        32,
        32,
        32,
        32,
        32,
        32,
        32,
        32,
        32,
        32,
        32,
        32,
        32,
        32,
        32,
        32,
        32,
        32,
        32,
        32,
        32,
        32,
        32,
        60,
        112,
        32,
        99,
        108,
        97,
        115,
        115,
        61,
        34,
        101,
        120,
        112,
        105,
        114,
        97,
        116,
        105,
        111,
        110,
        45,
        100,
        97,
        116,
        101,
        34,
        62,
        228,
        189,
        191,
        231,
        148,
        168,
        229,
        185,
        179,
        229,
        143,
        176,
        239,
        188,
        154,
        65,
        80,
        80,
        227,
        128,
        129,
        87,
        69,
        66,
        65,
        80,
        80,
        60,
        47,
        112,
        62,
        10,
        32,
        32,
        32,
        32,
        32,
        32,
        32,
        32,
        32,
        32,
        32,
        32,
        32,
        32,
        32,
        32,
        32,
        32,
        32,
        32,
        32,
        32,
        32,
        32,
        32,
        32,
        32,
        32,
        60,
        47,
        100,
        105,
        118,
        62,
        10,
        32,
        32,
        32,
        32,
        32,
        32,
        32,
        32,
        32,
        32,
        32,
        32,
        32,
        32,
        32,
        32,
        32,
        32,
        32,
        32,
        32,
        32,
        32,
        32,
        32,
        32,
        32,
        32,
        60,
        100,
        105,
        118,
        32,
        99,
        108,
        97,
        115,
        115,
        61,
        34,
        105,
        116,
        101,
        109,
        45,
        114,
        105,
        103,
        104,
        116,
        32,
        114,
        101,
        100,
        45,
        97,
        109,
        111,
        117,
        110,
        116,
        34,
        62,
        10,
        32,
        32,
        32,
        32,
        32,
        32,
        32,
        32,
        32,
        32,
        32,
        32,
        32,
        32,
        32,
        32,
        32,
        32,
        32,
        32,
        32,
        32,
        32,
        32,
        32,
        32,
        32,
        32,
        32,
        32,
        32,
        32,
        60,
        112,
        32,
        99,
        108,
        97,
        115,
        115,
        61,
        34,
        114,
        101,
        100,
        45,
        112,
        97,
        99,
        107,
        101,
        116,
        34,
        62,
        53,
        229,
        133,
        131,
        60,
        47,
        112,
        62,
        10,
        32,
        32,
        32,
        32,
        32,
        32,
        32,
        32,
        32,
        32,
        32,
        32,
        32,
        32,
        32,
        32,
        32,
        32,
        32,
        32,
        32,
        32,
        32,
        32,
        32,
        32,
        32,
        32,
        32,
        32,
        32,
        32,
        60,
        112,
        32,
        99,
        108,
        97,
        115,
        115,
        61,
        34,
        114,
        101,
        100,
        117,
        99,
        116,
        105,
        111,
        110,
        45,
        114,
        97,
        110,
        103,
        101,
        34,
        62,
        230,
        187,
        161,
        53,
        48,
        48,
        228,
        189,
        191,
        231,
        148,
        168,
        60,
        47,
        112,
        62,
        10,
        32,
        32,
        32,
        32,
        32,
        32,
        32,
        32,
        32,
        32,
        32,
        32,
        32,
        32,
        32,
        32,
        32,
        32,
        32,
        32,
        32,
        32,
        32,
        32,
        32,
        32,
        32,
        32,
        60,
        47,
        100,
        105,
        118,
        62,
        10,
        32,
        32,
        32,
        32,
        32,
        32,
        32,
        32,
        32,
        32,
        32,
        32,
        32,
        32,
        32,
        32,
        32,
        32,
        32,
        32,
        32,
        32,
        32,
        32,
        60,
        47,
        100,
        105,
        118,
        62,
        10,
        32,
        32,
        32,
        32,
        32,
        32,
        32,
        32,
        32,
        32,
        32,
        32,
        32,
        32,
        32,
        32,
        32,
        32,
        32,
        32,
        32,
        32,
        32,
        32,
        60,
        112,
        32,
        99,
        108,
        97,
        115,
        115,
        61,
        34,
        114,
        101,
        100,
        45,
        114,
        97,
        110,
        103,
        101,
        34,
        62,
        233,
        128,
        130,
        231,
        148,
        168,
        232,
        140,
        131,
        229,
        155,
        180,
        239,
        188,
        154,
        230,
        149,
        163,
        230,
        160,
        135,
        227,
        128,
        129,
        230,
        150,
        176,
        229,
        133,
        131,
        229,
        174,
        157,
        227,
        128,
        129,
        230,
        173,
        165,
        230,
        173,
        165,
        233,
        171,
        152,
        229,
        141,
        135,
        227,
        128,
        129,
        230,
        156,
        136,
        230,
        156,
        136,
        230,
        180,
        190,
        60,
        47,
        112,
        62,
        10,
        32,
        32,
        32,
        32,
        32,
        32,
        32,
        32,
        32,
        32,
        32,
        32,
        32,
        32,
        32,
        32,
        32,
        32,
        32,
        32,
        32,
        32,
        32,
        32,
        60,
        100,
        105,
        118,
        32,
        99,
        108,
        97,
        115,
        115,
        61,
        34,
        114,
        105,
        103,
        104,
        116,
        45,
        98,
        103,
        32,
        117,
        115,
        101,
        100,
        45,
        105,
        99,
        111,
        110,
        34,
        62,
        60,
        47,
        100,
        105,
        118,
        62,
        10,
        32,
        32,
        32,
        32,
        32,
        32,
        32,
        32,
        32,
        32,
        32,
        32,
        32,
        32,
        32,
        32,
        32,
        32,
        32,
        32,
        60,
        47,
        108,
        105,
        62,
        10,
        32,
        32,
        32,
        32,
        32,
        32,
        32,
        32,
        32,
        32,
        32,
        32,
        32,
        32,
        32,
        32,
        32,
        32,
        32,
        32,
        60,
        33,
        45,
        45,
        229,
        183,
        178,
        232,
        191,
        135,
        230,
        156,
        159,
        45,
        45,
        62,
        10,
        32,
        32,
        32,
        32,
        32,
        32,
        32,
        32,
        32,
        32,
        32,
        32,
        32,
        32,
        32,
        32,
        32,
        32,
        32,
        32,
        60,
        108,
        105,
        32,
        99,
        108,
        97,
        115,
        115,
        61,
        34,
        114,
        101,
        100,
        45,
        108,
        105,
        115,
        116,
        45,
        105,
        116,
        101,
        109,
        32,
        111,
        118,
        101,
        114,
        100,
        117,
        101,
        45,
        114,
        101,
        100,
        45,
        108,
        105,
        115,
        116,
        45,
        119,
        114,
        97,
        112,
        112,
        101,
        114,
        34,
        62,
        10,
        32,
        32,
        32,
        32,
        32,
        32,
        32,
        32,
        32,
        32,
        32,
        32,
        32,
        32,
        32,
        32,
        32,
        32,
        32,
        32,
        32,
        32,
        32,
        32,
        60,
        100,
        105,
        118,
        32,
        99,
        108,
        97,
        115,
        115,
        61,
        34,
        100,
        105,
        115,
        45,
        102,
        108,
        101,
        120,
        45,
        114,
        111,
        119,
        34,
        62,
        10,
        32,
        32,
        32,
        32,
        32,
        32,
        32,
        32,
        32,
        32,
        32,
        32,
        32,
        32,
        32,
        32,
        32,
        32,
        32,
        32,
        32,
        32,
        32,
        32,
        32,
        32,
        32,
        32,
        60,
        100,
        105,
        118,
        32,
        99,
        108,
        97,
        115,
        115,
        61,
        34,
        105,
        116,
        101,
        109,
        45,
        108,
        101,
        102,
        116,
        32,
        114,
        101,
        100,
        45,
        100,
        101,
        116,
        97,
        105,
        108,
        34,
        62,
        10,
        32,
        32,
        32,
        32,
        32,
        32,
        32,
        32,
        32,
        32,
        32,
        32,
        32,
        32,
        32,
        32,
        32,
        32,
        32,
        32,
        32,
        32,
        32,
        32,
        32,
        32,
        32,
        32,
        32,
        32,
        32,
        32,
        60,
        112,
        32,
        99,
        108,
        97,
        115,
        115,
        61,
        34,
        114,
        101,
        100,
        45,
        110,
        97,
        109,
        101,
        34,
        62,
        230,
        150,
        176,
        230,
        137,
        139,
        231,
        186,
        162,
        229,
        140,
        133,
        60,
        47,
        112,
        62,
        10,
        32,
        32,
        32,
        32,
        32,
        32,
        32,
        32,
        32,
        32,
        32,
        32,
        32,
        32,
        32,
        32,
        32,
        32,
        32,
        32,
        32,
        32,
        32,
        32,
        32,
        32,
        32,
        32,
        32,
        32,
        32,
        32,
        60,
        112,
        32,
        99,
        108,
        97,
        115,
        115,
        61,
        34,
        101,
        120,
        112,
        105,
        114,
        97,
        116,
        105,
        111,
        110,
        45,
        100,
        97,
        116,
        101,
        34,
        62,
        230,
        156,
        137,
        230,
        149,
        136,
        230,
        151,
        165,
        230,
        156,
        159,
        239,
        188,
        154,
        50,
        48,
        49,
        55,
        46,
        48,
        51,
        46,
        48,
        57,
        232,
        135,
        179,
        50,
        48,
        49,
        55,
        46,
        48,
        52,
        46,
        48,
        57,
        60,
        47,
        112,
        62,
        10,
        32,
        32,
        32,
        32,
        32,
        32,
        32,
        32,
        32,
        32,
        32,
        32,
        32,
        32,
        32,
        32,
        32,
        32,
        32,
        32,
        32,
        32,
        32,
        32,
        32,
        32,
        32,
        32,
        32,
        32,
        32,
        32,
        60,
        112,
        32,
        99,
        108,
        97,
        115,
        115,
        61,
        34,
        101,
        120,
        112,
        105,
        114,
        97,
        116,
        105,
        111,
        110,
        45,
        100,
        97,
        116,
        101,
        34,
        62,
        228,
        189,
        191,
        231,
        148,
        168,
        229,
        185,
        179,
        229,
        143,
        176,
        239,
        188,
        154,
        65,
        80,
        80,
        227,
        128,
        129,
        87,
        69,
        66,
        65,
        80,
        80,
        60,
        47,
        112,
        62,
        10,
        32,
        32,
        32,
        32,
        32,
        32,
        32,
        32,
        32,
        32,
        32,
        32,
        32,
        32,
        32,
        32,
        32,
        32,
        32,
        32,
        32,
        32,
        32,
        32,
        32,
        32,
        32,
        32,
        60,
        47,
        100,
        105,
        118,
        62,
        10,
        32,
        32,
        32,
        32,
        32,
        32,
        32,
        32,
        32,
        32,
        32,
        32,
        32,
        32,
        32,
        32,
        32,
        32,
        32,
        32,
        32,
        32,
        32,
        32,
        32,
        32,
        32,
        32,
        60,
        100,
        105,
        118,
        32,
        99,
        108,
        97,
        115,
        115,
        61,
        34,
        105,
        116,
        101,
        109,
        45,
        114,
        105,
        103,
        104,
        116,
        32,
        114,
        101,
        100,
        45,
        97,
        109,
        111,
        117,
        110,
        116,
        34,
        62,
        10,
        32,
        32,
        32,
        32,
        32,
        32,
        32,
        32,
        32,
        32,
        32,
        32,
        32,
        32,
        32,
        32,
        32,
        32,
        32,
        32,
        32,
        32,
        32,
        32,
        32,
        32,
        32,
        32,
        32,
        32,
        32,
        32,
        60,
        112,
        32,
        99,
        108,
        97,
        115,
        115,
        61,
        34,
        114,
        101,
        100,
        45,
        112,
        97,
        99,
        107,
        101,
        116,
        34,
        62,
        53,
        229,
        133,
        131,
        60,
        47,
        112,
        62,
        10,
        32,
        32,
        32,
        32,
        32,
        32,
        32,
        32,
        32,
        32,
        32,
        32,
        32,
        32,
        32,
        32,
        32,
        32,
        32,
        32,
        32,
        32,
        32,
        32,
        32,
        32,
        32,
        32,
        32,
        32,
        32,
        32,
        60,
        112,
        32,
        99,
        108,
        97,
        115,
        115,
        61,
        34,
        114,
        101,
        100,
        117,
        99,
        116,
        105,
        111,
        110,
        45,
        114,
        97,
        110,
        103,
        101,
        34,
        62,
        230,
        187,
        161,
        53,
        48,
        48,
        228,
        189,
        191,
        231,
        148,
        168,
        60,
        47,
        112,
        62,
        10,
        32,
        32,
        32,
        32,
        32,
        32,
        32,
        32,
        32,
        32,
        32,
        32,
        32,
        32,
        32,
        32,
        32,
        32,
        32,
        32,
        32,
        32,
        32,
        32,
        32,
        32,
        32,
        32,
        60,
        47,
        100,
        105,
        118,
        62,
        10,
        32,
        32,
        32,
        32,
        32,
        32,
        32,
        32,
        32,
        32,
        32,
        32,
        32,
        32,
        32,
        32,
        32,
        32,
        32,
        32,
        32,
        32,
        32,
        32,
        60,
        47,
        100,
        105,
        118,
        62,
        10,
        32,
        32,
        32,
        32,
        32,
        32,
        32,
        32,
        32,
        32,
        32,
        32,
        32,
        32,
        32,
        32,
        32,
        32,
        32,
        32,
        32,
        32,
        32,
        32,
        60,
        112,
        32,
        99,
        108,
        97,
        115,
        115,
        61,
        34,
        114,
        101,
        100,
        45,
        114,
        97,
        110,
        103,
        101,
        34,
        62,
        233,
        128,
        130,
        231,
        148,
        168,
        232,
        140,
        131,
        229,
        155,
        180,
        239,
        188,
        154,
        230,
        149,
        163,
        230,
        160,
        135,
        227,
        128,
        129,
        230,
        150,
        176,
        229,
        133,
        131,
        229,
        174,
        157,
        227,
        128,
        129,
        230,
        173,
        165,
        230,
        173,
        165,
        233,
        171,
        152,
        229,
        141,
        135,
        227,
        128,
        129,
        230,
        156,
        136,
        230,
        156,
        136,
        230,
        180,
        190,
        60,
        47,
        112,
        62,
        10,
        32,
        32,
        32,
        32,
        32,
        32,
        32,
        32,
        32,
        32,
        32,
        32,
        32,
        32,
        32,
        32,
        32,
        32,
        32,
        32,
        32,
        32,
        32,
        32,
        60,
        100,
        105,
        118,
        32,
        99,
        108,
        97,
        115,
        115,
        61,
        34,
        114,
        105,
        103,
        104,
        116,
        45,
        98,
        103,
        32,
        111,
        118,
        101,
        114,
        100,
        117,
        101,
        45,
        105,
        99,
        111,
        110,
        34,
        62,
        60,
        47,
        100,
        105,
        118,
        62,
        10,
        32,
        32,
        32,
        32,
        32,
        32,
        32,
        32,
        32,
        32,
        32,
        32,
        32,
        32,
        32,
        32,
        32,
        32,
        32,
        32,
        60,
        47,
        108,
        105,
        62,
        10,
        32,
        32,
        32,
        32,
        32,
        32,
        32,
        32,
        32,
        32,
        32,
        32,
        32,
        32,
        32,
        32,
        60,
        47,
        117,
        108,
        62,
        10,
        32,
        32,
        32,
        32,
        32,
        32,
        32,
        32,
        32,
        32,
        32,
        32,
        32,
        32,
        32,
        32,
        60,
        33,
        45,
        45,
        60,
        117,
        108,
        32,
        99,
        108,
        97,
        115,
        115,
        61,
        34,
        114,
        101,
        100,
        45,
        108,
        105,
        115,
        116,
        34,
        62,
        45,
        45,
        62,
        10,
        32,
        32,
        32,
        32,
        32,
        32,
        32,
        32,
        32,
        32,
        32,
        32,
        32,
        32,
        32,
        32,
        32,
        32,
        32,
        32,
        60,
        33,
        45,
        45,
        38,
        108,
        116,
        59,
        33,
        38,
        110,
        100,
        97,
        115,
        104,
        59,
        229,
        183,
        178,
        228,
        189,
        191,
        231,
        148,
        168,
        38,
        110,
        100,
        97,
        115,
        104,
        59,
        38,
        103,
        116,
        59,
        45,
        45,
        62,
        10,
        32,
        32,
        32,
        32,
        32,
        32,
        32,
        32,
        32,
        32,
        32,
        32,
        32,
        32,
        32,
        32,
        32,
        32,
        32,
        32,
        60,
        33,
        45,
        45,
        60,
        108,
        105,
        32,
        99,
        108,
        97,
        115,
        115,
        61,
        34,
        114,
        101,
        100,
        45,
        108,
        105,
        115,
        116,
        45,
        105,
        116,
        101,
        109,
        32,
        117,
        115,
        101,
        100,
        45,
        108,
        105,
        115,
        116,
        45,
        119,
        114,
        97,
        112,
        112,
        101,
        114,
        34,
        62,
        45,
        45,
        62,
        10,
        32,
        32,
        32,
        32,
        32,
        32,
        32,
        32,
        32,
        32,
        32,
        32,
        32,
        32,
        32,
        32,
        32,
        32,
        32,
        32,
        32,
        32,
        32,
        32,
        60,
        33,
        45,
        45,
        60,
        100,
        105,
        118,
        32,
        99,
        108,
        97,
        115,
        115,
        61,
        34,
        100,
        105,
        115,
        45,
        102,
        108,
        101,
        120,
        45,
        114,
        111,
        119,
        34,
        62,
        45,
        45,
        62,
        10,
        32,
        32,
        32,
        32,
        32,
        32,
        32,
        32,
        32,
        32,
        32,
        32,
        32,
        32,
        32,
        32,
        32,
        32,
        32,
        32,
        32,
        32,
        32,
        32,
        32,
        32,
        32,
        32,
        60,
        33,
        45,
        45,
        60,
        100,
        105,
        118,
        32,
        99,
        108,
        97,
        115,
        115,
        61,
        34,
        105,
        116,
        101,
        109,
        45,
        108,
        101,
        102,
        116,
        32,
        114,
        101,
        100,
        45,
        100,
        101,
        116,
        97,
        105,
        108,
        34,
        62,
        45,
        45,
        62,
        10,
        32,
        32,
        32,
        32,
        32,
        32,
        32,
        32,
        32,
        32,
        32,
        32,
        32,
        32,
        32,
        32,
        32,
        32,
        32,
        32,
        32,
        32,
        32,
        32,
        32,
        32,
        32,
        32,
        32,
        32,
        32,
        32,
        60,
        33,
        45,
        45,
        60,
        112,
        32,
        99,
        108,
        97,
        115,
        115,
        61,
        34,
        114,
        101,
        100,
        45,
        110,
        97,
        109,
        101,
        34,
        62,
        230,
        150,
        176,
        230,
        137,
        139,
        231,
        186,
        162,
        229,
        140,
        133,
        60,
        47,
        112,
        62,
        45,
        45,
        62,
        10,
        32,
        32,
        32,
        32,
        32,
        32,
        32,
        32,
        32,
        32,
        32,
        32,
        32,
        32,
        32,
        32,
        32,
        32,
        32,
        32,
        32,
        32,
        32,
        32,
        32,
        32,
        32,
        32,
        32,
        32,
        32,
        32,
        60,
        33,
        45,
        45,
        60,
        112,
        32,
        99,
        108,
        97,
        115,
        115,
        61,
        34,
        101,
        120,
        112,
        105,
        114,
        97,
        116,
        105,
        111,
        110,
        45,
        100,
        97,
        116,
        101,
        34,
        62,
        230,
        156,
        137,
        230,
        149,
        136,
        230,
        151,
        165,
        230,
        156,
        159,
        239,
        188,
        154,
        50,
        48,
        49,
        55,
        46,
        48,
        51,
        46,
        48,
        57,
        232,
        135,
        179,
        50,
        48,
        49,
        55,
        46,
        48,
        52,
        46,
        48,
        57,
        60,
        47,
        112,
        62,
        45,
        45,
        62,
        10,
        32,
        32,
        32,
        32,
        32,
        32,
        32,
        32,
        32,
        32,
        32,
        32,
        32,
        32,
        32,
        32,
        32,
        32,
        32,
        32,
        32,
        32,
        32,
        32,
        32,
        32,
        32,
        32,
        32,
        32,
        32,
        32,
        60,
        33,
        45,
        45,
        60,
        112,
        32,
        99,
        108,
        97,
        115,
        115,
        61,
        34,
        101,
        120,
        112,
        105,
        114,
        97,
        116,
        105,
        111,
        110,
        45,
        100,
        97,
        116,
        101,
        34,
        62,
        228,
        189,
        191,
        231,
        148,
        168,
        229,
        185,
        179,
        229,
        143,
        176,
        239,
        188,
        154,
        65,
        80,
        80,
        227,
        128,
        129,
        87,
        69,
        66,
        65,
        80,
        80,
        60,
        47,
        112,
        62,
        45,
        45,
        62,
        10,
        32,
        32,
        32,
        32,
        32,
        32,
        32,
        32,
        32,
        32,
        32,
        32,
        32,
        32,
        32,
        32,
        32,
        32,
        32,
        32,
        32,
        32,
        32,
        32,
        32,
        32,
        32,
        32,
        60,
        33,
        45,
        45,
        60,
        47,
        100,
        105,
        118,
        62,
        45,
        45,
        62,
        10,
        32,
        32,
        32,
        32,
        32,
        32,
        32,
        32,
        32,
        32,
        32,
        32,
        32,
        32,
        32,
        32,
        32,
        32,
        32,
        32,
        32,
        32,
        32,
        32,
        32,
        32,
        32,
        32,
        60,
        33,
        45,
        45,
        60,
        100,
        105,
        118,
        32,
        99,
        108,
        97,
        115,
        115,
        61,
        34,
        105,
        116,
        101,
        109,
        45,
        114,
        105,
        103,
        104,
        116,
        32,
        114,
        101,
        100,
        45,
        97,
        109,
        111,
        117,
        110,
        116,
        34,
        62,
        45,
        45,
        62,
        10,
        32,
        32,
        32,
        32,
        32,
        32,
        32,
        32,
        32,
        32,
        32,
        32,
        32,
        32,
        32,
        32,
        32,
        32,
        32,
        32,
        32,
        32,
        32,
        32,
        32,
        32,
        32,
        32,
        32,
        32,
        32,
        32,
        60,
        33,
        45,
        45,
        60,
        112,
        32,
        99,
        108,
        97,
        115,
        115,
        61,
        34,
        114,
        101,
        100,
        45,
        112,
        97,
        99,
        107,
        101,
        116,
        34,
        62,
        53,
        229,
        133,
        131,
        60,
        47,
        112,
        62,
        45,
        45,
        62,
        10,
        32,
        32,
        32,
        32,
        32,
        32,
        32,
        32,
        32,
        32,
        32,
        32,
        32,
        32,
        32,
        32,
        32,
        32,
        32,
        32,
        32,
        32,
        32,
        32,
        32,
        32,
        32,
        32,
        32,
        32,
        32,
        32,
        60,
        33,
        45,
        45,
        60,
        112,
        32,
        99,
        108,
        97,
        115,
        115,
        61,
        34,
        114,
        101,
        100,
        117,
        99,
        116,
        105,
        111,
        110,
        45,
        114,
        97,
        110,
        103,
        101,
        34,
        62,
        230,
        187,
        161,
        53,
        48,
        48,
        228,
        189,
        191,
        231,
        148,
        168,
        60,
        47,
        112,
        62,
        45,
        45,
        62,
        10,
        32,
        32,
        32,
        32,
        32,
        32,
        32,
        32,
        32,
        32,
        32,
        32,
        32,
        32,
        32,
        32,
        32,
        32,
        32,
        32,
        32,
        32,
        32,
        32,
        32,
        32,
        32,
        32,
        60,
        33,
        45,
        45,
        60,
        47,
        100,
        105,
        118,
        62,
        45,
        45,
        62,
        10,
        32,
        32,
        32,
        32,
        32,
        32,
        32,
        32,
        32,
        32,
        32,
        32,
        32,
        32,
        32,
        32,
        32,
        32,
        32,
        32,
        32,
        32,
        32,
        32,
        60,
        33,
        45,
        45,
        60,
        47,
        100,
        105,
        118,
        62,
        45,
        45,
        62,
        10,
        32,
        32,
        32,
        32,
        32,
        32,
        32,
        32,
        32,
        32,
        32,
        32,
        32,
        32,
        32,
        32,
        32,
        32,
        32,
        32,
        32,
        32,
        32,
        32,
        60,
        33,
        45,
        45,
        60,
        112,
        32,
        99,
        108,
        97,
        115,
        115,
        61,
        34,
        114,
        101,
        100,
        45,
        114,
        97,
        110,
        103,
        101,
        34,
        62,
        233,
        128,
        130,
        231,
        148,
        168,
        232,
        140,
        131,
        229,
        155,
        180,
        239,
        188,
        154,
        230,
        149,
        163,
        230,
        160,
        135,
        227,
        128,
        129,
        230,
        150,
        176,
        229,
        133,
        131,
        229,
        174,
        157,
        227,
        128,
        129,
        230,
        173,
        165,
        230,
        173,
        165,
        233,
        171,
        152,
        229,
        141,
        135,
        227,
        128,
        129,
        230,
        156,
        136,
        230,
        156,
        136,
        230,
        180,
        190,
        60,
        47,
        112,
        62,
        45,
        45,
        62,
        10,
        32,
        32,
        32,
        32,
        32,
        32,
        32,
        32,
        32,
        32,
        32,
        32,
        32,
        32,
        32,
        32,
        32,
        32,
        32,
        32,
        32,
        32,
        32,
        32,
        60,
        33,
        45,
        45,
        60,
        100,
        105,
        118,
        32,
        99,
        108,
        97,
        115,
        115,
        61,
        34,
        114,
        105,
        103,
        104,
        116,
        45,
        98,
        103,
        32,
        117,
        115,
        101,
        100,
        45,
        105,
        99,
        111,
        110,
        34,
        62,
        60,
        47,
        100,
        105,
        118,
        62,
        45,
        45,
        62,
        10,
        32,
        32,
        32,
        32,
        32,
        32,
        32,
        32,
        32,
        32,
        32,
        32,
        32,
        32,
        32,
        32,
        32,
        32,
        32,
        32,
        60,
        33,
        45,
        45,
        60,
        47,
        108,
        105,
        62,
        45,
        45,
        62,
        10,
        32,
        32,
        32,
        32,
        32,
        32,
        32,
        32,
        32,
        32,
        32,
        32,
        32,
        32,
        32,
        32,
        60,
        33,
        45,
        45,
        60,
        47,
        117,
        108,
        62,
        45,
        45,
        62,
        10,
        32,
        32,
        32,
        32,
        32,
        32,
        32,
        32,
        32,
        32,
        32,
        32,
        32,
        32,
        32,
        32,
        60,
        33,
        45,
        45,
        60,
        117,
        108,
        32,
        99,
        108,
        97,
        115,
        115,
        61,
        34,
        114,
        101,
        100,
        45,
        108,
        105,
        115,
        116,
        34,
        62,
        45,
        45,
        62,
        10,
        32,
        32,
        32,
        32,
        32,
        32,
        32,
        32,
        32,
        32,
        32,
        32,
        32,
        32,
        32,
        32,
        32,
        32,
        32,
        32,
        60,
        33,
        45,
        45,
        38,
        108,
        116,
        59,
        33,
        38,
        110,
        100,
        97,
        115,
        104,
        59,
        229,
        183,
        178,
        232,
        191,
        135,
        230,
        156,
        159,
        38,
        110,
        100,
        97,
        115,
        104,
        59,
        38,
        103,
        116,
        59,
        45,
        45,
        62,
        10,
        32,
        32,
        32,
        32,
        32,
        32,
        32,
        32,
        32,
        32,
        32,
        32,
        32,
        32,
        32,
        32,
        32,
        32,
        32,
        32,
        60,
        33,
        45,
        45,
        60,
        108,
        105,
        32,
        99,
        108,
        97,
        115,
        115,
        61,
        34,
        114,
        101,
        100,
        45,
        108,
        105,
        115,
        116,
        45,
        105,
        116,
        101,
        109,
        32,
        111,
        118,
        101,
        114,
        100,
        117,
        101,
        45,
        114,
        101,
        100,
        45,
        108,
        105,
        115,
        116,
        45,
        119,
        114,
        97,
        112,
        112,
        101,
        114,
        34,
        62,
        45,
        45,
        62,
        10,
        32,
        32,
        32,
        32,
        32,
        32,
        32,
        32,
        32,
        32,
        32,
        32,
        32,
        32,
        32,
        32,
        32,
        32,
        32,
        32,
        32,
        32,
        32,
        32,
        60,
        33,
        45,
        45,
        60,
        100,
        105,
        118,
        32,
        99,
        108,
        97,
        115,
        115,
        61,
        34,
        100,
        105,
        115,
        45,
        102,
        108,
        101,
        120,
        45,
        114,
        111,
        119,
        34,
        62,
        45,
        45,
        62,
        10,
        32,
        32,
        32,
        32,
        32,
        32,
        32,
        32,
        32,
        32,
        32,
        32,
        32,
        32,
        32,
        32,
        32,
        32,
        32,
        32,
        32,
        32,
        32,
        32,
        32,
        32,
        32,
        32,
        60,
        33,
        45,
        45,
        60,
        100,
        105,
        118,
        32,
        99,
        108,
        97,
        115,
        115,
        61,
        34,
        105,
        116,
        101,
        109,
        45,
        108,
        101,
        102,
        116,
        32,
        114,
        101,
        100,
        45,
        100,
        101,
        116,
        97,
        105,
        108,
        34,
        62,
        45,
        45,
        62,
        10,
        32,
        32,
        32,
        32,
        32,
        32,
        32,
        32,
        32,
        32,
        32,
        32,
        32,
        32,
        32,
        32,
        32,
        32,
        32,
        32,
        32,
        32,
        32,
        32,
        32,
        32,
        32,
        32,
        32,
        32,
        32,
        32,
        60,
        33,
        45,
        45,
        60,
        112,
        32,
        99,
        108,
        97,
        115,
        115,
        61,
        34,
        114,
        101,
        100,
        45,
        110,
        97,
        109,
        101,
        34,
        62,
        230,
        150,
        176,
        230,
        137,
        139,
        231,
        186,
        162,
        229,
        140,
        133,
        60,
        47,
        112,
        62,
        45,
        45,
        62,
        10,
        32,
        32,
        32,
        32,
        32,
        32,
        32,
        32,
        32,
        32,
        32,
        32,
        32,
        32,
        32,
        32,
        32,
        32,
        32,
        32,
        32,
        32,
        32,
        32,
        32,
        32,
        32,
        32,
        32,
        32,
        32,
        32,
        60,
        33,
        45,
        45,
        60,
        112,
        32,
        99,
        108,
        97,
        115,
        115,
        61,
        34,
        101,
        120,
        112,
        105,
        114,
        97,
        116,
        105,
        111,
        110,
        45,
        100,
        97,
        116,
        101,
        34,
        62,
        230,
        156,
        137,
        230,
        149,
        136,
        230,
        151,
        165,
        230,
        156,
        159,
        239,
        188,
        154,
        50,
        48,
        49,
        55,
        46,
        48,
        51,
        46,
        48,
        57,
        232,
        135,
        179,
        50,
        48,
        49,
        55,
        46,
        48,
        52,
        46,
        48,
        57,
        60,
        47,
        112,
        62,
        45,
        45,
        62,
        10,
        32,
        32,
        32,
        32,
        32,
        32,
        32,
        32,
        32,
        32,
        32,
        32,
        32,
        32,
        32,
        32,
        32,
        32,
        32,
        32,
        32,
        32,
        32,
        32,
        32,
        32,
        32,
        32,
        32,
        32,
        32,
        32,
        60,
        33,
        45,
        45,
        60,
        112,
        32,
        99,
        108,
        97,
        115,
        115,
        61,
        34,
        101,
        120,
        112,
        105,
        114,
        97,
        116,
        105,
        111,
        110,
        45,
        100,
        97,
        116,
        101,
        34,
        62,
        228,
        189,
        191,
        231,
        148,
        168,
        229,
        185,
        179,
        229,
        143,
        176,
        239,
        188,
        154,
        65,
        80,
        80,
        227,
        128,
        129,
        87,
        69,
        66,
        65,
        80,
        80,
        60,
        47,
        112,
        62,
        45,
        45,
        62,
        10,
        32,
        32,
        32,
        32,
        32,
        32,
        32,
        32,
        32,
        32,
        32,
        32,
        32,
        32,
        32,
        32,
        32,
        32,
        32,
        32,
        32,
        32,
        32,
        32,
        32,
        32,
        32,
        32,
        60,
        33,
        45,
        45,
        60,
        47,
        100,
        105,
        118,
        62,
        45,
        45,
        62,
        10,
        32,
        32,
        32,
        32,
        32,
        32,
        32,
        32,
        32,
        32,
        32,
        32,
        32,
        32,
        32,
        32,
        32,
        32,
        32,
        32,
        32,
        32,
        32,
        32,
        32,
        32,
        32,
        32,
        60,
        33,
        45,
        45,
        60,
        100,
        105,
        118,
        32,
        99,
        108,
        97,
        115,
        115,
        61,
        34,
        105,
        116,
        101,
        109,
        45,
        114,
        105,
        103,
        104,
        116,
        32,
        114,
        101,
        100,
        45,
        97,
        109,
        111,
        117,
        110,
        116,
        34,
        62,
        45,
        45,
        62,
        10,
        32,
        32,
        32,
        32,
        32,
        32,
        32,
        32,
        32,
        32,
        32,
        32,
        32,
        32,
        32,
        32,
        32,
        32,
        32,
        32,
        32,
        32,
        32,
        32,
        32,
        32,
        32,
        32,
        32,
        32,
        32,
        32,
        60,
        33,
        45,
        45,
        60,
        112,
        32,
        99,
        108,
        97,
        115,
        115,
        61,
        34,
        114,
        101,
        100,
        45,
        112,
        97,
        99,
        107,
        101,
        116,
        34,
        62,
        53,
        229,
        133,
        131,
        60,
        47,
        112,
        62,
        45,
        45,
        62,
        10,
        32,
        32,
        32,
        32,
        32,
        32,
        32,
        32,
        32,
        32,
        32,
        32,
        32,
        32,
        32,
        32,
        32,
        32,
        32,
        32,
        32,
        32,
        32,
        32,
        32,
        32,
        32,
        32,
        32,
        32,
        32,
        32,
        60,
        33,
        45,
        45,
        60,
        112,
        32,
        99,
        108,
        97,
        115,
        115,
        61,
        34,
        114,
        101,
        100,
        117,
        99,
        116,
        105,
        111,
        110,
        45,
        114,
        97,
        110,
        103,
        101,
        34,
        62,
        230,
        187,
        161,
        53,
        48,
        48,
        228,
        189,
        191,
        231,
        148,
        168,
        60,
        47,
        112,
        62,
        45,
        45,
        62,
        10,
        32,
        32,
        32,
        32,
        32,
        32,
        32,
        32,
        32,
        32,
        32,
        32,
        32,
        32,
        32,
        32,
        32,
        32,
        32,
        32,
        32,
        32,
        32,
        32,
        32,
        32,
        32,
        32,
        60,
        33,
        45,
        45,
        60,
        47,
        100,
        105,
        118,
        62,
        45,
        45,
        62,
        10,
        32,
        32,
        32,
        32,
        32,
        32,
        32,
        32,
        32,
        32,
        32,
        32,
        32,
        32,
        32,
        32,
        32,
        32,
        32,
        32,
        32,
        32,
        32,
        32,
        60,
        33,
        45,
        45,
        60,
        47,
        100,
        105,
        118,
        62,
        45,
        45,
        62,
        10,
        32,
        32,
        32,
        32,
        32,
        32,
        32,
        32,
        32,
        32,
        32,
        32,
        32,
        32,
        32,
        32,
        32,
        32,
        32,
        32,
        32,
        32,
        32,
        32,
        60,
        33,
        45,
        45,
        60,
        112,
        32,
        99,
        108,
        97,
        115,
        115,
        61,
        34,
        114,
        101,
        100,
        45,
        114,
        97,
        110,
        103,
        101,
        34,
        62,
        233,
        128,
        130,
        231,
        148,
        168,
        232,
        140,
        131,
        229,
        155,
        180,
        239,
        188,
        154,
        230,
        149,
        163,
        230,
        160,
        135,
        227,
        128,
        129,
        230,
        150,
        176,
        229,
        133,
        131,
        229,
        174,
        157,
        227,
        128,
        129,
        230,
        173,
        165,
        230,
        173,
        165,
        233,
        171,
        152,
        229,
        141,
        135,
        227,
        128,
        129,
        230,
        156,
        136,
        230,
        156,
        136,
        230,
        180,
        190,
        60,
        47,
        112,
        62,
        45,
        45,
        62,
        10,
        32,
        32,
        32,
        32,
        32,
        32,
        32,
        32,
        32,
        32,
        32,
        32,
        32,
        32,
        32,
        32,
        32,
        32,
        32,
        32,
        32,
        32,
        32,
        32,
        60,
        33,
        45,
        45,
        60,
        100,
        105,
        118,
        32,
        99,
        108,
        97,
        115,
        115,
        61,
        34,
        114,
        105,
        103,
        104,
        116,
        45,
        98,
        103,
        32,
        111,
        118,
        101,
        114,
        100,
        117,
        101,
        45,
        105,
        99,
        111,
        110,
        34,
        62,
        60,
        47,
        100,
        105,
        118,
        62,
        45,
        45,
        62,
        10,
        32,
        32,
        32,
        32,
        32,
        32,
        32,
        32,
        32,
        32,
        32,
        32,
        32,
        32,
        32,
        32,
        32,
        32,
        32,
        32,
        60,
        33,
        45,
        45,
        60,
        47,
        108,
        105,
        62,
        45,
        45,
        62,
        10,
        32,
        32,
        32,
        32,
        32,
        32,
        32,
        32,
        32,
        32,
        32,
        32,
        32,
        32,
        32,
        32,
        60,
        33,
        45,
        45,
        60,
        47,
        117,
        108,
        62,
        45,
        45,
        62,
        10,
        32,
        32,
        32,
        32,
        32,
        32,
        32,
        32,
        32,
        32,
        32,
        32,
        60,
        47,
        100,
        105,
        118,
        62,
        10,
        32,
        32,
        32,
        32,
        32,
        32,
        32,
        32,
        60,
        47,
        100,
        105,
        118,
        62,
        10,
        10,
        32,
        32,
        32,
        32,
        60,
        47,
        100,
        105,
        118,
        62,
        10,
        60,
        47,
        100,
        105,
        118,
        62,
        10,
        10,
        60,
        47,
        98,
        111,
        100,
        121,
        62,
        10,
        60,
        47,
        104,
        116,
        109,
        108,
        62
      ]
    },
    "stat": {
      "dev": 16777220,
      "mode": 33188,
      "nlink": 1,
      "uid": 501,
      "gid": 20,
      "rdev": 0,
      "blksize": 4194304,
      "ino": 2088847,
      "size": 6564,
      "blocks": 16,
      "atime": "2018-04-17T07:59:11.782Z",
      "mtime": "2018-03-22T08:50:41.056Z",
      "ctime": "2018-03-22T08:50:41.056Z",
      "birthtime": "2018-03-22T08:50:41.056Z"
    },
    "history": [
      "/Users/jiangheng/Desktop/work-code/xxd-h5/src/mods/redpacket_list/index.html"
    ],
    "path": "/Users/jiangheng/Desktop/work-code/xxd-h5/src/mods/redpacket_list/index.html",
    "gulpCache$filePathChangedInsideTask": false,
    "gulpCache$fileBaseChangedInsideTask": false,
    "gulpCache$originalPath": "/Users/jiangheng/Desktop/work-code/xxd-h5/src/mods/redpacket_list/index.html",
    "gulpCache$originalBase": "/Users/jiangheng/Desktop/work-code/xxd-h5/src/mods/"
  }
]