[
  {
    "cwd": "/Users/jiangheng/Desktop/work-code/xxd-h5",
    "base": "/Users/jiangheng/Desktop/work-code/xxd-h5/src/mods/",
    "contents": {
      "type": "Buffer",
      "data": [
        137,
        80,
        78,
        71,
        13,
        10,
        26,
        10,
        0,
        0,
        0,
        13,
        73,
        72,
        68,
        82,
        0,
        0,
        0,
        40,
        0,
        0,
        0,
        40,
        8,
        6,
        0,
        0,
        0,
        140,
        254,
        184,
        109,
        0,
        0,
        4,
        219,
        73,
        68,
        65,
        84,
        120,
        218,
        236,
        152,
        95,
        104,
        28,
        69,
        28,
        199,
        111,
        102,
        247,
        118,
        247,
        254,
        95,
        147,
        171,
        109,
        99,
        52,
        77,
        2,
        66,
        171,
        32,
        162,
        205,
        131,
        160,
        125,
        241,
        193,
        20,
        5,
        35,
        130,
        193,
        23,
        161,
        180,
        62,
        182,
        80,
        5,
        53,
        210,
        10,
        166,
        246,
        177,
        15,
        162,
        232,
        139,
        143,
        49,
        15,
        254,
        233,
        67,
        85,
        138,
        62,
        84,
        252,
        215,
        128,
        72,
        43,
        136,
        150,
        212,
        86,
        164,
        177,
        77,
        155,
        92,
        114,
        119,
        185,
        187,
        189,
        189,
        221,
        157,
        241,
        59,
        151,
        169,
        44,
        215,
        219,
        187,
        221,
        187,
        136,
        165,
        116,
        97,
        216,
        127,
        51,
        59,
        159,
        249,
        254,
        126,
        191,
        153,
        223,
        44,
        225,
        156,
        71,
        110,
        229,
        131,
        70,
        110,
        241,
        227,
        14,
        96,
        175,
        135,
        218,
        252,
        224,
        129,
        67,
        23,
        255,
        119,
        168,
        95,
        143,
        143,
        250,
        3,
        134,
        56,
        136,
        167,
        80,
        163,
        178,
        57,
        174,
        216,
        198,
        102,
        220,
        194,
        42,
        220,
        172,
        37,
        150,
        151,
        220,
        168,
        233,
        224,
        157,
        136,
        66,
        150,
        202,
        143,
        182,
        140,
        198,
        181,
        254,
        139,
        225,
        20,
        12,
        8,
        70,
        53,
        51,
        107,
        104,
        230,
        166,
        61,
        36,
        66,
        38,
        34,
        156,
        60,
        138,
        103,
        67,
        222,
        74,
        241,
        210,
        128,
        5,
        182,
        95,
        56,
        225,
        95,
        115,
        234,
        204,
        0,
        228,
        130,
        4,
        101,
        61,
        153,
        184,
        147,
        98,
        138,
        29,
        211,
        98,
        107,
        91,
        247,
        19,
        78,
        95,
        197,
        253,
        221,
        109,
        234,
        235,
        168,
        62,
        70,
        56,
        138,
        171,
        77,
        165,
        86,
        70,
        78,
        48,
        106,
        79,
        1,
        84,
        72,
        230,
        250,
        41,
        218,
        109,
        144,
        8,
        56,
        37,
        81,
        28,
        28,
        141,
        151,
        182,
        125,
        7,
        184,
        119,
        58,
        192,
        221,
        220,
        158,
        147,
        103,
        169,
        171,
        157,
        75,
        174,
        12,
        239,
        19,
        194,
        0,
        148,
        110,
        20,
        224,
        58,
        92,
        225,
        222,
        49,
        234,
        232,
        115,
        184,
        125,
        164,
        7,
        191,
        53,
        48,
        184,
        247,
        1,
        121,
        44,
        40,
        164,
        26,
        80,
        185,
        251,
        169,
        27,
        61,
        137,
        235,
        62,
        191,
        138,
        240,
        179,
        115,
        140,
        58,
        103,
        57,
        97,
        37,
        64,
        100,
        41,
        139,
        142,
        17,
        166,
        236,
        104,
        249,
        81,
        78,
        95,
        1,
        100,
        190,
        220,
        247,
        231,
        113,
        220,
        138,
        64,
        98,
        221,
        2,
        138,
        96,
        72,
        81,
        71,
        155,
        245,
        135,
        227,
        165,
        186,
        81,
        60,
        108,
        37,
        242,
        103,
        80,
        143,
        40,
        78,
        44,
        227,
        104,
        229,
        101,
        78,
        93,
        213,
        40,
        111,
        217,
        19,
        181,
        146,
        135,
        197,
        32,
        91,
        64,
        78,
        39,
        10,
        247,
        124,
        95,
        201,
        94,
        158,
        147,
        145,
        206,
        195,
        2,
        54,
        212,
        67,
        164,
        30,
        194,
        229,
        14,
        191,
        74,
        182,
        94,
        126,
        179,
        30,
        95,
        61,
        157,
        92,
        221,
        126,
        4,
        138,
        77,
        52,
        96,
        42,
        185,
        146,
        171,
        90,
        71,
        171,
        153,
        133,
        79,
        192,
        57,
        160,
        56,
        198,
        75,
        173,
        250,
        134,
        85,
        132,
        130,
        187,
        165,
        130,
        60,
        172,
        15,
        82,
        189,
        218,
        223,
        135,
        145,
        30,
        244,
        53,
        43,
        97,
        191,
        213,
        146,
        215,
        191,
        138,
        23,
        7,
        39,
        1,
        247,
        156,
        71,
        169,
        180,
        226,
        232,
        199,
        160,
        126,
        188,
        30,
        43,
        206,
        180,
        209,
        96,
        23,
        84,
        220,
        45,
        219,
        145,
        48,
        128,
        13,
        245,
        96,
        158,
        231,
        113,
        78,
        249,
        251,
        157,
        251,
        51,
        78,
        22,
        224,
        198,
        91,
        41,
        164,
        214,
        19,
        59,
        97,
        238,
        43,
        184,
        174,
        249,
        34,
        50,
        117,
        178,
        91,
        64,
        21,
        4,
        227,
        237,
        93,
        148,
        215,
        160,
        176,
        142,
        185,
        110,
        184,
        213,
        91,
        166,
        214,
        255,
        198,
        234,
        162,
        173,
        207,
        137,
        62,
        29,
        113,
        242,
        152,
        116,
        181,
        80,
        128,
        226,
        185,
        138,
        198,
        15,
        182,
        141,
        32,
        87,
        123,
        49,
        177,
        58,
        116,
        2,
        223,
        206,
        182,
        136,
        234,
        207,
        107,
        137,
        165,
        63,
        140,
        106,
        238,
        73,
        191,
        206,
        37,
        226,
        48,
        124,
        81,
        239,
        70,
        65,
        188,
        35,
        91,
        58,
        68,
        185,
        6,
        5,
        239,
        107,
        97,
        250,
        31,
        171,
        233,
        43,
        83,
        122,
        37,
        55,
        132,
        200,
        126,
        189,
        211,
        84,
        22,
        181,
        82,
        89,
        63,
        22,
        234,
        175,
        78,
        52,
        218,
        126,
        228,
        190,
        243,
        225,
        28,
        162,
        247,
        0,
        162,
        127,
        187,
        86,
        203,
        124,
        138,
        79,
        228,
        58,
        182,
        33,
        44,
        244,
        68,
        13,
        191,
        183,
        93,
        156,
        235,
        66,
        165,
        192,
        112,
        132,
        45,
        86,
        83,
        139,
        47,
        3,
        110,
        27,
        84,
        249,
        8,
        143,
        146,
        1,
        154,
        89,
        182,
        190,
        182,
        22,
        118,
        169,
        227,
        210,
        131,
        255,
        10,
        163,
        30,
        6,
        245,
        49,
        83,
        173,
        37,
        213,
        74,
        30,
        9,
        8,
        39,
        6,
        53,
        15,
        151,
        112,
        194,
        206,
        131,
        141,
        28,
        142,
        19,
        247,
        167,
        144,
        230,
        157,
        199,
        180,
        161,
        192,
        47,
        31,
        14,
        222,
        198,
        253,
        86,
        100,
        55,
        221,
        0,
        58,
        174,
        90,
        63,
        25,
        6,
        16,
        169,
        216,
        1,
        76,
        188,
        179,
        33,
        178,
        36,
        238,
        104,
        149,
        89,
        185,
        30,
        135,
        7,
        52,
        83,
        87,
        191,
        129,
        9,
        126,
        15,
        156,
        83,
        113,
        58,
        130,
        178,
        51,
        132,
        226,
        95,
        88,
        241,
        252,
        5,
        169,
        32,
        11,
        11,
        40,
        26,
        213,
        220,
        104,
        117,
        218,
        111,
        116,
        77,
        71,
        13,
        243,
        222,
        11,
        88,
        252,
        199,
        49,
        168,
        0,
        27,
        27,
        94,
        172,
        199,
        10,
        71,
        229,
        42,
        211,
        149,
        130,
        2,
        208,
        50,
        83,
        215,
        78,
        51,
        165,
        254,
        97,
        0,
        249,
        202,
        142,
        94,
        190,
        132,
        186,
        43,
        152,
        3,
        22,
        58,
        197,
        147,
        163,
        85,
        95,
        67,
        22,
        116,
        73,
        206,
        20,
        93,
        165,
        91,
        2,
        210,
        70,
        169,
        84,
        50,
        11,
        111,
        195,
        183,
        182,
        34,
        199,
        123,
        170,
        77,
        56,
        230,
        176,
        170,
        188,
        7,
        208,
        21,
        204,
        81,
        143,
        119,
        8,
        140,
        179,
        102,
        106,
        241,
        75,
        92,
        154,
        178,
        143,
        174,
        1,
        69,
        67,
        11,
        157,
        22,
        96,
        186,
        131,
        137,
        210,
        224,
        53,
        172,
        12,
        123,
        253,
        38,
        112,
        248,
        223,
        88,
        16,
        103,
        32,
        140,
        142,
        72,
        211,
        182,
        133,
        11,
        146,
        242,
        51,
        233,
        31,
        166,
        80,
        166,
        146,
        185,
        60,
        109,
        27,
        197,
        189,
        240,
        177,
        243,
        189,
        237,
        124,
        201,
        38,
        163,
        124,
        215,
        64,
        187,
        68,
        53,
        204,
        174,
        142,
        201,
        145,
        54,
        252,
        18,
        251,
        221,
        83,
        145,
        196,
        242,
        25,
        116,
        240,
        4,
        18,
        209,
        9,
        36,
        164,
        187,
        208,
        97,
        186,
        85,
        59,
        17,
        44,
        152,
        184,
        127,
        128,
        77,
        147,
        138,
        163,
        61,
        141,
        122,
        255,
        102,
        53,
        104,
        43,
        246,
        54,
        231,
        165,
        53,
        120,
        175,
        219,
        78,
        230,
        217,
        59,
        56,
        141,
        136,
        77,
        94,
        255,
        12,
        231,
        83,
        98,
        11,
        28,
        173,
        165,
        135,
        21,
        87,
        31,
        132,
        233,
        210,
        216,
        7,
        187,
        240,
        177,
        37,
        91,
        43,
        207,
        3,
        174,
        32,
        131,
        141,
        170,
        245,
        248,
        7,
        186,
        217,
        191,
        15,
        46,
        242,
        140,
        220,
        60,
        61,
        132,
        243,
        204,
        70,
        1,
        70,
        60,
        105,
        249,
        13,
        72,
        108,
        204,
        35,
        101,
        148,
        168,
        109,
        148,
        22,
        237,
        245,
        164,
        147,
        122,
        234,
        184,
        158,
        65,
        129,
        171,
        154,
        71,
        121,
        3,
        73,
        236,
        187,
        122,
        165,
        127,
        146,
        112,
        117,
        36,
        72,
        50,
        18,
        246,
        207,
        2,
        247,
        20,
        87,
        154,
        190,
        38,
        193,
        136,
        167,
        67,
        238,
        25,
        16,
        151,
        207,
        69,
        61,
        19,
        43,
        71,
        17,
        229,
        45,
        100,
        235,
        84,
        126,
        99,
        195,
        127,
        125,
        120,
        65,
        153,
        39,
        127,
        140,
        52,
        153,
        171,
        217,
        108,
        55,
        20,
        21,
        243,
        30,
        193,
        102,
        139,
        183,
        91,
        131,
        55,
        226,
        231,
        209,
        205,
        217,
        79,
        251,
        206,
        152,
        199,
        244,
        164,
        105,
        160,
        255,
        57,
        96,
        55,
        234,
        223,
        30,
        63,
        48,
        201,
        157,
        159,
        232,
        183,
        59,
        224,
        63,
        2,
        12,
        0,
        243,
        110,
        21,
        52,
        117,
        44,
        70,
        220,
        0,
        0,
        0,
        0,
        73,
        69,
        78,
        68,
        174,
        66,
        96,
        130
      ]
    },
    "stat": {
      "dev": 16777220,
      "mode": 33188,
      "nlink": 1,
      "uid": 501,
      "gid": 20,
      "rdev": 0,
      "blksize": 4194304,
      "ino": 2088702,
      "size": 2152,
      "blocks": 8,
      "atime": "2018-04-17T07:59:11.791Z",
      "mtime": "2018-03-22T08:50:41.021Z",
      "ctime": "2018-03-22T08:50:41.021Z",
      "birthtime": "2018-03-22T08:50:41.021Z"
    },
    "history": [
      "/Users/jiangheng/Desktop/work-code/xxd-h5/src/mods/mypurse/imgs/helpcenter@2x.png"
    ],
    "path": "/Users/jiangheng/Desktop/work-code/xxd-h5/src/mods/mypurse/imgs/helpcenter@2x.png",
    "gulpCache$filePathChangedInsideTask": false,
    "gulpCache$fileBaseChangedInsideTask": false,
    "gulpCache$originalPath": "/Users/jiangheng/Desktop/work-code/xxd-h5/src/mods/mypurse/imgs/helpcenter@2x.png",
    "gulpCache$originalBase": "/Users/jiangheng/Desktop/work-code/xxd-h5/src/mods/"
  }
]