[
  {
    "cwd": "/Users/jiangheng/Desktop/work-code/xxd-h5",
    "base": "/Users/jiangheng/Desktop/work-code/xxd-h5/src/mods/",
    "contents": {
      "type": "Buffer",
      "data": [
        60,
        33,
        68,
        79,
        67,
        84,
        89,
        80,
        69,
        32,
        104,
        116,
        109,
        108,
        62,
        10,
        60,
        104,
        116,
        109,
        108,
        32,
        108,
        97,
        110,
        103,
        61,
        34,
        101,
        110,
        34,
        62,
        10,
        60,
        104,
        101,
        97,
        100,
        62,
        10,
        32,
        32,
        32,
        32,
        60,
        109,
        101,
        116,
        97,
        32,
        99,
        104,
        97,
        114,
        115,
        101,
        116,
        61,
        34,
        85,
        84,
        70,
        45,
        56,
        34,
        62,
        10,
        32,
        32,
        32,
        32,
        60,
        109,
        101,
        116,
        97,
        32,
        99,
        111,
        110,
        116,
        101,
        110,
        116,
        61,
        34,
        119,
        105,
        100,
        116,
        104,
        61,
        100,
        101,
        118,
        105,
        99,
        101,
        45,
        119,
        105,
        100,
        116,
        104,
        44,
        32,
        105,
        110,
        105,
        116,
        105,
        97,
        108,
        45,
        115,
        99,
        97,
        108,
        101,
        61,
        49,
        46,
        48,
        44,
        32,
        109,
        97,
        120,
        105,
        109,
        117,
        109,
        45,
        115,
        99,
        97,
        108,
        101,
        61,
        49,
        46,
        48,
        44,
        32,
        117,
        115,
        101,
        114,
        45,
        115,
        99,
        97,
        108,
        97,
        98,
        108,
        101,
        61,
        48,
        59,
        34,
        32,
        110,
        97,
        109,
        101,
        61,
        34,
        118,
        105,
        101,
        119,
        112,
        111,
        114,
        116,
        34,
        47,
        62,
        10,
        32,
        32,
        32,
        32,
        60,
        116,
        105,
        116,
        108,
        101,
        62,
        230,
        150,
        176,
        230,
        150,
        176,
        232,
        180,
        183,
        45,
        229,
        188,
        128,
        230,
        136,
        183,
        231,
        187,
        147,
        230,
        158,
        156,
        60,
        47,
        116,
        105,
        116,
        108,
        101,
        62,
        10,
        32,
        32,
        32,
        32,
        60,
        108,
        105,
        110,
        107,
        32,
        114,
        101,
        108,
        61,
        34,
        115,
        116,
        121,
        108,
        101,
        115,
        104,
        101,
        101,
        116,
        34,
        32,
        104,
        114,
        101,
        102,
        61,
        34,
        46,
        46,
        47,
        99,
        115,
        115,
        47,
        98,
        97,
        115,
        101,
        46,
        99,
        115,
        115,
        34,
        62,
        10,
        32,
        32,
        32,
        32,
        60,
        108,
        105,
        110,
        107,
        32,
        114,
        101,
        108,
        61,
        34,
        115,
        116,
        121,
        108,
        101,
        115,
        104,
        101,
        101,
        116,
        34,
        32,
        104,
        114,
        101,
        102,
        61,
        34,
        105,
        110,
        100,
        101,
        120,
        46,
        99,
        115,
        115,
        34,
        62,
        10,
        32,
        32,
        32,
        32,
        60,
        115,
        99,
        114,
        105,
        112,
        116,
        32,
        115,
        114,
        99,
        61,
        34,
        46,
        46,
        47,
        98,
        97,
        115,
        101,
        46,
        106,
        115,
        34,
        62,
        60,
        47,
        115,
        99,
        114,
        105,
        112,
        116,
        62,
        10,
        60,
        47,
        104,
        101,
        97,
        100,
        62,
        10,
        60,
        98,
        111,
        100,
        121,
        62,
        10,
        60,
        100,
        105,
        118,
        32,
        99,
        108,
        97,
        115,
        115,
        61,
        34,
        111,
        112,
        101,
        110,
        45,
        97,
        99,
        99,
        111,
        117,
        110,
        116,
        45,
        98,
        111,
        120,
        32,
        111,
        112,
        101,
        110,
        97,
        99,
        99,
        111,
        117,
        110,
        116,
        45,
        114,
        101,
        115,
        117,
        108,
        116,
        45,
        99,
        111,
        110,
        116,
        97,
        105,
        110,
        101,
        114,
        34,
        62,
        10,
        10,
        32,
        32,
        32,
        32,
        60,
        100,
        105,
        118,
        32,
        99,
        108,
        97,
        115,
        115,
        61,
        34,
        111,
        112,
        101,
        110,
        97,
        99,
        99,
        111,
        117,
        110,
        116,
        45,
        114,
        101,
        115,
        117,
        108,
        116,
        45,
        116,
        111,
        112,
        32,
        115,
        117,
        99,
        99,
        101,
        115,
        115,
        45,
        98,
        103,
        34,
        62,
        10,
        32,
        32,
        32,
        32,
        32,
        32,
        32,
        32,
        60,
        33,
        45,
        45,
        230,
        136,
        144,
        229,
        138,
        159,
        231,
        138,
        182,
        230,
        128,
        129,
        231,
        154,
        132,
        231,
        177,
        187,
        229,
        144,
        141,
        239,
        188,
        154,
        115,
        117,
        99,
        99,
        101,
        115,
        115,
        45,
        98,
        103,
        32,
        32,
        229,
        164,
        177,
        232,
        180,
        165,
        231,
        138,
        182,
        230,
        128,
        129,
        231,
        154,
        132,
        231,
        177,
        187,
        229,
        144,
        141,
        239,
        188,
        154,
        102,
        97,
        105,
        108,
        45,
        98,
        103,
        45,
        45,
        62,
        10,
        32,
        32,
        32,
        32,
        32,
        32,
        32,
        32,
        60,
        100,
        105,
        118,
        32,
        99,
        108,
        97,
        115,
        115,
        61,
        34,
        109,
        97,
        110,
        97,
        103,
        101,
        45,
        111,
        114,
        103,
        97,
        110,
        105,
        122,
        97,
        116,
        105,
        111,
        110,
        34,
        62,
        10,
        32,
        32,
        32,
        32,
        32,
        32,
        32,
        32,
        32,
        32,
        32,
        32,
        60,
        112,
        62,
        232,
        181,
        132,
        233,
        135,
        145,
        229,
        173,
        152,
        231,
        174,
        161,
        230,
        156,
        186,
        230,
        158,
        132,
        60,
        47,
        112,
        62,
        10,
        32,
        32,
        32,
        32,
        32,
        32,
        32,
        32,
        32,
        32,
        32,
        32,
        60,
        112,
        62,
        229,
        141,
        142,
        231,
        145,
        158,
        233,
        147,
        182,
        232,
        161,
        140,
        232,
        130,
        161,
        228,
        187,
        189,
        230,
        156,
        137,
        233,
        153,
        144,
        229,
        133,
        172,
        229,
        143,
        184,
        239,
        188,
        136,
        231,
        174,
        128,
        231,
        167,
        176,
        239,
        188,
        154,
        229,
        141,
        142,
        231,
        145,
        158,
        233,
        147,
        182,
        232,
        161,
        140,
        239,
        188,
        137,
        60,
        47,
        112,
        62,
        10,
        32,
        32,
        32,
        32,
        32,
        32,
        32,
        32,
        60,
        47,
        100,
        105,
        118,
        62,
        10,
        32,
        32,
        32,
        32,
        32,
        32,
        32,
        32,
        60,
        100,
        105,
        118,
        32,
        99,
        108,
        97,
        115,
        115,
        61,
        34,
        99,
        105,
        114,
        99,
        108,
        101,
        45,
        98,
        111,
        120,
        34,
        62,
        10,
        32,
        32,
        32,
        32,
        32,
        32,
        32,
        32,
        32,
        32,
        32,
        32,
        60,
        115,
        112,
        97,
        110,
        32,
        99,
        108,
        97,
        115,
        115,
        61,
        34,
        114,
        101,
        115,
        117,
        108,
        116,
        45,
        116,
        120,
        116,
        34,
        62,
        229,
        188,
        128,
        230,
        136,
        183,
        230,
        136,
        144,
        229,
        138,
        159,
        60,
        47,
        115,
        112,
        97,
        110,
        62,
        10,
        32,
        32,
        32,
        32,
        32,
        32,
        32,
        32,
        32,
        32,
        32,
        32,
        60,
        33,
        45,
        45,
        230,
        136,
        144,
        229,
        138,
        159,
        230,
        136,
        150,
        229,
        164,
        177,
        232,
        180,
        165,
        230,
        150,
        135,
        230,
        161,
        136,
        239,
        188,
        154,
        229,
        188,
        128,
        230,
        136,
        183,
        230,
        136,
        144,
        229,
        138,
        159,
        239,
        188,
        143,
        229,
        188,
        128,
        230,
        136,
        183,
        229,
        164,
        177,
        232,
        180,
        165,
        45,
        45,
        62,
        10,
        32,
        32,
        32,
        32,
        32,
        32,
        32,
        32,
        60,
        47,
        100,
        105,
        118,
        62,
        10,
        10,
        32,
        32,
        32,
        32,
        32,
        32,
        32,
        32,
        60,
        100,
        105,
        118,
        32,
        99,
        108,
        97,
        115,
        115,
        61,
        34,
        119,
        97,
        118,
        101,
        45,
        98,
        103,
        34,
        62,
        60,
        47,
        100,
        105,
        118,
        62,
        10,
        32,
        32,
        32,
        32,
        60,
        47,
        100,
        105,
        118,
        62,
        10,
        10,
        32,
        32,
        32,
        32,
        60,
        33,
        45,
        45,
        230,
        136,
        144,
        229,
        138,
        159,
        230,
        136,
        150,
        229,
        164,
        177,
        232,
        180,
        165,
        230,
        150,
        135,
        230,
        161,
        136,
        239,
        188,
        154,
        229,
        173,
        152,
        231,
        174,
        161,
        232,
        180,
        166,
        230,
        136,
        183,
        229,
        188,
        128,
        233,
        128,
        154,
        230,
        136,
        144,
        229,
        138,
        159,
        239,
        188,
        129,
        239,
        188,
        143,
        229,
        173,
        152,
        231,
        174,
        161,
        232,
        180,
        166,
        230,
        136,
        183,
        229,
        188,
        128,
        233,
        128,
        154,
        229,
        164,
        177,
        232,
        180,
        165,
        239,
        188,
        129,
        45,
        45,
        62,
        10,
        32,
        32,
        32,
        32,
        60,
        33,
        45,
        45,
        230,
        136,
        144,
        229,
        138,
        159,
        231,
        138,
        182,
        230,
        128,
        129,
        231,
        154,
        132,
        231,
        177,
        187,
        229,
        144,
        141,
        239,
        188,
        154,
        115,
        117,
        99,
        99,
        101,
        115,
        115,
        45,
        116,
        120,
        116,
        32,
        32,
        229,
        164,
        177,
        232,
        180,
        165,
        231,
        138,
        182,
        230,
        128,
        129,
        231,
        154,
        132,
        231,
        177,
        187,
        229,
        144,
        141,
        239,
        188,
        154,
        102,
        97,
        105,
        108,
        45,
        116,
        120,
        116,
        45,
        45,
        62,
        10,
        32,
        32,
        32,
        32,
        60,
        112,
        32,
        99,
        108,
        97,
        115,
        115,
        61,
        34,
        111,
        112,
        101,
        110,
        97,
        99,
        99,
        111,
        117,
        110,
        116,
        45,
        114,
        101,
        115,
        117,
        108,
        116,
        45,
        116,
        120,
        116,
        32,
        115,
        117,
        99,
        99,
        101,
        115,
        115,
        45,
        116,
        120,
        116,
        34,
        62,
        229,
        173,
        152,
        231,
        174,
        161,
        232,
        180,
        166,
        230,
        136,
        183,
        229,
        188,
        128,
        233,
        128,
        154,
        230,
        136,
        144,
        229,
        138,
        159,
        33,
        60,
        47,
        112,
        62,
        10,
        10,
        32,
        32,
        32,
        32,
        60,
        33,
        45,
        45,
        229,
        164,
        177,
        232,
        180,
        165,
        230,
        143,
        144,
        231,
        164,
        186,
        32,
        233,
        187,
        152,
        232,
        174,
        164,
        233,
        154,
        144,
        232,
        151,
        143,
        239,
        188,
        140,
        230,
        183,
        187,
        229,
        138,
        160,
        231,
        177,
        187,
        229,
        144,
        141,
        98,
        108,
        111,
        99,
        107,
        230,
        152,
        190,
        231,
        164,
        186,
        45,
        45,
        62,
        10,
        32,
        32,
        32,
        32,
        60,
        100,
        105,
        118,
        32,
        99,
        108,
        97,
        115,
        115,
        61,
        34,
        102,
        97,
        105,
        108,
        45,
        116,
        105,
        112,
        115,
        34,
        62,
        10,
        32,
        32,
        32,
        32,
        32,
        32,
        32,
        32,
        231,
        179,
        187,
        231,
        187,
        159,
        231,
        187,
        180,
        230,
        138,
        164,
        239,
        188,
        140,
        232,
        175,
        183,
        231,
        168,
        141,
        229,
        144,
        142,
        229,
        134,
        141,
        232,
        175,
        149,
        33,
        10,
        32,
        32,
        32,
        32,
        60,
        47,
        100,
        105,
        118,
        62,
        10,
        10,
        32,
        32,
        32,
        32,
        60,
        33,
        45,
        45,
        231,
        177,
        187,
        229,
        144,
        141,
        100,
        105,
        118,
        45,
        98,
        116,
        110,
        32,
        100,
        105,
        115,
        112,
        108,
        97,
        121,
        228,
        184,
        186,
        110,
        111,
        110,
        101,
        239,
        188,
        140,
        230,
        183,
        187,
        229,
        138,
        160,
        98,
        108,
        111,
        99,
        107,
        231,
        177,
        187,
        229,
        144,
        141,
        228,
        185,
        139,
        229,
        144,
        142,
        228,
        184,
        186,
        98,
        108,
        111,
        99,
        107,
        45,
        45,
        62,
        10,
        32,
        32,
        32,
        32,
        60,
        33,
        45,
        45,
        230,
        136,
        144,
        229,
        138,
        159,
        231,
        154,
        132,
        230,
        140,
        137,
        233,
        146,
        174,
        45,
        45,
        62,
        10,
        32,
        32,
        32,
        32,
        60,
        100,
        105,
        118,
        32,
        99,
        108,
        97,
        115,
        115,
        61,
        34,
        100,
        105,
        118,
        45,
        98,
        116,
        110,
        32,
        115,
        117,
        99,
        99,
        101,
        115,
        115,
        45,
        98,
        116,
        110,
        32,
        98,
        108,
        111,
        99,
        107,
        34,
        62,
        10,
        32,
        32,
        32,
        32,
        32,
        32,
        32,
        32,
        60,
        98,
        117,
        116,
        116,
        111,
        110,
        32,
        99,
        108,
        97,
        115,
        115,
        61,
        34,
        120,
        120,
        100,
        45,
        120,
        108,
        45,
        98,
        116,
        110,
        34,
        62,
        231,
        171,
        139,
        229,
        141,
        179,
        232,
        175,
        132,
        230,
        181,
        139,
        60,
        47,
        98,
        117,
        116,
        116,
        111,
        110,
        62,
        10,
        32,
        32,
        32,
        32,
        60,
        47,
        100,
        105,
        118,
        62,
        10,
        10,
        32,
        32,
        32,
        32,
        60,
        33,
        45,
        45,
        229,
        164,
        177,
        232,
        180,
        165,
        231,
        154,
        132,
        230,
        140,
        137,
        233,
        146,
        174,
        45,
        45,
        62,
        10,
        32,
        32,
        32,
        32,
        60,
        100,
        105,
        118,
        32,
        99,
        108,
        97,
        115,
        115,
        61,
        34,
        100,
        105,
        118,
        45,
        98,
        116,
        110,
        32,
        102,
        97,
        105,
        108,
        45,
        98,
        116,
        110,
        34,
        62,
        10,
        32,
        32,
        32,
        32,
        32,
        32,
        32,
        32,
        60,
        98,
        117,
        116,
        116,
        111,
        110,
        32,
        99,
        108,
        97,
        115,
        115,
        61,
        34,
        120,
        120,
        100,
        45,
        120,
        108,
        45,
        98,
        116,
        110,
        34,
        62,
        233,
        135,
        141,
        230,
        150,
        176,
        229,
        188,
        128,
        230,
        136,
        183,
        60,
        47,
        98,
        117,
        116,
        116,
        111,
        110,
        62,
        10,
        32,
        32,
        32,
        32,
        60,
        47,
        100,
        105,
        118,
        62,
        10,
        10,
        60,
        47,
        100,
        105,
        118,
        62,
        10,
        60,
        47,
        98,
        111,
        100,
        121,
        62,
        10,
        60,
        47,
        104,
        116,
        109,
        108,
        62
      ]
    },
    "stat": {
      "dev": 16777220,
      "mode": 33188,
      "nlink": 1,
      "uid": 501,
      "gid": 20,
      "rdev": 0,
      "blksize": 4194304,
      "ino": 2088743,
      "size": 1730,
      "blocks": 8,
      "atime": "2018-04-17T07:59:11.781Z",
      "mtime": "2018-03-22T08:50:41.032Z",
      "ctime": "2018-03-22T08:50:41.032Z",
      "birthtime": "2018-03-22T08:50:41.032Z"
    },
    "history": [
      "/Users/jiangheng/Desktop/work-code/xxd-h5/src/mods/openaccount/openaccount_result.html"
    ],
    "path": "/Users/jiangheng/Desktop/work-code/xxd-h5/src/mods/openaccount/openaccount_result.html",
    "gulpCache$filePathChangedInsideTask": false,
    "gulpCache$fileBaseChangedInsideTask": false,
    "gulpCache$originalPath": "/Users/jiangheng/Desktop/work-code/xxd-h5/src/mods/openaccount/openaccount_result.html",
    "gulpCache$originalBase": "/Users/jiangheng/Desktop/work-code/xxd-h5/src/mods/"
  }
]