[
  {
    "cwd": "/Users/jiangheng/Desktop/work-code/xxd-h5",
    "base": "/Users/jiangheng/Desktop/work-code/xxd-h5/src/mods/",
    "contents": {
      "type": "Buffer",
      "data": [
        137,
        80,
        78,
        71,
        13,
        10,
        26,
        10,
        0,
        0,
        0,
        13,
        73,
        72,
        68,
        82,
        0,
        0,
        0,
        39,
        0,
        0,
        0,
        38,
        8,
        6,
        0,
        0,
        0,
        71,
        255,
        130,
        144,
        0,
        0,
        2,
        230,
        73,
        68,
        65,
        84,
        88,
        133,
        213,
        216,
        95,
        136,
        84,
        101,
        24,
        199,
        241,
        207,
        44,
        39,
        173,
        41,
        182,
        36,
        205,
        210,
        254,
        221,
        24,
        40,
        129,
        144,
        8,
        5,
        6,
        197,
        78,
        96,
        22,
        88,
        132,
        17,
        221,
        4,
        130,
        228,
        133,
        23,
        94,
        13,
        94,
        73,
        94,
        238,
        220,
        232,
        133,
        22,
        221,
        164,
        134,
        218,
        18,
        5,
        37,
        253,
        1,
        27,
        92,
        33,
        165,
        139,
        8,
        130,
        64,
        89,
        145,
        8,
        37,
        148,
        110,
        164,
        197,
        29,
        255,
        100,
        217,
        197,
        251,
        78,
        158,
        61,
        158,
        115,
        102,
        28,
        119,
        119,
        166,
        47,
        60,
        156,
        247,
        188,
        239,
        60,
        239,
        252,
        230,
        157,
        243,
        190,
        207,
        243,
        156,
        202,
        200,
        232,
        212,
        48,
        118,
        99,
        3,
        238,
        214,
        127,
        126,
        198,
        150,
        102,
        189,
        122,
        162,
        50,
        50,
        58,
        117,
        16,
        111,
        247,
        91,
        81,
        134,
        73,
        60,
        149,
        224,
        205,
        84,
        231,
        159,
        125,
        18,
        211,
        166,
        138,
        187,
        48,
        140,
        181,
        9,
        146,
        212,
        224,
        3,
        115,
        173,
        166,
        89,
        175,
        254,
        215,
        174,
        53,
        90,
        251,
        240,
        78,
        188,
        93,
        48,
        212,
        195,
        124,
        15,
        161,
        134,
        202,
        29,
        43,
        235,
        64,
        47,
        226,
        190,
        192,
        119,
        120,
        107,
        134,
        181,
        220,
        66,
        47,
        226,
        150,
        196,
        235,
        226,
        153,
        20,
        146,
        71,
        47,
        226,
        230,
        140,
        255,
        181,
        184,
        165,
        184,
        128,
        27,
        41,
        123,
        34,
        142,
        237,
        204,
        244,
        127,
        144,
        241,
        93,
        135,
        203,
        153,
        207,
        100,
        109,
        162,
        214,
        104,
        221,
        83,
        38,
        238,
        124,
        108,
        159,
        206,
        25,
        191,
        31,
        139,
        58,
        252,
        128,
        54,
        203,
        50,
        247,
        15,
        235,
        28,
        113,
        150,
        96,
        94,
        209,
        96,
        130,
        23,
        241,
        50,
        190,
        204,
        25,
        63,
        25,
        191,
        244,
        241,
        84,
        223,
        152,
        176,
        25,
        246,
        224,
        179,
        216,
        119,
        93,
        8,
        59,
        105,
        62,
        194,
        15,
        152,
        95,
        34,
        238,
        124,
        179,
        94,
        45,
        60,
        248,
        19,
        76,
        68,
        43,
        226,
        215,
        104,
        109,
        174,
        196,
        235,
        25,
        28,
        43,
        241,
        131,
        83,
        29,
        198,
        75,
        25,
        248,
        13,
        241,
        60,
        118,
        97,
        117,
        151,
        62,
        151,
        226,
        245,
        242,
        172,
        40,
        74,
        145,
        224,
        176,
        16,
        83,
        223,
        192,
        99,
        93,
        248,
        188,
        139,
        17,
        28,
        154,
        69,
        93,
        8,
        226,
        218,
        193,
        254,
        209,
        46,
        125,
        78,
        68,
        155,
        117,
        6,
        254,
        153,
        155,
        140,
        237,
        11,
        253,
        20,
        146,
        71,
        130,
        215,
        132,
        132,
        243,
        64,
        159,
        181,
        220,
        66,
        130,
        241,
        104,
        3,
        71,
        59,
        11,
        174,
        8,
        177,
        110,
        166,
        153,
        143,
        194,
        216,
        41,
        148,
        5,
        133,
        223,
        59,
        132,
        15,
        113,
        77,
        8,
        228,
        121,
        227,
        159,
        226,
        91,
        211,
        99,
        108,
        5,
        59,
        240,
        19,
        150,
        23,
        204,
        253,
        170,
        112,
        38,
        94,
        44,
        177,
        51,
        181,
        70,
        171,
        90,
        224,
        111,
        8,
        155,
        132,
        21,
        220,
        146,
        51,
        94,
        197,
        122,
        172,
        197,
        209,
        40,
        176,
        130,
        247,
        177,
        29,
        207,
        96,
        85,
        193,
        220,
        15,
        154,
        94,
        159,
        228,
        177,
        80,
        40,
        104,
        114,
        73,
        220,
        172,
        5,
        242,
        38,
        186,
        36,
        20,
        28,
        31,
        227,
        105,
        33,
        150,
        254,
        232,
        102,
        17,
        114,
        8,
        159,
        20,
        204,
        189,
        95,
        8,
        252,
        133,
        43,
        131,
        223,
        59,
        5,
        254,
        78,
        140,
        161,
        37,
        100,
        32,
        43,
        162,
        137,
        130,
        55,
        226,
        239,
        18,
        223,
        188,
        52,
        172,
        107,
        186,
        61,
        132,
        191,
        198,
        241,
        212,
        253,
        20,
        222,
        83,
        46,
        236,
        142,
        233,
        102,
        229,
        230,
        97,
        175,
        144,
        247,
        193,
        63,
        184,
        23,
        223,
        227,
        5,
        33,
        117,
        202,
        163,
        130,
        103,
        149,
        231,
        115,
        103,
        77,
        79,
        199,
        110,
        91,
        220,
        24,
        94,
        143,
        237,
        81,
        28,
        193,
        87,
        66,
        10,
        127,
        12,
        207,
        225,
        92,
        142,
        223,
        102,
        97,
        227,
        148,
        113,
        181,
        214,
        104,
        61,
        210,
        172,
        87,
        47,
        246,
        34,
        110,
        88,
        136,
        32,
        109,
        97,
        219,
        98,
        251,
        21,
        161,
        126,
        93,
        138,
        151,
        132,
        172,
        55,
        203,
        4,
        254,
        80,
        190,
        114,
        167,
        133,
        231,
        57,
        151,
        78,
        226,
        38,
        133,
        243,
        234,
        62,
        225,
        188,
        107,
        51,
        142,
        53,
        66,
        46,
        88,
        148,
        58,
        29,
        213,
        69,
        109,
        155,
        126,
        29,
        113,
        187,
        226,
        224,
        155,
        130,
        254,
        95,
        162,
        205,
        26,
        3,
        159,
        50,
        13,
        44,
        217,
        191,
        117,
        235,
        92,
        11,
        168,
        53,
        166,
        237,
        135,
        21,
        169,
        246,
        245,
        4,
        191,
        225,
        201,
        216,
        145,
        23,
        252,
        251,
        197,
        201,
        33,
        97,
        181,
        254,
        234,
        183,
        146,
        12,
        159,
        99,
        60,
        17,
        42,
        253,
        149,
        66,
        246,
        49,
        40,
        47,
        172,
        15,
        55,
        235,
        213,
        27,
        255,
        2,
        184,
        177,
        156,
        61,
        253,
        29,
        215,
        82,
        0,
        0,
        0,
        0,
        73,
        69,
        78,
        68,
        174,
        66,
        96,
        130
      ]
    },
    "stat": {
      "dev": 16777220,
      "mode": 33188,
      "nlink": 1,
      "uid": 501,
      "gid": 20,
      "rdev": 0,
      "blksize": 4194304,
      "ino": 2088804,
      "size": 799,
      "blocks": 8,
      "atime": "2018-04-17T07:59:11.795Z",
      "mtime": "2018-03-22T08:50:41.046Z",
      "ctime": "2018-03-22T08:50:41.046Z",
      "birthtime": "2018-03-22T08:50:41.045Z"
    },
    "history": [
      "/Users/jiangheng/Desktop/work-code/xxd-h5/src/mods/product/imgs/calculate_icon.png"
    ],
    "path": "/Users/jiangheng/Desktop/work-code/xxd-h5/src/mods/product/imgs/calculate_icon.png",
    "gulpCache$filePathChangedInsideTask": false,
    "gulpCache$fileBaseChangedInsideTask": false,
    "gulpCache$originalPath": "/Users/jiangheng/Desktop/work-code/xxd-h5/src/mods/product/imgs/calculate_icon.png",
    "gulpCache$originalBase": "/Users/jiangheng/Desktop/work-code/xxd-h5/src/mods/"
  }
]