[
  {
    "cwd": "/Users/jiangheng/Desktop/work-code/xxd-h5",
    "base": "/Users/jiangheng/Desktop/work-code/xxd-h5/src/mods/",
    "contents": {
      "type": "Buffer",
      "data": [
        137,
        80,
        78,
        71,
        13,
        10,
        26,
        10,
        0,
        0,
        0,
        13,
        73,
        72,
        68,
        82,
        0,
        0,
        5,
        156,
        0,
        0,
        1,
        10,
        8,
        3,
        0,
        0,
        0,
        161,
        121,
        96,
        215,
        0,
        0,
        1,
        62,
        80,
        76,
        84,
        69,
        199,
        215,
        239,
        199,
        215,
        239,
        199,
        215,
        239,
        199,
        215,
        239,
        199,
        215,
        239,
        199,
        215,
        239,
        199,
        215,
        239,
        199,
        215,
        239,
        208,
        220,
        237,
        199,
        215,
        239,
        199,
        215,
        239,
        199,
        215,
        239,
        212,
        221,
        236,
        199,
        215,
        239,
        211,
        221,
        236,
        199,
        215,
        239,
        199,
        215,
        239,
        204,
        217,
        238,
        199,
        215,
        239,
        199,
        215,
        239,
        199,
        215,
        239,
        199,
        215,
        239,
        218,
        224,
        234,
        199,
        215,
        239,
        199,
        215,
        239,
        199,
        215,
        239,
        199,
        215,
        239,
        199,
        215,
        239,
        199,
        215,
        239,
        199,
        215,
        239,
        223,
        227,
        233,
        199,
        215,
        239,
        199,
        215,
        239,
        221,
        226,
        233,
        199,
        215,
        239,
        222,
        227,
        233,
        199,
        215,
        239,
        199,
        215,
        239,
        226,
        229,
        232,
        199,
        215,
        239,
        199,
        215,
        239,
        199,
        215,
        239,
        199,
        215,
        239,
        199,
        215,
        239,
        199,
        215,
        239,
        223,
        227,
        233,
        199,
        215,
        239,
        199,
        215,
        239,
        199,
        215,
        239,
        199,
        215,
        239,
        199,
        215,
        239,
        199,
        215,
        239,
        199,
        215,
        239,
        228,
        230,
        232,
        226,
        229,
        232,
        229,
        230,
        231,
        229,
        230,
        231,
        229,
        230,
        232,
        229,
        230,
        232,
        230,
        231,
        231,
        229,
        230,
        232,
        229,
        230,
        232,
        230,
        231,
        231,
        230,
        230,
        231,
        230,
        231,
        231,
        230,
        231,
        231,
        230,
        231,
        231,
        230,
        231,
        231,
        231,
        231,
        231,
        230,
        230,
        231,
        230,
        231,
        231,
        230,
        231,
        231,
        231,
        231,
        231,
        230,
        231,
        231,
        231,
        231,
        231,
        231,
        231,
        231,
        231,
        231,
        231,
        231,
        231,
        231,
        231,
        231,
        231,
        231,
        231,
        231,
        231,
        231,
        231,
        231,
        231,
        231,
        231,
        231,
        231,
        233,
        233,
        233,
        234,
        234,
        234,
        235,
        235,
        235,
        236,
        236,
        236,
        237,
        237,
        237,
        238,
        238,
        238,
        239,
        239,
        239,
        240,
        240,
        240,
        241,
        241,
        241,
        242,
        242,
        242,
        243,
        243,
        243,
        244,
        244,
        244,
        245,
        245,
        245,
        246,
        246,
        246,
        247,
        247,
        247,
        248,
        248,
        248,
        249,
        249,
        249,
        250,
        250,
        250,
        251,
        251,
        251,
        252,
        252,
        252,
        253,
        253,
        253,
        254,
        254,
        254,
        255,
        255,
        255,
        19,
        163,
        165,
        155,
        0,
        0,
        0,
        82,
        116,
        82,
        78,
        83,
        0,
        1,
        2,
        3,
        4,
        5,
        6,
        7,
        7,
        8,
        9,
        10,
        10,
        11,
        11,
        12,
        13,
        13,
        14,
        15,
        16,
        17,
        17,
        18,
        19,
        20,
        21,
        22,
        24,
        25,
        25,
        26,
        27,
        27,
        28,
        29,
        30,
        33,
        33,
        34,
        35,
        36,
        37,
        39,
        40,
        40,
        42,
        43,
        44,
        47,
        49,
        51,
        52,
        60,
        65,
        91,
        92,
        93,
        95,
        123,
        128,
        129,
        138,
        141,
        152,
        154,
        155,
        156,
        174,
        178,
        180,
        182,
        211,
        214,
        227,
        229,
        236,
        237,
        238,
        248,
        249,
        250,
        183,
        88,
        59,
        144,
        0,
        0,
        19,
        200,
        73,
        68,
        65,
        84,
        24,
        25,
        237,
        193,
        77,
        175,
        36,
        105,
        98,
        150,
        225,
        251,
        137,
        122,
        187,
        186,
        103,
        60,
        54,
        51,
        3,
        72,
        198,
        27,
        48,
        194,
        75,
        22,
        150,
        0,
        241,
        255,
        183,
        72,
        108,
        216,
        195,
        10,
        13,
        150,
        144,
        24,
        201,
        72,
        140,
        167,
        171,
        242,
        38,
        34,
        51,
        207,
        169,
        172,
        234,
        83,
        221,
        245,
        17,
        145,
        153,
        145,
        245,
        92,
        87,
        120,
        73,
        168,
        170,
        170,
        235,
        144,
        23,
        132,
        159,
        8,
        179,
        80,
        85,
        85,
        219,
        147,
        153,
        124,
        40,
        188,
        47,
        64,
        128,
        48,
        11,
        85,
        85,
        181,
        21,
        153,
        9,
        8,
        200,
        123,
        194,
        165,
        0,
        129,
        16,
        194,
        44,
        84,
        85,
        213,
        54,
        100,
        38,
        34,
        8,
        200,
        133,
        240,
        78,
        128,
        16,
        146,
        87,
        255,
        254,
        245,
        175,
        198,
        235,
        188,
        162,
        170,
        170,
        182,
        242,
        214,
        63,
        191,
        249,
        127,
        127,
        254,
        111,
        111,
        21,
        17,
        144,
        103,
        225,
        89,
        32,
        132,
        228,
        111,
        255,
        250,
        55,
        63,
        80,
        85,
        85,
        215,
        240,
        167,
        255,
        251,
        191,
        254,
        135,
        34,
        130,
        60,
        9,
        79,
        2,
        33,
        201,
        191,
        250,
        183,
        191,
        157,
        168,
        170,
        170,
        107,
        57,
        252,
        241,
        191,
        255,
        65,
        69,
        144,
        179,
        112,
        22,
        66,
        102,
        127,
        255,
        47,
        95,
        83,
        85,
        85,
        215,
        244,
        231,
        255,
        253,
        95,
        157,
        33,
        114,
        18,
        78,
        66,
        72,
        242,
        253,
        127,
        252,
        29,
        139,
        233,
        135,
        239,
        198,
        148,
        80,
        85,
        5,
        122,
        240,
        112,
        240,
        160,
        96,
        184,
        7,
        33,
        100,
        49,
        101,
        70,
        248,
        74,
        2,
        138,
        136,
        136,
        136,
        8,
        200,
        153,
        124,
        177,
        112,
        22,
        32,
        4,
        66,
        66,
        204,
        219,
        195,
        143,
        127,
        62,
        176,
        248,
        63,
        255,
        229,
        159,
        84,
        68,
        142,
        94,
        113,
        20,
        66,
        146,
        223,
        253,
        167,
        191,
        98,
        54,
        254,
        226,
        183,
        223,
        143,
        41,
        161,
        170,
        234,
        72,
        20,
        153,
        133,
        187,
        16,
        66,
        158,
        17,
        190,
        130,
        204,
        68,
        68,
        68,
        20,
        68,
        4,
        100,
        117,
        178,
        16,
        200,
        52,
        94,
        255,
        58,
        30,
        128,
        95,
        253,
        245,
        31,
        255,
        4,
        132,
        112,
        244,
        138,
        69,
        8,
        201,
        244,
        171,
        255,
        240,
        27,
        102,
        191,
        249,
        103,
        223,
        81,
        85,
        117,
        65,
        84,
        8,
        247,
        34,
        132,
        60,
        35,
        124,
        33,
        153,
        9,
        130,
        136,
        40,
        34,
        130,
        200,
        76,
        86,
        19,
        222,
        35,
        50,
        27,
        191,
        226,
        71,
        224,
        245,
        239,
        255,
        225,
        45,
        16,
        194,
        226,
        21,
        179,
        64,
        146,
        233,
        213,
        127,
        254,
        43,
        224,
        187,
        223,
        254,
        64,
        85,
        213,
        123,
        68,
        5,
        185,
        23,
        33,
        100,
        65,
        102,
        132,
        47,
        35,
        136,
        32,
        136,
        136,
        136,
        8,
        34,
        32,
        43,
        11,
        16,
        194,
        19,
        17,
        191,
        123,
        253,
        246,
        0,
        175,
        255,
        249,
        255,
        228,
        40,
        204,
        94,
        49,
        11,
        153,
        77,
        127,
        255,
        47,
        128,
        215,
        191,
        123,
        69,
        85,
        213,
        251,
        68,
        229,
        142,
        4,
        242,
        14,
        225,
        139,
        136,
        136,
        136,
        34,
        34,
        136,
        32,
        8,
        178,
        48,
        2,
        225,
        235,
        72,
        56,
        10,
        207,
        68,
        68,
        201,
        247,
        111,
        14,
        240,
        195,
        95,
        254,
        129,
        103,
        175,
        128,
        16,
        166,
        76,
        127,
        243,
        175,
        95,
        193,
        119,
        191,
        157,
        168,
        170,
        250,
        128,
        168,
        220,
        145,
        64,
        222,
        33,
        124,
        9,
        17,
        69,
        20,
        69,
        4,
        65,
        64,
        64,
        46,
        132,
        175,
        22,
        78,
        2,
        132,
        19,
        81,
        132,
        215,
        63,
        10,
        63,
        252,
        211,
        63,
        130,
        33,
        192,
        224,
        40,
        201,
        171,
        191,
        125,
        13,
        252,
        229,
        68,
        85,
        213,
        142,
        24,
        190,
        144,
        40,
        42,
        138,
        8,
        2,
        2,
        178,
        144,
        147,
        176,
        134,
        240,
        30,
        137,
        96,
        144,
        24,
        195,
        175,
        255,
        17,
        198,
        191,
        249,
        131,
        68,
        22,
        175,
        32,
        36,
        153,
        94,
        253,
        187,
        191,
        9,
        252,
        230,
        7,
        170,
        170,
        126,
        66,
        84,
        238,
        72,
        32,
        239,
        16,
        62,
        155,
        160,
        162,
        162,
        34,
        200,
        76,
        206,
        100,
        51,
        225,
        44,
        28,
        137,
        36,
        111,
        224,
        123,
        254,
        40,
        179,
        192,
        224,
        40,
        201,
        239,
        3,
        227,
        47,
        168,
        170,
        250,
        168,
        200,
        131,
        16,
        68,
        197,
        25,
        138,
        200,
        51,
        217,
        148,
        132,
        35,
        153,
        25,
        140,
        121,
        253,
        231,
        3,
        249,
        125,
        18,
        89,
        12,
        32,
        179,
        233,
        251,
        223,
        0,
        191,
        162,
        170,
        234,
        35,
        34,
        15,
        66,
        64,
        20,
        21,
        103,
        136,
        128,
        92,
        139,
        188,
        19,
        137,
        192,
        235,
        63,
        193,
        111,
        190,
        255,
        147,
        1,
        97,
        34,
        64,
        50,
        253,
        221,
        247,
        48,
        253,
        154,
        170,
        170,
        7,
        167,
        232,
        193,
        131,
        30,
        212,
        131,
        138,
        138,
        202,
        77,
        184,
        64,
        71,
        224,
        251,
        191,
        155,
        18,
        32,
        76,
        16,
        146,
        105,
        250,
        30,
        248,
        129,
        170,
        170,
        7,
        39,
        120,
        116,
        208,
        131,
        11,
        20,
        228,
        134,
        68,
        100,
        0,
        175,
        167,
        41,
        33,
        48,
        128,
        204,
        166,
        31,
        128,
        239,
        168,
        170,
        218,
        27,
        195,
        103,
        16,
        81,
        84,
        20,
        17,
        17,
        185,
        17,
        33,
        128,
        17,
        38,
        224,
        87,
        83,
        102,
        194,
        8,
        139,
        188,
        26,
        192,
        160,
        170,
        234,
        193,
        137,
        51,
        84,
        68,
        4,
        185,
        157,
        112,
        98,
        112,
        2,
        198,
        171,
        55,
        44,
        50,
        128,
        100,
        154,
        50,
        128,
        137,
        170,
        170,
        71,
        38,
        226,
        9,
        138,
        32,
        51,
        185,
        23,
        35,
        211,
        100,
        132,
        65,
        2,
        153,
        50,
        128,
        80,
        85,
        245,
        192,
        68,
        241,
        12,
        145,
        35,
        185,
        61,
        73,
        128,
        145,
        41,
        16,
        28,
        64,
        66,
        94,
        5,
        8,
        85,
        85,
        251,
        33,
        225,
        211,
        9,
        162,
        120,
        134,
        32,
        247,
        67,
        102,
        121,
        245,
        134,
        68,
        24,
        44,
        50,
        81,
        85,
        245,
        208,
        4,
        69,
        197,
        19,
        144,
        59,
        52,
        133,
        197,
        96,
        54,
        77,
        132,
        170,
        170,
        125,
        49,
        24,
        64,
        194,
        47,
        17,
        68,
        197,
        5,
        42,
        114,
        143,
        194,
        52,
        29,
        128,
        193,
        81,
        66,
        85,
        213,
        195,
        18,
        17,
        23,
        168,
        40,
        114,
        151,
        18,
        142,
        6,
        132,
        170,
        170,
        157,
        50,
        124,
        18,
        81,
        113,
        129,
        34,
        114,
        199,
        34,
        3,
        8,
        16,
        170,
        170,
        30,
        149,
        224,
        17,
        42,
        34,
        114,
        167,
        2,
        68,
        24,
        84,
        85,
        61,
        56,
        241,
        25,
        34,
        200,
        189,
        27,
        28,
        133,
        170,
        170,
        199,
        36,
        226,
        51,
        4,
        185,
        99,
        225,
        104,
        80,
        85,
        245,
        192,
        4,
        197,
        39,
        136,
        236,
        193,
        68,
        85,
        213,
        227,
        18,
        20,
        159,
        32,
        178,
        11,
        131,
        197,
        68,
        85,
        213,
        46,
        25,
        126,
        134,
        136,
        71,
        56,
        67,
        185,
        123,
        19,
        139,
        65,
        85,
        213,
        227,
        82,
        60,
        65,
        145,
        221,
        24,
        84,
        85,
        61,
        42,
        21,
        207,
        16,
        145,
        189,
        24,
        84,
        85,
        61,
        40,
        1,
        159,
        32,
        200,
        110,
        76,
        84,
        85,
        237,
        146,
        252,
        2,
        113,
        113,
        112,
        129,
        32,
        251,
        49,
        168,
        170,
        122,
        68,
        130,
        71,
        56,
        67,
        100,
        79,
        6,
        85,
        85,
        251,
        99,
        152,
        25,
        48,
        188,
        68,
        196,
        217,
        65,
        81,
        65,
        118,
        101,
        80,
        85,
        245,
        120,
        68,
        113,
        1,
        42,
        200,
        190,
        12,
        170,
        170,
        118,
        203,
        240,
        34,
        241,
        25,
        10,
        178,
        51,
        19,
        85,
        85,
        143,
        199,
        103,
        40,
        200,
        222,
        76,
        84,
        85,
        237,
        148,
        32,
        47,
        241,
        61,
        32,
        187,
        51,
        81,
        85,
        245,
        96,
        68,
        60,
        67,
        144,
        253,
        25,
        84,
        85,
        237,
        154,
        225,
        61,
        34,
        120,
        134,
        32,
        59,
        52,
        81,
        85,
        181,
        79,
        242,
        18,
        17,
        159,
        32,
        202,
        30,
        77,
        84,
        85,
        237,
        152,
        188,
        79,
        92,
        28,
        92,
        32,
        178,
        79,
        131,
        170,
        170,
        199,
        33,
        42,
        30,
        92,
        32,
        178,
        83,
        131,
        170,
        170,
        29,
        50,
        188,
        64,
        124,
        7,
        145,
        189,
        154,
        168,
        170,
        122,
        28,
        190,
        131,
        236,
        216,
        68,
        85,
        213,
        163,
        240,
        2,
        130,
        236,
        214,
        68,
        85,
        213,
        174,
        133,
        39,
        2,
        158,
        33,
        200,
        126,
        13,
        170,
        170,
        118,
        44,
        60,
        17,
        124,
        134,
        32,
        59,
        54,
        168,
        170,
        218,
        185,
        48,
        19,
        124,
        134,
        200,
        174,
        13,
        170,
        170,
        30,
        130,
        168,
        7,
        23,
        136,
        236,
        219,
        68,
        85,
        213,
        3,
        16,
        212,
        131,
        11,
        68,
        118,
        110,
        162,
        170,
        106,
        143,
        228,
        153,
        40,
        206,
        14,
        46,
        16,
        217,
        187,
        137,
        170,
        170,
        189,
        18,
        228,
        196,
        217,
        193,
        5,
        242,
        0,
        6,
        85,
        85,
        187,
        38,
        11,
        159,
        32,
        200,
        238,
        77,
        84,
        85,
        237,
        150,
        32,
        224,
        59,
        8,
        178,
        127,
        131,
        170,
        170,
        61,
        10,
        11,
        131,
        44,
        60,
        65,
        228,
        17,
        12,
        170,
        170,
        118,
        76,
        34,
        51,
        103,
        128,
        200,
        67,
        24,
        84,
        85,
        237,
        148,
        97,
        38,
        11,
        79,
        144,
        199,
        48,
        168,
        170,
        218,
        47,
        129,
        8,
        184,
        0,
        121,
        16,
        131,
        170,
        170,
        29,
        10,
        11,
        131,
        44,
        68,
        65,
        30,
        198,
        160,
        170,
        106,
        199,
        140,
        44,
        20,
        69,
        30,
        197,
        160,
        170,
        106,
        191,
        140,
        44,
        4,
        121,
        36,
        131,
        170,
        170,
        189,
        50,
        24,
        100,
        38,
        200,
        3,
        25,
        84,
        85,
        237,
        150,
        65,
        78,
        4,
        228,
        97,
        12,
        170,
        170,
        246,
        75,
        194,
        66,
        102,
        242,
        56,
        6,
        85,
        85,
        123,
        38,
        79,
        228,
        129,
        76,
        84,
        85,
        61,
        4,
        121,
        36,
        131,
        170,
        170,
        29,
        146,
        112,
        65,
        30,
        204,
        160,
        170,
        106,
        167,
        228,
        243,
        133,
        159,
        146,
        251,
        51,
        168,
        170,
        218,
        37,
        249,
        60,
        225,
        99,
        194,
        66,
        238,
        201,
        160,
        170,
        234,
        1,
        73,
        184,
        20,
        126,
        73,
        144,
        119,
        36,
        220,
        210,
        160,
        170,
        234,
        225,
        8,
        72,
        56,
        11,
        23,
        194,
        37,
        121,
        39,
        200,
        137,
        128,
        64,
        184,
        149,
        65,
        85,
        213,
        195,
        137,
        16,
        78,
        194,
        147,
        240,
        83,
        225,
        76,
        102,
        65,
        142,
        34,
        16,
        110,
        103,
        80,
        85,
        245,
        120,
        194,
        89,
        152,
        133,
        179,
        240,
        17,
        18,
        102,
        18,
        16,
        66,
        184,
        173,
        65,
        85,
        213,
        99,
        10,
        71,
        97,
        22,
        206,
        194,
        79,
        9,
        97,
        38,
        1,
        9,
        200,
        173,
        13,
        170,
        170,
        30,
        65,
        248,
        137,
        176,
        8,
        179,
        112,
        18,
        94,
        16,
        249,
        36,
        114,
        61,
        131,
        170,
        170,
        221,
        11,
        103,
        225,
        157,
        176,
        8,
        179,
        112,
        18,
        94,
        20,
        100,
        22,
        129,
        8,
        68,
        46,
        200,
        73,
        144,
        107,
        25,
        84,
        85,
        237,
        91,
        88,
        132,
        69,
        56,
        11,
        139,
        48,
        11,
        39,
        225,
        227,
        130,
        64,
        64,
        2,
        18,
        102,
        114,
        65,
        102,
        145,
        43,
        25,
        84,
        85,
        237,
        146,
        132,
        39,
        1,
        194,
        44,
        44,
        194,
        34,
        204,
        194,
        81,
        120,
        18,
        62,
        32,
        71,
        1,
        129,
        32,
        4,
        4,
        2,
        114,
        102,
        64,
        136,
        92,
        199,
        160,
        170,
        106,
        151,
        194,
        81,
        128,
        64,
        32,
        16,
        32,
        204,
        194,
        44,
        204,
        194,
        179,
        240,
        146,
        112,
        36,
        132,
        153,
        97,
        102,
        152,
        73,
        16,
        34,
        51,
        9,
        18,
        185,
        138,
        65,
        85,
        213,
        142,
        5,
        2,
        33,
        16,
        8,
        4,
        8,
        16,
        102,
        225,
        44,
        252,
        146,
        128,
        204,
        2,
        72,
        0,
        9,
        18,
        121,
        102,
        36,
        114,
        13,
        131,
        170,
        170,
        189,
        10,
        16,
        8,
        33,
        4,
        2,
        129,
        0,
        129,
        176,
        8,
        159,
        46,
        44,
        132,
        48,
        51,
        96,
        36,
        114,
        102,
        56,
        147,
        173,
        13,
        170,
        170,
        118,
        38,
        60,
        11,
        132,
        16,
        66,
        32,
        16,
        2,
        4,
        2,
        132,
        47,
        16,
        64,
        32,
        50,
        139,
        64,
        228,
        153,
        65,
        194,
        137,
        108,
        101,
        80,
        85,
        181,
        39,
        225,
        44,
        64,
        32,
        132,
        64,
        8,
        129,
        64,
        32,
        16,
        102,
        225,
        11,
        69,
        32,
        18,
        137,
        145,
        147,
        8,
        68,
        142,
        100,
        22,
        144,
        77,
        12,
        170,
        170,
        118,
        36,
        204,
        194,
        44,
        16,
        8,
        132,
        16,
        8,
        129,
        64,
        128,
        64,
        248,
        26,
        1,
        12,
        6,
        195,
        34,
        70,
        32,
        2,
        145,
        51,
        33,
        178,
        133,
        65,
        85,
        213,
        126,
        4,
        8,
        4,
        2,
        129,
        64,
        8,
        129,
        64,
        32,
        64,
        128,
        240,
        245,
        130,
        225,
        66,
        140,
        196,
        96,
        144,
        8,
        6,
        137,
        108,
        96,
        80,
        85,
        181,
        27,
        129,
        64,
        8,
        33,
        16,
        8,
        4,
        2,
        1,
        2,
        97,
        22,
        214,
        17,
        36,
        24,
        78,
        98,
        48,
        24,
        140,
        128,
        193,
        72,
        100,
        125,
        131,
        170,
        170,
        189,
        8,
        132,
        16,
        66,
        8,
        33,
        16,
        32,
        64,
        128,
        176,
        8,
        235,
        9,
        18,
        12,
        71,
        145,
        96,
        48,
        198,
        24,
        141,
        145,
        32,
        107,
        27,
        84,
        85,
        237,
        68,
        8,
        132,
        132,
        132,
        16,
        2,
        1,
        194,
        34,
        44,
        194,
        202,
        130,
        132,
        11,
        145,
        24,
        121,
        71,
        34,
        43,
        27,
        84,
        85,
        237,
        64,
        128,
        64,
        72,
        72,
        72,
        8,
        33,
        64,
        120,
        18,
        54,
        17,
        16,
        194,
        44,
        32,
        145,
        72,
        140,
        60,
        49,
        32,
        107,
        26,
        84,
        85,
        221,
        185,
        176,
        8,
        132,
        144,
        144,
        144,
        16,
        66,
        88,
        132,
        173,
        133,
        19,
        33,
        16,
        33,
        50,
        139,
        156,
        73,
        0,
        89,
        203,
        160,
        170,
        234,
        174,
        5,
        8,
        16,
        66,
        8,
        33,
        9,
        33,
        129,
        112,
        93,
        97,
        97,
        56,
        137,
        60,
        137,
        32,
        1,
        89,
        197,
        160,
        170,
        234,
        158,
        5,
        2,
        33,
        16,
        66,
        72,
        8,
        9,
        33,
        220,
        70,
        48,
        134,
        163,
        24,
        99,
        228,
        72,
        136,
        172,
        97,
        80,
        85,
        117,
        199,
        2,
        33,
        36,
        132,
        16,
        2,
        33,
        36,
        16,
        110,
        38,
        156,
        197,
        24,
        99,
        140,
        44,
        36,
        178,
        130,
        65,
        85,
        213,
        253,
        10,
        132,
        36,
        132,
        132,
        64,
        8,
        132,
        64,
        184,
        173,
        24,
        22,
        49,
        198,
        24,
        1,
        35,
        145,
        175,
        55,
        168,
        170,
        186,
        87,
        129,
        16,
        50,
        35,
        33,
        4,
        8,
        4,
        194,
        109,
        5,
        195,
        44,
        18,
        99,
        140,
        44,
        140,
        68,
        190,
        218,
        160,
        170,
        234,
        62,
        5,
        8,
        9,
        89,
        16,
        66,
        32,
        44,
        194,
        205,
        5,
        9,
        68,
        98,
        140,
        16,
        57,
        50,
        200,
        87,
        26,
        84,
        85,
        221,
        161,
        48,
        11,
        33,
        9,
        89,
        16,
        194,
        44,
        220,
        139,
        0,
        18,
        136,
        17,
        34,
        79,
        12,
        200,
        215,
        24,
        84,
        85,
        221,
        159,
        64,
        32,
        132,
        204,
        72,
        66,
        2,
        225,
        222,
        132,
        153,
        225,
        61,
        6,
        9,
        242,
        229,
        6,
        85,
        85,
        247,
        38,
        16,
        2,
        9,
        33,
        51,
        18,
        66,
        184,
        83,
        193,
        112,
        20,
        141,
        68,
        64,
        34,
        95,
        108,
        80,
        85,
        117,
        103,
        2,
        33,
        33,
        36,
        36,
        132,
        36,
        16,
        238,
        87,
        12,
        179,
        72,
        36,
        178,
        144,
        200,
        151,
        26,
        84,
        85,
        221,
        157,
        132,
        132,
        36,
        132,
        144,
        16,
        194,
        93,
        139,
        49,
        64,
        36,
        18,
        89,
        24,
        249,
        66,
        131,
        170,
        170,
        251,
        18,
        18,
        50,
        35,
        9,
        33,
        16,
        194,
        157,
        139,
        225,
        40,
        18,
        89,
        24,
        35,
        95,
        102,
        80,
        85,
        117,
        79,
        2,
        153,
        145,
        5,
        33,
        4,
        8,
        119,
        47,
        18,
        32,
        70,
        33,
        2,
        198,
        200,
        23,
        25,
        84,
        85,
        221,
        145,
        16,
        146,
        144,
        35,
        18,
        102,
        97,
        15,
        130,
        132,
        147,
        200,
        194,
        24,
        228,
        11,
        12,
        170,
        170,
        238,
        70,
        32,
        33,
        39,
        36,
        132,
        176,
        31,
        225,
        44,
        242,
        204,
        200,
        231,
        27,
        84,
        85,
        221,
        137,
        64,
        72,
        200,
        17,
        73,
        8,
        187,
        19,
        131,
        225,
        40,
        98,
        12,
        242,
        185,
        6,
        85,
        85,
        247,
        33,
        144,
        144,
        25,
        153,
        145,
        16,
        118,
        40,
        134,
        69,
        84,
        136,
        96,
        228,
        51,
        13,
        170,
        170,
        238,
        66,
        32,
        33,
        39,
        36,
        132,
        176,
        75,
        49,
        134,
        147,
        8,
        198,
        200,
        231,
        25,
        84,
        85,
        221,
        131,
        64,
        206,
        72,
        8,
        33,
        236,
        84,
        140,
        137,
        68,
        229,
        200,
        32,
        159,
        99,
        80,
        85,
        117,
        7,
        2,
        121,
        70,
        8,
        132,
        221,
        138,
        225,
        130,
        65,
        34,
        159,
        97,
        80,
        85,
        117,
        123,
        33,
        228,
        25,
        129,
        176,
        103,
        65,
        18,
        137,
        179,
        67,
        14,
        65,
        34,
        159,
        110,
        80,
        85,
        117,
        107,
        129,
        144,
        119,
        8,
        187,
        23,
        48,
        28,
        77,
        134,
        153,
        65,
        62,
        213,
        160,
        170,
        234,
        198,
        2,
        33,
        239,
        16,
        30,
        66,
        120,
        50,
        9,
        70,
        130,
        124,
        154,
        65,
        85,
        213,
        109,
        5,
        18,
        242,
        140,
        240,
        40,
        98,
        184,
        32,
        159,
        108,
        80,
        85,
        245,
        73,
        4,
        217,
        64,
        8,
        121,
        66,
        66,
        120,
        28,
        49,
        92,
        144,
        200,
        39,
        25,
        84,
        85,
        221,
        82,
        128,
        60,
        33,
        33,
        60,
        146,
        72,
        136,
        71,
        128,
        68,
        62,
        197,
        160,
        170,
        234,
        134,
        2,
        121,
        135,
        16,
        30,
        76,
        184,
        36,
        145,
        79,
        48,
        168,
        170,
        186,
        157,
        64,
        46,
        64,
        120,
        48,
        193,
        112,
        201,
        200,
        47,
        27,
        84,
        85,
        253,
        50,
        57,
        145,
        176,
        162,
        64,
        46,
        16,
        30,
        80,
        48,
        60,
        51,
        6,
        249,
        37,
        131,
        170,
        170,
        91,
        9,
        228,
        2,
        225,
        49,
        197,
        240,
        204,
        72,
        228,
        23,
        12,
        170,
        170,
        62,
        129,
        172,
        47,
        144,
        75,
        60,
        172,
        112,
        193,
        72,
        228,
        231,
        13,
        170,
        170,
        110,
        38,
        23,
        120,
        108,
        225,
        153,
        145,
        95,
        50,
        168,
        170,
        250,
        100,
        178,
        162,
        144,
        11,
        132,
        71,
        22,
        195,
        51,
        99,
        228,
        103,
        13,
        170,
        170,
        110,
        34,
        4,
        242,
        132,
        240,
        216,
        98,
        128,
        28,
        88,
        8,
        145,
        159,
        51,
        168,
        170,
        186,
        133,
        16,
        178,
        152,
        18,
        66,
        120,
        116,
        49,
        196,
        233,
        192,
        145,
        68,
        126,
        198,
        160,
        170,
        234,
        6,
        66,
        200,
        17,
        16,
        194,
        227,
        139,
        49,
        132,
        51,
        35,
        31,
        55,
        168,
        170,
        186,
        190,
        16,
        242,
        14,
        223,
        132,
        128,
        132,
        19,
        33,
        242,
        81,
        131,
        170,
        170,
        171,
        11,
        33,
        239,
        240,
        173,
        8,
        23,
        36,
        242,
        49,
        131,
        170,
        170,
        91,
        200,
        98,
        202,
        140,
        111,
        72,
        184,
        32,
        31,
        55,
        168,
        170,
        186,
        182,
        144,
        119,
        8,
        223,
        146,
        112,
        38,
        49,
        242,
        17,
        131,
        170,
        170,
        43,
        11,
        57,
        154,
        50,
        35,
        124,
        75,
        98,
        56,
        9,
        198,
        200,
        203,
        6,
        85,
        85,
        55,
        144,
        19,
        8,
        223,
        150,
        24,
        142,
        2,
        242,
        81,
        131,
        170,
        170,
        235,
        10,
        73,
        200,
        130,
        132,
        111,
        77,
        12,
        139,
        48,
        51,
        242,
        162,
        65,
        85,
        213,
        149,
        133,
        28,
        65,
        194,
        183,
        39,
        134,
        89,
        88,
        24,
        121,
        201,
        160,
        170,
        234,
        154,
        66,
        200,
        51,
        190,
        69,
        49,
        64,
        0,
        131,
        145,
        23,
        76,
        84,
        85,
        93,
        81,
        8,
        9,
        9,
        73,
        248,
        70,
        133,
        89,
        22,
        16,
        194,
        11,
        6,
        85,
        85,
        215,
        19,
        32,
        39,
        132,
        240,
        141,
        10,
        39,
        211,
        1,
        35,
        47,
        24,
        84,
        85,
        93,
        83,
        158,
        17,
        190,
        93,
        225,
        40,
        32,
        145,
        159,
        24,
        84,
        85,
        93,
        77,
        200,
        9,
        73,
        248,
        134,
        197,
        176,
        8,
        51,
        35,
        31,
        26,
        84,
        85,
        93,
        75,
        72,
        200,
        17,
        223,
        184,
        24,
        102,
        1,
        121,
        201,
        160,
        170,
        234,
        154,
        66,
        78,
        8,
        223,
        178,
        24,
        32,
        16,
        48,
        242,
        129,
        137,
        170,
        170,
        171,
        201,
        130,
        204,
        248,
        230,
        5,
        66,
        66,
        66,
        248,
        137,
        137,
        170,
        170,
        43,
        9,
        179,
        28,
        17,
        194,
        55,
        46,
        33,
        11,
        2,
        225,
        3,
        131,
        170,
        170,
        107,
        201,
        140,
        4,
        8,
        161,
        2,
        198,
        0,
        6,
        185,
        52,
        168,
        170,
        186,
        142,
        48,
        203,
        9,
        161,
        34,
        132,
        176,
        144,
        200,
        133,
        65,
        85,
        213,
        85,
        132,
        204,
        8,
        36,
        132,
        130,
        0,
        134,
        35,
        9,
        23,
        6,
        85,
        85,
        87,
        16,
        8,
        144,
        144,
        64,
        168,
        179,
        112,
        38,
        151,
        6,
        85,
        85,
        219,
        11,
        132,
        36,
        36,
        36,
        212,
        89,
        56,
        18,
        136,
        92,
        24,
        84,
        85,
        93,
        71,
        206,
        32,
        212,
        179,
        128,
        1,
        228,
        210,
        68,
        85,
        213,
        53,
        132,
        89,
        2,
        9,
        117,
        22,
        18,
        32,
        9,
        31,
        24,
        84,
        85,
        93,
        69,
        206,
        32,
        212,
        179,
        112,
        20,
        222,
        55,
        168,
        170,
        218,
        92,
        200,
        17,
        153,
        81,
        207,
        34,
        97,
        102,
        228,
        61,
        131,
        170,
        170,
        235,
        200,
        140,
        89,
        168,
        103,
        145,
        128,
        49,
        188,
        103,
        80,
        85,
        181,
        189,
        204,
        200,
        17,
        119,
        65,
        206,
        194,
        109,
        69,
        32,
        4,
        185,
        52,
        168,
        170,
        186,
        138,
        156,
        16,
        110,
        74,
        78,
        100,
        17,
        100,
        17,
        110,
        38,
        6,
        140,
        225,
        210,
        160,
        170,
        106,
        107,
        1,
        66,
        88,
        132,
        107,
        147,
        247,
        200,
        145,
        92,
        136,
        92,
        8,
        87,
        21,
        33,
        70,
        46,
        13,
        170,
        170,
        54,
        151,
        132,
        144,
        25,
        215,
        36,
        39,
        242,
        68,
        142,
        228,
        76,
        8,
        32,
        132,
        179,
        32,
        139,
        112,
        53,
        193,
        16,
        46,
        13,
        170,
        170,
        54,
        22,
        102,
        33,
        16,
        194,
        213,
        200,
        76,
        64,
        22,
        114,
        38,
        239,
        17,
        2,
        8,
        132,
        153,
        1,
        2,
        134,
        43,
        137,
        4,
        195,
        165,
        65,
        85,
        213,
        21,
        132,
        144,
        16,
        174,
        70,
        16,
        4,
        1,
        89,
        200,
        145,
        188,
        47,
        178,
        8,
        66,
        192,
        176,
        136,
        225,
        90,
        34,
        65,
        46,
        12,
        170,
        170,
        182,
        21,
        146,
        16,
        194,
        53,
        137,
        32,
        34,
        32,
        200,
        66,
        206,
        228,
        36,
        128,
        204,
        130,
        16,
        36,
        28,
        197,
        72,
        184,
        138,
        24,
        48,
        92,
        24,
        84,
        85,
        109,
        42,
        132,
        36,
        132,
        36,
        92,
        137,
        32,
        34,
        34,
        130,
        128,
        204,
        228,
        125,
        114,
        20,
        132,
        32,
        193,
        24,
        78,
        34,
        225,
        90,
        194,
        165,
        65,
        85,
        213,
        150,
        66,
        8,
        36,
        132,
        171,
        17,
        17,
        17,
        5,
        17,
        4,
        228,
        153,
        44,
        194,
        153,
        64,
        36,
        24,
        46,
        197,
        112,
        13,
        225,
        3,
        131,
        170,
        170,
        237,
        132,
        89,
        102,
        36,
        92,
        135,
        128,
        136,
        136,
        34,
        34,
        8,
        178,
        144,
        11,
        114,
        22,
        192,
        96,
        48,
        198,
        24,
        46,
        133,
        237,
        133,
        75,
        131,
        170,
        170,
        77,
        133,
        69,
        128,
        176,
        53,
        153,
        9,
        34,
        162,
        136,
        136,
        32,
        32,
        39,
        178,
        8,
        11,
        129,
        128,
        252,
        140,
        32,
        97,
        75,
        49,
        200,
        165,
        65,
        85,
        213,
        182,
        178,
        32,
        9,
        91,
        19,
        4,
        17,
        17,
        17,
        17,
        65,
        100,
        38,
        23,
        228,
        137,
        28,
        69,
        34,
        79,
        140,
        49,
        198,
        48,
        139,
        132,
        109,
        133,
        75,
        131,
        170,
        170,
        45,
        37,
        64,
        18,
        102,
        97,
        75,
        130,
        136,
        8,
        138,
        8,
        34,
        136,
        128,
        60,
        17,
        8,
        39,
        2,
        225,
        72,
        34,
        193,
        200,
        59,
        198,
        24,
        32,
        134,
        237,
        196,
        24,
        46,
        12,
        170,
        170,
        182,
        149,
        4,
        50,
        99,
        83,
        34,
        34,
        138,
        136,
        32,
        130,
        32,
        32,
        71,
        114,
        38,
        239,
        8,
        132,
        153,
        65,
        78,
        140,
        145,
        16,
        195,
        34,
        198,
        176,
        157,
        24,
        185,
        48,
        168,
        170,
        218,
        80,
        128,
        204,
        216,
        158,
        40,
        138,
        34,
        130,
        32,
        51,
        1,
        249,
        137,
        176,
        144,
        75,
        18,
        48,
        200,
        204,
        96,
        140,
        137,
        97,
        22,
        195,
        118,
        98,
        184,
        48,
        168,
        170,
        218,
        82,
        18,
        200,
        130,
        176,
        29,
        17,
        21,
        103,
        136,
        32,
        51,
        57,
        146,
        179,
        240,
        129,
        240,
        62,
        3,
        114,
        98,
        48,
        6,
        195,
        81,
        12,
        219,
        137,
        92,
        24,
        84,
        85,
        109,
        38,
        204,
        146,
        176,
        53,
        81,
        156,
        225,
        12,
        4,
        121,
        38,
        159,
        206,
        112,
        36,
        79,
        12,
        179,
        200,
        34,
        108,
        38,
        92,
        24,
        84,
        85,
        109,
        42,
        144,
        5,
        155,
        17,
        80,
        113,
        129,
        138,
        156,
        200,
        231,
        147,
        39,
        145,
        39,
        38,
        97,
        22,
        9,
        215,
        48,
        168,
        170,
        218,
        82,
        32,
        28,
        133,
        109,
        8,
        162,
        226,
        17,
        34,
        178,
        2,
        121,
        65,
        36,
        108,
        111,
        80,
        85,
        181,
        161,
        64,
        142,
        8,
        219,
        16,
        81,
        156,
        161,
        162,
        32,
        107,
        49,
        70,
        12,
        96,
        130,
        129,
        72,
        216,
        218,
        160,
        170,
        106,
        59,
        129,
        0,
        97,
        51,
        162,
        56,
        67,
        69,
        17,
        100,
        29,
        6,
        140,
        49,
        130,
        225,
        40,
        134,
        237,
        13,
        170,
        170,
        182,
        20,
        66,
        8,
        97,
        19,
        226,
        12,
        103,
        40,
        34,
        178,
        150,
        48,
        51,
        50,
        51,
        152,
        132,
        69,
        36,
        108,
        107,
        80,
        85,
        181,
        169,
        16,
        32,
        108,
        66,
        60,
        65,
        69,
        4,
        89,
        153,
        65,
        102,
        134,
        39,
        97,
        107,
        131,
        170,
        170,
        173,
        4,
        2,
        33,
        97,
        27,
        226,
        51,
        68,
        64,
        86,
        103,
        64,
        102,
        230,
        8,
        136,
        97,
        83,
        131,
        170,
        170,
        205,
        36,
        132,
        69,
        216,
        130,
        248,
        12,
        5,
        100,
        11,
        2,
        145,
        75,
        49,
        108,
        105,
        80,
        85,
        181,
        145,
        112,
        18,
        54,
        33,
        248,
        14,
        34,
        27,
        146,
        24,
        121,
        22,
        195,
        134,
        6,
        85,
        85,
        27,
        10,
        97,
        27,
        34,
        62,
        67,
        100,
        91,
        198,
        200,
        179,
        24,
        182,
        51,
        168,
        170,
        218,
        70,
        72,
        2,
        4,
        194,
        234,
        68,
        124,
        134,
        178,
        57,
        121,
        79,
        12,
        155,
        25,
        84,
        85,
        109,
        34,
        4,
        72,
        2,
        97,
        117,
        162,
        248,
        4,
        185,
        10,
        35,
        39,
        1,
        99,
        216,
        202,
        160,
        170,
        106,
        3,
        97,
        150,
        132,
        89,
        216,
        128,
        162,
        7,
        69,
        69,
        228,
        42,
        140,
        28,
        29,
        38,
        98,
        12,
        27,
        25,
        84,
        85,
        109,
        35,
        44,
        194,
        86,
        244,
        160,
        162,
        130,
        92,
        137,
        145,
        35,
        33,
        198,
        176,
        141,
        65,
        85,
        213,
        70,
        66,
        18,
        8,
        235,
        243,
        25,
        202,
        53,
        25,
        89,
        8,
        132,
        205,
        12,
        170,
        170,
        54,
        17,
        8,
        179,
        176,
        62,
        1,
        79,
        16,
        228,
        138,
        140,
        64,
        100,
        17,
        195,
        38,
        6,
        85,
        85,
        235,
        11,
        103,
        9,
        171,
        19,
        60,
        66,
        17,
        185,
        46,
        35,
        200,
        73,
        12,
        91,
        24,
        84,
        85,
        109,
        35,
        11,
        214,
        39,
        56,
        67,
        5,
        145,
        107,
        51,
        32,
        139,
        72,
        216,
        196,
        160,
        170,
        106,
        83,
        9,
        171,
        18,
        124,
        7,
        185,
        1,
        57,
        49,
        108,
        100,
        80,
        85,
        181,
        133,
        112,
        148,
        64,
        88,
        145,
        224,
        9,
        42,
        114,
        3,
        70,
        142,
        100,
        22,
        54,
        48,
        168,
        170,
        218,
        68,
        200,
        140,
        245,
        249,
        132,
        155,
        49,
        178,
        144,
        176,
        141,
        137,
        170,
        170,
        109,
        132,
        39,
        97,
        69,
        50,
        243,
        4,
        185,
        13,
        113,
        134,
        40,
        178,
        129,
        137,
        170,
        170,
        205,
        100,
        193,
        154,
        4,
        245,
        224,
        130,
        27,
        18,
        68,
        20,
        217,
        194,
        68,
        85,
        213,
        70,
        18,
        22,
        97,
        77,
        46,
        56,
        18,
        185,
        25,
        197,
        25,
        130,
        172,
        111,
        162,
        170,
        106,
        27,
        97,
        22,
        214,
        231,
        25,
        114,
        75,
        138,
        136,
        162,
        172,
        109,
        162,
        170,
        106,
        3,
        33,
        64,
        66,
        66,
        88,
        141,
        160,
        120,
        132,
        220,
        146,
        32,
        226,
        12,
        100,
        101,
        19,
        85,
        85,
        91,
        8,
        16,
        86,
        167,
        40,
        206,
        144,
        219,
        145,
        35,
        103,
        128,
        172,
        110,
        162,
        170,
        106,
        35,
        129,
        4,
        194,
        106,
        4,
        196,
        5,
        114,
        67,
        225,
        76,
        84,
        68,
        214,
        53,
        168,
        170,
        90,
        151,
        225,
        73,
        32,
        172,
        73,
        69,
        4,
        228,
        230,
        4,
        34,
        179,
        176,
        182,
        137,
        170,
        170,
        109,
        132,
        48,
        11,
        171,
        145,
        153,
        136,
        114,
        39,
        148,
        133,
        172,
        108,
        80,
        85,
        181,
        50,
        195,
        38,
        196,
        35,
        4,
        185,
        11,
        6,
        153,
        133,
        149,
        77,
        84,
        85,
        109,
        34,
        132,
        36,
        172,
        76,
        144,
        123,
        33,
        206,
        88,
        200,
        170,
        6,
        85,
        85,
        91,
        10,
        43,
        17,
        156,
        161,
        40,
        32,
        97,
        17,
        228,
        70,
        12,
        18,
        132,
        176,
        178,
        137,
        170,
        170,
        173,
        132,
        85,
        41,
        40,
        8,
        114,
        123,
        2,
        130,
        10,
        202,
        186,
        6,
        85,
        85,
        187,
        161,
        168,
        28,
        133,
        19,
        185,
        29,
        131,
        16,
        195,
        218,
        38,
        170,
        170,
        182,
        17,
        32,
        97,
        37,
        226,
        17,
        247,
        67,
        80,
        64,
        100,
        109,
        19,
        85,
        85,
        27,
        9,
        97,
        109,
        46,
        32,
        220,
        3,
        1,
        5,
        145,
        149,
        77,
        84,
        85,
        237,
        130,
        56,
        99,
        33,
        119,
        67,
        144,
        13,
        76,
        84,
        85,
        173,
        44,
        204,
        194,
        218,
        4,
        92,
        112,
        55,
        100,
        33,
        34,
        235,
        154,
        168,
        170,
        218,
        74,
        88,
        151,
        114,
        103,
        68,
        69,
        64,
        89,
        211,
        68,
        85,
        213,
        38,
        194,
        218,
        4,
        103,
        8,
        114,
        39,
        4,
        4,
        89,
        217,
        68,
        85,
        213,
        234,
        66,
        88,
        157,
        32,
        39,
        114,
        95,
        100,
        109,
        19,
        85,
        85,
        235,
        10,
        27,
        16,
        65,
        80,
        228,
        110,
        8,
        42,
        130,
        172,
        107,
        162,
        170,
        106,
        125,
        1,
        194,
        202,
        4,
        65,
        144,
        135,
        55,
        81,
        85,
        181,
        145,
        16,
        86,
        35,
        51,
        89,
        200,
        157,
        16,
        153,
        9,
        34,
        178,
        162,
        137,
        170,
        170,
        45,
        132,
        245,
        9,
        114,
        175,
        100,
        77,
        19,
        85,
        85,
        107,
        11,
        91,
        16,
        20,
        145,
        187,
        35,
        107,
        155,
        168,
        170,
        218,
        9,
        89,
        200,
        221,
        17,
        100,
        93,
        19,
        85,
        85,
        171,
        11,
        33,
        172,
        78,
        144,
        59,
        18,
        158,
        136,
        32,
        235,
        153,
        168,
        170,
        90,
        89,
        32,
        172,
        78,
        102,
        34,
        119,
        74,
        89,
        209,
        68,
        85,
        213,
        110,
        200,
        29,
        18,
        68,
        65,
        101,
        45,
        131,
        170,
        170,
        125,
        145,
        112,
        39,
        194,
        194,
        96,
        144,
        24,
        89,
        201,
        160,
        170,
        106,
        27,
        97,
        93,
        202,
        157,
        50,
        200,
        73,
        120,
        34,
        95,
        99,
        80,
        85,
        181,
        133,
        176,
        38,
        145,
        59,
        38,
        239,
        147,
        79,
        39,
        47,
        25,
        84,
        85,
        173,
        43,
        188,
        19,
        86,
        34,
        79,
        228,
        46,
        201,
        145,
        252,
        28,
        249,
        84,
        131,
        170,
        170,
        189,
        144,
        251,
        36,
        16,
        121,
        153,
        188,
        76,
        126,
        206,
        160,
        170,
        106,
        43,
        97,
        69,
        114,
        18,
        185,
        51,
        6,
        153,
        25,
        9,
        71,
        242,
        2,
        121,
        137,
        188,
        100,
        80,
        85,
        85,
        95,
        201,
        200,
        137,
        252,
        148,
        124,
        72,
        62,
        36,
        239,
        27,
        84,
        85,
        221,
        61,
        185,
        107,
        198,
        24,
        121,
        137,
        188,
        79,
        62,
        32,
        47,
        25,
        84,
        85,
        237,
        129,
        200,
        221,
        50,
        242,
        50,
        249,
        128,
        124,
        64,
        94,
        50,
        168,
        170,
        90,
        91,
        248,
        214,
        24,
        36,
        242,
        83,
        242,
        1,
        249,
        41,
        249,
        208,
        160,
        170,
        170,
        190,
        154,
        4,
        249,
        8,
        249,
        24,
        249,
        136,
        65,
        85,
        213,
        218,
        12,
        223,
        14,
        9,
        11,
        33,
        60,
        145,
        143,
        146,
        79,
        49,
        168,
        170,
        170,
        117,
        200,
        207,
        144,
        207,
        49,
        168,
        170,
        218,
        138,
        49,
        60,
        62,
        129,
        240,
        113,
        242,
        249,
        6,
        85,
        85,
        245,
        213,
        4,
        194,
        37,
        249,
        26,
        131,
        170,
        170,
        90,
        133,
        172,
        103,
        162,
        170,
        106,
        15,
        194,
        55,
        101,
        162,
        170,
        106,
        93,
        178,
        144,
        21,
        133,
        89,
        248,
        134,
        76,
        84,
        85,
        109,
        67,
        234,
        139,
        77,
        84,
        85,
        213,
        221,
        153,
        88,
        28,
        168,
        170,
        170,
        187,
        112,
        96,
        49,
        56,
        82,
        102,
        255,
        64,
        85,
        85,
        221,
        146,
        114,
        52,
        1,
        130,
        84,
        85,
        213,
        29,
        16,
        4,
        38,
        16,
        14,
        28,
        168,
        170,
        170,
        155,
        59,
        112,
        0,
        97,
        98,
        118,
        224,
        112,
        160,
        170,
        170,
        110,
        238,
        112,
        224,
        192,
        44,
        179,
        105,
        122,
        245,
        221,
        119,
        223,
        141,
        239,
        199,
        171,
        49,
        37,
        161,
        170,
        170,
        174,
        75,
        61,
        188,
        121,
        251,
        230,
        159,
        222,
        252,
        248,
        227,
        143,
        111,
        15,
        7,
        29,
        128,
        122,
        152,
        253,
        136,
        78,
        83,
        66,
        85,
        85,
        93,
        151,
        30,
        14,
        111,
        223,
        254,
        120,
        152,
        169,
        192,
        0,
        227,
        225,
        237,
        148,
        112,
        248,
        238,
        109,
        166,
        137,
        170,
        170,
        186,
        182,
        195,
        193,
        195,
        143,
        135,
        183,
        111,
        222,
        190,
        61,
        136,
        48,
        48,
        70,
        223,
        4,
        167,
        67,
        94,
        101,
        162,
        170,
        170,
        174,
        237,
        224,
        91,
        15,
        135,
        55,
        111,
        223,
        40,
        34,
        131,
        153,
        188,
        229,
        71,
        157,
        50,
        189,
        37,
        84,
        85,
        213,
        181,
        201,
        225,
        224,
        225,
        237,
        155,
        195,
        91,
        101,
        54,
        12,
        2,
        111,
        249,
        241,
        48,
        101,
        34,
        161,
        170,
        170,
        174,
        77,
        57,
        120,
        120,
        235,
        91,
        103,
        224,
        0,
        35,
        240,
        54,
        38,
        76,
        48,
        81,
        85,
        85,
        215,
        117,
        128,
        3,
        122,
        112,
        129,
        16,
        2,
        33,
        9,
        9,
        19,
        85,
        85,
        117,
        27,
        7,
        20,
        21,
        193,
        64,
        32,
        132,
        16,
        32,
        84,
        85,
        213,
        245,
        9,
        136,
        136,
        32,
        1,
        2,
        1,
        2,
        132,
        170,
        170,
        186,
        5,
        1,
        1,
        65,
        8,
        179,
        48,
        11,
        85,
        85,
        117,
        91,
        50,
        19,
        8,
        39,
        161,
        170,
        170,
        110,
        79,
        142,
        254,
        63,
        166,
        102,
        73,
        140,
        80,
        178,
        65,
        222,
        0,
        0,
        0,
        0,
        73,
        69,
        78,
        68,
        174,
        66,
        96,
        130
      ]
    },
    "stat": {
      "dev": 16777220,
      "mode": 33188,
      "nlink": 1,
      "uid": 501,
      "gid": 20,
      "rdev": 0,
      "blksize": 4194304,
      "ino": 2088761,
      "size": 8634,
      "blocks": 24,
      "atime": "2018-04-17T07:59:11.793Z",
      "mtime": "2018-03-22T08:50:41.037Z",
      "ctime": "2018-03-22T08:50:41.037Z",
      "birthtime": "2018-03-22T08:50:41.037Z"
    },
    "history": [
      "/Users/jiangheng/Desktop/work-code/xxd-h5/src/mods/openaccount/yhimgs/jtyh_bg@2x.png"
    ],
    "path": "/Users/jiangheng/Desktop/work-code/xxd-h5/src/mods/openaccount/yhimgs/jtyh_bg@2x.png",
    "gulpCache$filePathChangedInsideTask": false,
    "gulpCache$fileBaseChangedInsideTask": false,
    "gulpCache$originalPath": "/Users/jiangheng/Desktop/work-code/xxd-h5/src/mods/openaccount/yhimgs/jtyh_bg@2x.png",
    "gulpCache$originalBase": "/Users/jiangheng/Desktop/work-code/xxd-h5/src/mods/"
  }
]