[
  {
    "cwd": "/Users/jiangheng/Desktop/work-code/xxd-h5",
    "base": "/Users/jiangheng/Desktop/work-code/xxd-h5/src/mods/",
    "contents": {
      "type": "Buffer",
      "data": [
        137,
        80,
        78,
        71,
        13,
        10,
        26,
        10,
        0,
        0,
        0,
        13,
        73,
        72,
        68,
        82,
        0,
        0,
        0,
        105,
        0,
        0,
        0,
        105,
        8,
        6,
        0,
        0,
        0,
        57,
        130,
        13,
        58,
        0,
        0,
        15,
        75,
        73,
        68,
        65,
        84,
        120,
        218,
        237,
        157,
        11,
        112,
        85,
        197,
        25,
        199,
        147,
        136,
        64,
        144,
        26,
        66,
        2,
        33,
        4,
        130,
        36,
        54,
        33,
        242,
        8,
        32,
        161,
        66,
        9,
        218,
        42,
        239,
        98,
        32,
        60,
        66,
        107,
        59,
        86,
        17,
        104,
        7,
        219,
        78,
        167,
        180,
        138,
        213,
        14,
        224,
        35,
        66,
        4,
        18,
        18,
        146,
        72,
        75,
        181,
        15,
        109,
        181,
        42,
        2,
        83,
        157,
        81,
        91,
        17,
        168,
        83,
        90,
        17,
        58,
        76,
        81,
        219,
        218,
        86,
        43,
        65,
        8,
        33,
        239,
        123,
        115,
        243,
        184,
        167,
        251,
        133,
        93,
        252,
        178,
        119,
        247,
        60,
        247,
        156,
        123,
        111,
        194,
        157,
        249,
        6,
        205,
        61,
        231,
        220,
        221,
        239,
        119,
        255,
        223,
        247,
        237,
        158,
        115,
        119,
        99,
        102,
        109,
        174,
        137,
        137,
        48,
        139,
        141,
        0,
        139,
        40,
        159,
        68,
        59,
        148,
        56,
        11,
        22,
        181,
        208,
        162,
        1,
        140,
        200,
        225,
        87,
        57,
        48,
        167,
        0,
        123,
        53,
        36,
        187,
        80,
        140,
        156,
        222,
        207,
        132,
        89,
        5,
        23,
        81,
        192,
        34,
        5,
        142,
        17,
        20,
        236,
        240,
        171,
        21,
        152,
        17,
        64,
        171,
        192,
        162,
        22,
        146,
        21,
        56,
        122,
        96,
        120,
        7,
        247,
        71,
        54,
        192,
        130,
        225,
        243,
        100,
        208,
        244,
        128,
        133,
        13,
        86,
        184,
        0,
        201,
        224,
        200,
        160,
        240,
        14,
        31,
        136,
        44,
        222,
        132,
        225,
        227,
        69,
        240,
        68,
        208,
        236,
        194,
        138,
        120,
        72,
        118,
        224,
        136,
        20,
        211,
        95,
        0,
        133,
        119,
        252,
        32,
        106,
        215,
        152,
        48,
        118,
        172,
        8,
        158,
        30,
        48,
        145,
        194,
        60,
        135,
        229,
        21,
        32,
        25,
        28,
        25,
        24,
        94,
        37,
        60,
        140,
        193,
        212,
        62,
        103,
        193,
        216,
        57,
        60,
        60,
        94,
        109,
        122,
        192,
        172,
        194,
        138,
        24,
        72,
        170,
        225,
        136,
        192,
        96,
        32,
        215,
        34,
        75,
        64,
        54,
        68,
        96,
        248,
        125,
        124,
        30,
        6,
        39,
        3,
        22,
        49,
        176,
        188,
        4,
        196,
        135,
        53,
        17,
        28,
        17,
        24,
        12,
        132,
        57,
        63,
        145,
        218,
        80,
        11,
        198,
        206,
        193,
        0,
        49,
        52,
        17,
        48,
        25,
        44,
        62,
        12,
        186,
        10,
        202,
        13,
        64,
        70,
        234,
        193,
        112,
        120,
        213,
        200,
        192,
        96,
        32,
        73,
        196,
        146,
        169,
        13,
        163,
        54,
        92,
        199,
        216,
        49,
        236,
        156,
        36,
        14,
        156,
        30,
        48,
        172,
        46,
        25,
        44,
        43,
        170,
        242,
        20,
        146,
        29,
        245,
        232,
        41,
        7,
        195,
        225,
        193,
        36,
        33,
        32,
        204,
        241,
        41,
        196,
        70,
        80,
        75,
        165,
        54,
        82,
        96,
        236,
        61,
        118,
        108,
        10,
        7,
        15,
        67,
        227,
        129,
        137,
        96,
        137,
        148,
        101,
        85,
        85,
        158,
        64,
        178,
        2,
        136,
        87,
        143,
        25,
        56,
        34,
        48,
        204,
        201,
        204,
        249,
        105,
        95,
        122,
        244,
        220,
        117,
        183,
        151,
        54,
        206,
        46,
        44,
        111,
        185,
        99,
        121,
        69,
        235,
        250,
        21,
        187,
        91,
        239,
        95,
        81,
        233,
        123,
        100,
        101,
        165,
        175,
        24,
        254,
        133,
        255,
        135,
        191,
        195,
        251,
        112,
        28,
        28,
        15,
        231,
        161,
        107,
        176,
        107,
        138,
        128,
        153,
        133,
        37,
        83,
        149,
        82,
        80,
        42,
        1,
        201,
        194,
        27,
        175,
        30,
        22,
        247,
        245,
        224,
        12,
        71,
        42,
        1,
        135,
        142,
        154,
        95,
        82,
        55,
        97,
        89,
        69,
        203,
        154,
        162,
        42,
        255,
        211,
        171,
        170,
        219,
        254,
        254,
        213,
        39,
        219,
        218,
        137,
        105,
        22,
        172,
        29,
        206,
        131,
        243,
        225,
        58,
        112,
        61,
        184,
        46,
        82,
        28,
        3,
        102,
        6,
        22,
        175,
        42,
        189,
        240,
        231,
        24,
        148,
        155,
        128,
        100,
        234,
        145,
        193,
        193,
        170,
        233,
        86,
        11,
        113,
        228,
        68,
        162,
        136,
        141,
        171,
        170,
        253,
        239,
        16,
        39,
        119,
        89,
        132,
        98,
        100,
        93,
        112,
        93,
        184,
        62,
        124,
        14,
        82,
        25,
        86,
        151,
        12,
        150,
        158,
        170,
        148,
        131,
        10,
        23,
        32,
        150,
        115,
        68,
        112,
        70,
        21,
        148,
        53,
        45,
        32,
        223,
        248,
        131,
        196,
        145,
        1,
        197,
        96,
        100,
        22,
        128,
        207,
        131,
        207,
        69,
        234,
        226,
        97,
        177,
        156,
        229,
        57,
        40,
        39,
        144,
        120,
        64,
        178,
        252,
        131,
        115,
        15,
        86,
        79,
        50,
        15,
        103,
        233,
        174,
        230,
        165,
        228,
        219,
        253,
        38,
        113,
        90,
        208,
        35,
        56,
        188,
        5,
        225,
        243,
        161,
        29,
        2,
        88,
        201,
        156,
        170,
        100,
        225,
        15,
        231,
        41,
        51,
        160,
        148,
        64,
        114,
        10,
        72,
        166,
        158,
        20,
        6,
        103,
        225,
        246,
        250,
        105,
        228,
        155,
        188,
        47,
        140,
        112,
        66,
        96,
        65,
        123,
        160,
        93,
        8,
        86,
        138,
        129,
        170,
        92,
        3,
        101,
        23,
        80,
        156,
        78,
        136,
        147,
        133,
        55,
        94,
        61,
        105,
        249,
        91,
        206,
        166,
        147,
        156,
        240,
        19,
        226,
        148,
        198,
        8,
        129,
        195,
        91,
        35,
        180,
        15,
        218,
        73,
        115,
        150,
        72,
        85,
        162,
        240,
        39,
        11,
        125,
        113,
        118,
        64,
        89,
        133,
        228,
        20,
        80,
        10,
        173,
        164,
        160,
        90,
        203,
        45,
        170,
        246,
        191,
        30,
        161,
        112,
        122,
        24,
        105,
        231,
        27,
        208,
        94,
        170,
        170,
        84,
        218,
        15,
        213,
        160,
        108,
        65,
        50,
        10,
        115,
        162,
        34,
        65,
        6,
        104,
        24,
        202,
        61,
        163,
        151,
        148,
        53,
        21,
        144,
        206,
        159,
        137,
        6,
        64,
        200,
        206,
        64,
        187,
        161,
        253,
        40,
        87,
        13,
        115,
        0,
        202,
        180,
        154,
        84,
        2,
        18,
        229,
        160,
        36,
        14,
        80,
        58,
        25,
        163,
        220,
        77,
        58,
        236,
        139,
        50,
        64,
        204,
        124,
        208,
        126,
        232,
        7,
        7,
        42,
        201,
        100,
        142,
        178,
        5,
        202,
        78,
        152,
        227,
        7,
        170,
        102,
        0,
        65,
        60,
        79,
        95,
        190,
        187,
        245,
        135,
        164,
        163,
        157,
        81,
        10,
        136,
        89,
        39,
        244,
        131,
        130,
        74,
        179,
        0,
        138,
        31,
        240,
        154,
        14,
        123,
        78,
        84,
        164,
        7,
        104,
        168,
        0,
        208,
        198,
        8,
        170,
        222,
        28,
        87,
        127,
        208,
        31,
        1,
        168,
        161,
        38,
        64,
        89,
        86,
        147,
        89,
        21,
        233,
        21,
        10,
        108,
        28,
        36,
        5,
        84,
        88,
        222,
        178,
        182,
        23,
        40,
        40,
        68,
        81,
        36,
        244,
        125,
        203,
        0,
        20,
        30,
        71,
        89,
        9,
        123,
        186,
        144,
        244,
        84,
        100,
        84,
        201,
        225,
        42,
        238,
        114,
        14,
        34,
        163,
        248,
        194,
        40,
        206,
        65,
        134,
        57,
        10,
        250,
        199,
        229,
        40,
        92,
        245,
        153,
        41,
        36,
        12,
        213,
        100,
        71,
        69,
        162,
        48,
        151,
        64,
        7,
        120,
        201,
        104,
        144,
        154,
        190,
        160,
        228,
        98,
        30,
        233,
        200,
        217,
        94,
        10,
        136,
        217,
        249,
        5,
        79,
        92,
        156,
        142,
        64,
        177,
        242,
        60,
        17,
        205,
        76,
        216,
        9,
        123,
        166,
        32,
        197,
        25,
        168,
        72,
        84,
        40,
        12,
        167,
        227,
        136,
        209,
        100,
        0,
        56,
        118,
        85,
        181,
        255,
        72,
        47,
        7,
        212,
        109,
        208,
        79,
        232,
        47,
        45,
        207,
        83,
        169,
        31,
        100,
        133,
        132,
        76,
        77,
        113,
        102,
        32,
        233,
        169,
        136,
        175,
        230,
        6,
        233,
        228,
        33,
        24,
        240,
        93,
        71,
        18,
        235,
        150,
        190,
        0,
        136,
        25,
        244,
        23,
        250,
        77,
        251,
        47,
        203,
        79,
        131,
        4,
        213,
        158,
        161,
        154,
        204,
        64,
        210,
        83,
        81,
        2,
        55,
        155,
        208,
        93,
        40,
        44,
        220,
        94,
        159,
        79,
        26,
        222,
        218,
        151,
        32,
        65,
        127,
        23,
        109,
        175,
        159,
        141,
        10,
        9,
        60,
        43,
        145,
        96,
        82,
        77,
        150,
        32,
        201,
        84,
        20,
        47,
        80,
        17,
        11,
        115,
        35,
        169,
        220,
        51,
        138,
        170,
        252,
        175,
        246,
        49,
        64,
        151,
        166,
        143,
        170,
        252,
        175,
        65,
        255,
        209,
        172,
        4,
        31,
        246,
        6,
        115,
        69,
        132,
        145,
        154,
        122,
        64,
        114,
        162,
        162,
        30,
        97,
        110,
        73,
        89,
        83,
        81,
        95,
        4,
        196,
        12,
        250,
        47,
        9,
        123,
        182,
        213,
        100,
        164,
        162,
        126,
        6,
        42,
        74,
        70,
        42,
        2,
        153,
        103,
        144,
        36,
        122,
        172,
        47,
        67,
        130,
        254,
        83,
        53,
        165,
        35,
        53,
        37,
        27,
        168,
        73,
        175,
        210,
        139,
        49,
        19,
        234,
        76,
        171,
        136,
        140,
        25,
        86,
        244,
        101,
        64,
        204,
        192,
        15,
        54,
        212,
        100,
        11,
        82,
        63,
        131,
        138,
        46,
        137,
        83,
        81,
        38,
        137,
        201,
        175,
        132,
        203,
        49,
        95,
        255,
        105,
        155,
        246,
        242,
        137,
        78,
        205,
        223,
        174,
        105,
        190,
        128,
        166,
        237,
        123,
        183,
        83,
        187,
        99,
        79,
        232,
        113,
        39,
        62,
        234,
        210,
        90,
        201,
        251,
        216,
        224,
        111,
        138,
        115,
        211,
        43,
        224,
        15,
        78,
        77,
        73,
        6,
        149,
        94,
        63,
        61,
        72,
        74,
        84,
        52,
        191,
        164,
        110,
        6,
        105,
        96,
        71,
        56,
        0,
        221,
        253,
        84,
        155,
        246,
        183,
        255,
        117,
        105,
        252,
        235,
        228,
        199,
        93,
        218,
        93,
        63,
        239,
        121,
        108,
        75,
        91,
        200,
        97,
        90,
        109,
        115,
        80,
        249,
        51,
        19,
        115,
        183,
        94,
        152,
        166,
        74,
        77,
        102,
        32,
        225,
        217,
        5,
        153,
        138,
        50,
        200,
        56,
        161,
        56,
        28,
        128,
        214,
        255,
        58,
        160,
        125,
        84,
        23,
        212,
        100,
        175,
        255,
        212,
        6,
        181,
        111,
        255,
        42,
        112,
        249,
        120,
        80,
        142,
        7,
        144,
        180,
        229,
        21,
        173,
        155,
        4,
        185,
        9,
        171,
        9,
        207,
        66,
        216,
        130,
        164,
        23,
        234,
        18,
        209,
        252,
        92,
        26,
        253,
        182,
        124,
        158,
        36,
        204,
        147,
        94,
        3,
        186,
        255,
        133,
        128,
        86,
        215,
        34,
        7,
        132,
        33,
        108,
        120,
        62,
        224,
        41,
        36,
        226,
        143,
        19,
        196,
        47,
        215,
        83,
        255,
        164,
        161,
        121,
        189,
        68,
        171,
        33,
        207,
        12,
        36,
        89,
        168,
        75,
        101,
        227,
        162,
        57,
        91,
        47,
        228,
        185,
        240,
        92,
        156,
        174,
        21,
        255,
        190,
        189,
        59,
        255,
        240,
        47,
        200,
        69,
        47,
        19,
        227,
        95,
        0,
        231,
        225,
        131,
        237,
        158,
        65,
        2,
        127,
        144,
        144,
        55,
        29,
        141,
        155,
        82,
        13,
        66,
        158,
        41,
        72,
        70,
        249,
        72,
        90,
        48,
        44,
        45,
        111,
        254,
        142,
        151,
        128,
        246,
        188,
        213,
        161,
        117,
        113,
        2,
        234,
        36,
        41,
        233,
        201,
        67,
        29,
        61,
        142,
        233,
        236,
        10,
        61,
        38,
        24,
        244,
        12,
        146,
        6,
        126,
        49,
        40,
        32,
        76,
        229,
        165,
        24,
        7,
        161,
        110,
        20,
        11,
        117,
        43,
        43,
        125,
        207,
        120,
        1,
        231,
        107,
        196,
        68,
        42,
        129,
        106,
        14,
        148,
        5,
        239,
        239,
        39,
        21,
        222,
        193,
        147,
        157,
        221,
        255,
        45,
        83,
        155,
        87,
        144,
        136,
        95,
        158,
        5,
        255,
        112,
        5,
        132,
        229,
        144,
        23,
        99,
        51,
        212,
        49,
        72,
        48,
        243,
        155,
        69,
        226,
        239,
        105,
        183,
        1,
        125,
        131,
        148,
        216,
        71,
        255,
        25,
        90,
        193,
        65,
        78,
        130,
        220,
        116,
        231,
        222,
        54,
        237,
        207,
        31,
        126,
        246,
        254,
        177,
        127,
        119,
        105,
        223,
        220,
        123,
        41,
        111,
        93,
        108,
        13,
        134,
        5,
        18,
        248,
        5,
        252,
        67,
        253,
        100,
        166,
        202,
        115,
        12,
        137,
        205,
        118,
        247,
        168,
        234,
        242,
        183,
        212,
        228,
        184,
        61,
        153,
        122,
        207,
        211,
        109,
        218,
        123,
        103,
        67,
        1,
        253,
        247,
        66,
        176,
        187,
        186,
        91,
        247,
        139,
        128,
        246,
        193,
        167,
        161,
        239,
        255,
        235,
        92,
        80,
        91,
        247,
        203,
        128,
        118,
        239,
        51,
        1,
        237,
        99,
        157,
        10,
        208,
        45,
        72,
        224,
        23,
        240,
        143,
        160,
        202,
        227,
        111,
        10,
        90,
        134,
        100,
        54,
        31,
        141,
        129,
        234,
        101,
        193,
        19,
        23,
        191,
        236,
        38,
        160,
        239,
        62,
        27,
        208,
        206,
        212,
        135,
        58,
        24,
        198,
        69,
        48,
        62,
        250,
        193,
        115,
        1,
        237,
        124,
        147,
        28,
        0,
        188,
        183,
        129,
        28,
        179,
        154,
        28,
        123,
        234,
        147,
        46,
        225,
        49,
        160,
        70,
        183,
        218,
        15,
        254,
        161,
        85,
        222,
        24,
        139,
        121,
        73,
        8,
        73,
        54,
        62,
        226,
        243,
        81,
        10,
        46,
        189,
        151,
        148,
        53,
        173,
        118,
        171,
        131,
        15,
        188,
        24,
        208,
        26,
        124,
        161,
        0,
        14,
        189,
        223,
        217,
        61,
        195,
        176,
        229,
        128,
        184,
        90,
        147,
        85,
        118,
        16,
        50,
        223,
        250,
        32,
        52,
        167,
        193,
        39,
        252,
        248,
        165,
        128,
        91,
        19,
        174,
        171,
        81,
        94,
        74,
        227,
        238,
        220,
        178,
        188,
        36,
        27,
        47,
        153,
        130,
        100,
        84,
        52,
        100,
        45,
        171,
        104,
        121,
        192,
        141,
        206,
        109,
        123,
        181,
        93,
        107,
        235,
        8,
        117,
        248,
        243,
        127,
        189,
        84,
        193,
        85,
        190,
        25,
        90,
        189,
        233,
        189,
        224,
        216,
        42,
        114,
        14,
        20,
        20,
        47,
        188,
        19,
        10,
        10,
        10,
        12,
        40,
        52,
        84,
        247,
        131,
        248,
        103,
        35,
        205,
        75,
        102,
        138,
        7,
        93,
        72,
        124,
        249,
        141,
        43,
        59,
        89,
        209,
        0,
        113,
        54,
        123,
        249,
        238,
        214,
        109,
        170,
        59,
        182,
        247,
        72,
        71,
        72,
        169,
        12,
        78,
        174,
        252,
        163,
        220,
        201,
        102,
        95,
        47,
        29,
        191,
        84,
        249,
        85,
        31,
        10,
        133,
        12,
        101,
        253,
        207,
        14,
        119,
        168,
        190,
        99,
        187,
        13,
        252,
        68,
        253,
        37,
        43,
        30,
        248,
        10,
        175,
        71,
        25,
        30,
        227,
        100,
        16,
        75,
        108,
        28,
        105,
        68,
        169,
        202,
        18,
        251,
        192,
        9,
        113,
        137,
        253,
        8,
        13,
        87,
        135,
        255,
        97,
        31,
        16,
        123,
        253,
        137,
        84,
        137,
        112,
        173,
        199,
        136,
        114,
        124,
        130,
        112,
        121,
        128,
        150,
        240,
        138,
        32,
        149,
        130,
        159,
        156,
        12,
        106,
        173,
        66,
        234,
        81,
        217,
        169,
        134,
        116,
        88,
        144,
        47,
        216,
        148,
        14,
        84,
        120,
        167,
        107,
        186,
        52,
        85,
        175,
        247,
        73,
        181,
        184,
        134,
        84,
        133,
        63,
        250,
        157,
        120,
        106,
        233,
        8,
        249,
        50,
        40,
        130,
        180,
        11,
        65,
        74,
        71,
        15,
        170,
        40,
        135,
        36,
        42,
        191,
        51,
        41,
        164,
        50,
        85,
        144,
        120,
        103,
        177,
        201,
        209,
        239,
        253,
        38,
        160,
        213,
        212,
        7,
        53,
        213,
        175,
        179,
        13,
        65,
        237,
        251,
        191,
        13,
        116,
        151,
        241,
        80,
        206,
        187,
        81,
        150,
        131,
        127,
        40,
        164,
        76,
        187,
        101,
        184,
        115,
        72,
        21,
        173,
        37,
        170,
        32,
        109,
        218,
        223,
        126,
        57,
        79,
        176,
        219,
        12,
        15,
        237,
        107,
        215,
        26,
        253,
        234,
        1,
        177,
        87,
        51,
        185,
        54,
        124,
        6,
        190,
        221,
        209,
        65,
        254,
        129,
        191,
        41,
        154,
        13,
        47,
        9,
        55,
        164,
        156,
        194,
        242,
        150,
        7,
        85,
        38,
        218,
        210,
        215,
        219,
        181,
        23,
        143,
        127,
        118,
        195,
        238,
        147,
        122,
        247,
        0,
        177,
        87,
        77,
        67,
        240,
        242,
        141,
        67,
        40,
        44,
        118,
        188,
        166,
        174,
        202,
        3,
        255,
        128,
        159,
        194,
        170,
        164,
        130,
        178,
        166,
        181,
        110,
        14,
        102,
        33,
        236,
        184,
        253,
        130,
        113,
        148,
        139,
        183,
        210,
        215,
        134,
        61,
        220,
        205,
        47,
        169,
        155,
        119,
        5,
        146,
        220,
        192,
        63,
        94,
        65,
        146,
        86,
        119,
        249,
        155,
        107,
        114,
        221,
        156,
        187,
        139,
        114,
        72,
        173,
        224,
        31,
        174,
        186,
        27,
        233,
        86,
        117,
        39,
        29,
        39,
        17,
        155,
        184,
        170,
        218,
        255,
        94,
        184,
        33,
        193,
        12,
        5,
        204,
        207,
        97,
        219,
        188,
        191,
        61,
        172,
        144,
        192,
        47,
        224,
        31,
        213,
        227,
        36,
        203,
        51,
        14,
        208,
        136,
        21,
        149,
        190,
        231,
        194,
        13,
        9,
        230,
        230,
        68,
        183,
        215,
        195,
        9,
        9,
        252,
        66,
        33,
        41,
        153,
        113,
        176,
        61,
        119,
        71,
        108,
        252,
        146,
        93,
        205,
        27,
        174,
        64,
        18,
        76,
        174,
        238,
        106,
        134,
        159,
        109,
        142,
        87,
        53,
        119,
        103,
        123,
        22,
        28,
        26,
        113,
        219,
        227,
        181,
        183,
        184,
        245,
        140,
        67,
        20,
        67,
        234,
        154,
        67,
        252,
        66,
        33,
        41,
        155,
        5,
        183,
        117,
        63,
        137,
        216,
        13,
        196,
        38,
        23,
        85,
        251,
        79,
        93,
        129,
        212,
        99,
        237,
        135,
        83,
        224,
        23,
        234,
        31,
        101,
        247,
        147,
        108,
        221,
        153,
        165,
        73,
        113,
        210,
        178,
        138,
        150,
        157,
        87,
        32,
        245,
        184,
        69,
        177,
        19,
        252,
        162,
        83,
        217,
        13,
        113,
        227,
        246,
        185,
        244,
        25,
        7,
        98,
        19,
        230,
        110,
        189,
        48,
        199,
        141,
        39,
        88,
        163,
        20,
        82,
        7,
        248,
        3,
        252,
        226,
        197,
        51,
        14,
        166,
        158,
        22,
        162,
        113,
        119,
        202,
        202,
        42,
        223,
        31,
        84,
        67,
        58,
        83,
        239,
        62,
        36,
        213,
        207,
        56,
        16,
        63,
        188,
        1,
        254,
        224,
        242,
        145,
        210,
        167,
        133,
        44,
        63,
        119,
        71,
        231,
        166,
        114,
        23,
        239,
        108,
        184,
        75,
        53,
        164,
        167,
        142,
        118,
        104,
        129,
        14,
        247,
        32,
        5,
        209,
        221,
        94,
        85,
        6,
        126,
        152,
        117,
        105,
        16,
        155,
        163,
        250,
        185,
        59,
        39,
        131,
        218,
        108,
        42,
        237,
        27,
        139,
        170,
        252,
        199,
        251,
        242,
        207,
        94,
        72,
        255,
        223,
        5,
        63,
        80,
        127,
        100,
        171,
        126,
        130,
        213,
        209,
        179,
        224,
        172,
        202,
        91,
        188,
        179,
        113,
        77,
        95,
        134,
        68,
        250,
        191,
        22,
        85,
        117,
        142,
        67,
        157,
        210,
        95,
        85,
        176,
        41,
        34,
        248,
        22,
        185,
        145,
        155,
        162,
        193,
        72,
        191,
        15,
        81,
        21,
        77,
        148,
        84,
        117,
        70,
        191,
        170,
        176,
        13,
        201,
        212,
        239,
        147,
        80,
        1,
        49,
        121,
        222,
        182,
        186,
        130,
        94,
        188,
        10,
        138,
        116,
        117,
        20,
        232,
        55,
        85,
        145,
        168,
        96,
        112,
        244,
        251,
        36,
        101,
        191,
        244,
        195,
        106,
        42,
        44,
        111,
        217,
        209,
        151,
        32,
        145,
        113,
        209,
        14,
        78,
        69,
        74,
        127,
        233,
        167,
        90,
        77,
        16,
        139,
        115,
        243,
        55,
        215,
        76,
        39,
        242,
        63,
        218,
        71,
        138,
        133,
        191,
        64,
        127,
        105,
        69,
        119,
        131,
        74,
        21,
        185,
        242,
        235,
        115,
        84,
        233,
        77,
        189,
        173,
        184,
        118,
        238,
        170,
        106,
        255,
        167,
        189,
        252,
        215,
        230,
        181,
        115,
        182,
        94,
        88,
        4,
        253,
        229,
        42,
        58,
        87,
        127,
        125,
        238,
        104,
        29,
        7,
        58,
        79,
        149,
        67,
        167,
        68,
        166,
        125,
        101,
        71,
        3,
        60,
        134,
        220,
        214,
        75,
        33,
        181,
        145,
        254,
        221,
        3,
        253,
        164,
        253,
        205,
        65,
        191,
        238,
        83,
        190,
        142,
        131,
        210,
        21,
        81,
        216,
        45,
        12,
        42,
        255,
        188,
        37,
        101,
        77,
        15,
        122,
        253,
        75,
        64,
        15,
        172,
        139,
        244,
        235,
        33,
        232,
        31,
        42,
        22,
        178,
        220,
        92,
        17,
        69,
        233,
        218,
        66,
        52,
        105,
        178,
        176,
        7,
        211,
        35,
        95,
        88,
        90,
        222,
        252,
        120,
        111,
        90,
        57,
        18,
        250,
        3,
        253,
        162,
        253,
        99,
        97,
        46,
        211,
        203,
        181,
        133,
        28,
        175,
        210,
        69,
        101,
        207,
        170,
        189,
        169,
        221,
        160,
        118,
        53,
        63,
        214,
        27,
        214,
        96,
        133,
        126,
        80,
        64,
        83,
        81,
        53,
        119,
        189,
        23,
        171,
        116,
        41,
        93,
        239,
        14,
        85,
        123,
        57,
        172,
        44,
        135,
        142,
        21,
        148,
        54,
        221,
        23,
        197,
        57,
        170,
        13,
        218,
        79,
        1,
        177,
        114,
        59,
        7,
        85,
        115,
        174,
        175,
        119,
        167,
        124,
        229,
        72,
        58,
        69,
        207,
        202,
        242,
        73,
        12,
        212,
        162,
        29,
        13,
        107,
        73,
        85,
        116,
        46,
        202,
        170,
        184,
        115,
        208,
        110,
        4,
        104,
        18,
        42,
        183,
        199,
        134,
        107,
        229,
        72,
        37,
        107,
        176,
        162,
        66,
        162,
        7,
        168,
        91,
        139,
        107,
        23,
        145,
        113,
        212,
        219,
        81,
        50,
        221,
        243,
        54,
        180,
        87,
        0,
        40,
        139,
        43,
        183,
        69,
        107,
        176,
        14,
        86,
        189,
        6,
        171,
        43,
        171,
        25,
        115,
        160,
        46,
        231,
        40,
        98,
        179,
        10,
        203,
        155,
        203,
        34,
        120,
        10,
        201,
        7,
        237,
        131,
        118,
        114,
        57,
        136,
        7,
        228,
        233,
        106,
        198,
        174,
        173,
        11,
        78,
        59,
        132,
        115,
        212,
        20,
        90,
        190,
        206,
        152,
        183,
        173,
        110,
        229,
        202,
        74,
        95,
        68,
        173,
        215,
        10,
        237,
        129,
        118,
        65,
        251,
        104,
        59,
        167,
        112,
        57,
        40,
        195,
        230,
        2,
        238,
        74,
        214,
        5,
        119,
        109,
        133,
        125,
        148,
        163,
        198,
        209,
        178,
        53,
        151,
        14,
        4,
        111,
        130,
        111,
        43,
        25,
        24,
        222,
        75,
        66,
        203,
        177,
        48,
        135,
        182,
        99,
        164,
        29,
        235,
        169,
        122,
        110,
        162,
        237,
        203,
        165,
        237,
        29,
        199,
        229,
        32,
        188,
        19,
        140,
        167,
        43,
        236,
        187,
        186,
        87,
        5,
        42,
        207,
        179,
        233,
        0,
        112,
        18,
        13,
        35,
        121,
        244,
        91,
        155,
        191,
        112,
        123,
        253,
        186,
        21,
        149,
        190,
        67,
        54,
        246,
        237,
        179,
        107,
        237,
        240,
        121,
        228,
        115,
        161,
        48,
        200,
        71,
        234,
        153,
        74,
        219,
        55,
        158,
        182,
        151,
        149,
        217,
        17,
        177,
        87,
        133,
        29,
        80,
        241,
        102,
        119,
        125,
        161,
        29,
        205,
        164,
        113,
        61,
        7,
        169,
        234,
        70,
        26,
        251,
        103,
        130,
        179,
        110,
        45,
        62,
        127,
        59,
        25,
        147,
        148,
        21,
        85,
        117,
        47,
        230,
        161,
        122,
        32,
        12,
        27,
        89,
        157,
        134,
        235,
        195,
        231,
        80,
        56,
        51,
        81,
        113,
        192,
        212,
        147,
        67,
        219,
        153,
        137,
        202,
        108,
        35,
        64,
        158,
        236,
        250,
        226,
        250,
        254,
        73,
        40,
        79,
        49,
        85,
        177,
        162,
        98,
        50,
        130,
        53,
        131,
        134,
        157,
        155,
        137,
        35,
        11,
        200,
        24,
        101,
        211,
        242,
        221,
        173,
        251,
        137,
        115,
        63,
        180,
        241,
        100,
        82,
        7,
        156,
        7,
        231,
        195,
        117,
        224,
        122,
        112,
        93,
        122,
        253,
        25,
        8,
        206,
        100,
        84,
        28,
        48,
        245,
        176,
        252,
        19,
        113,
        251,
        39,
        185,
        190,
        19,
        25,
        82,
        85,
        6,
        202,
        85,
        60,
        172,
        60,
        164,
        46,
        112,
        40,
        44,
        235,
        124,
        203,
        236,
        135,
        207,
        206,
        157,
        95,
        82,
        119,
        231,
        226,
        157,
        141,
        247,
        21,
        148,
        53,
        61,
        74,
        20,
        81,
        90,
        88,
        222,
        178,
        135,
        216,
        94,
        248,
        23,
        254,
        31,
        254,
        14,
        239,
        195,
        113,
        112,
        60,
        156,
        71,
        207,
        159,
        133,
        84,
        147,
        39,
        128,
        51,
        14,
        21,
        7,
        76,
        61,
        17,
        187,
        19,
        153,
        39,
        123,
        250,
        161,
        92,
        149,
        201,
        193,
        98,
        97,
        112,
        10,
        7,
        108,
        6,
        117,
        242,
        23,
        169,
        195,
        243,
        169,
        205,
        70,
        198,
        254,
        54,
        139,
        30,
        55,
        19,
        41,
        134,
        129,
        153,
        130,
        194,
        26,
        134,
        147,
        137,
        114,
        143,
        149,
        61,
        253,
        226,
        195,
        177,
        167,
        159,
        167,
        187,
        99,
        34,
        88,
        56,
        12,
        230,
        208,
        196,
        61,
        129,
        38,
        113,
        12,
        141,
        129,
        3,
        155,
        46,
        176,
        60,
        4,
        4,
        67,
        153,
        68,
        175,
        55,
        158,
        94,
        31,
        135,
        53,
        30,
        78,
        84,
        236,
        142,
        169,
        98,
        159,
        217,
        107,
        172,
        236,
        51,
        203,
        193,
        98,
        234,
        202,
        66,
        10,
        27,
        79,
        109,
        34,
        53,
        6,
        143,
        183,
        73,
        232,
        24,
        118,
        14,
        83,
        76,
        22,
        82,
        141,
        30,
        28,
        126,
        83,
        96,
        172,
        30,
        51,
        85,
        156,
        103,
        251,
        204,
        134,
        101,
        199,
        102,
        154,
        11,
        24,
        176,
        177,
        72,
        97,
        12,
        90,
        54,
        117,
        56,
        182,
        28,
        193,
        223,
        178,
        17,
        20,
        166,
        152,
        177,
        8,
        204,
        232,
        222,
        176,
        99,
        179,
        234,
        189,
        207,
        141,
        54,
        166,
        15,
        217,
        251,
        28,
        41,
        108,
        12,
        117,
        46,
        83,
        90,
        6,
        82,
        28,
        111,
        248,
        125,
        118,
        206,
        24,
        164,
        152,
        94,
        183,
        247,
        185,
        25,
        80,
        113,
        18,
        80,
        50,
        85,
        25,
        193,
        194,
        234,
        98,
        10,
        99,
        42,
        99,
        78,
        102,
        106,
        147,
        217,
        104,
        116,
        108,
        26,
        186,
        198,
        8,
        78,
        53,
        102,
        224,
        12,
        210,
        201,
        63,
        102,
        171,
        184,
        88,
        171,
        62,
        183,
        3,
        201,
        42,
        40,
        62,
        252,
        153,
        133,
        149,
        40,
        1,
        54,
        156,
        86,
        90,
        35,
        144,
        218,
        82,
        145,
        243,
        177,
        165,
        34,
        149,
        140,
        160,
        231,
        13,
        151,
        128,
        73,
        180,
        0,
        135,
        15,
        111,
        174,
        1,
        114,
        2,
        201,
        10,
        40,
        153,
        170,
        6,
        160,
        178,
        85,
        4,
        75,
        4,
        12,
        67,
        99,
        224,
        48,
        60,
        145,
        13,
        67,
        64,
        48,
        20,
        17,
        24,
        25,
        156,
        120,
        1,
        28,
        89,
        120,
        83,
        10,
        200,
        41,
        36,
        61,
        80,
        70,
        170,
        50,
        130,
        165,
        7,
        140,
        65,
        195,
        224,
        204,
        88,
        34,
        130,
        162,
        7,
        198,
        44,
        28,
        43,
        234,
        137,
        117,
        226,
        103,
        167,
        144,
        172,
        130,
        226,
        85,
        37,
        11,
        131,
        50,
        96,
        24,
        26,
        3,
        151,
        192,
        1,
        28,
        194,
        129,
        72,
        224,
        128,
        92,
        139,
        174,
        37,
        3,
        51,
        80,
        2,
        199,
        142,
        122,
        98,
        157,
        250,
        88,
        5,
        36,
        183,
        96,
        201,
        128,
        49,
        104,
        24,
        156,
        25,
        27,
        204,
        65,
        17,
        129,
        137,
        40,
        56,
        110,
        64,
        50,
        2,
        165,
        7,
        139,
        15,
        131,
        24,
        24,
        175,
        48,
        12,
        142,
        135,
        39,
        179,
        65,
        28,
        16,
        145,
        98,
        6,
        160,
        207,
        150,
        133,
        53,
        179,
        112,
        98,
        85,
        250,
        85,
        53,
        36,
        43,
        170,
        226,
        97,
        137,
        212,
        117,
        181,
        0,
        24,
        86,
        154,
        8,
        94,
        188,
        4,
        198,
        64,
        1,
        20,
        145,
        98,
        68,
        170,
        185,
        138,
        107,
        183,
        39,
        112,
        220,
        134,
        100,
        70,
        85,
        177,
        58,
        176,
        68,
        10,
        227,
        149,
        38,
        130,
        167,
        103,
        253,
        5,
        74,
        209,
        83,
        140,
        85,
        229,
        196,
        186,
        229,
        75,
        55,
        33,
        217,
        129,
        101,
        4,
        76,
        4,
        205,
        142,
        245,
        51,
        9,
        38,
        172,
        112,
        188,
        132,
        100,
        5,
        22,
        15,
        76,
        6,
        77,
        6,
        80,
        102,
        70,
        215,
        136,
        179,
        1,
        38,
        214,
        43,
        223,
        121,
        9,
        201,
        14,
        48,
        17,
        52,
        51,
        224,
        172,
        0,
        137,
        179,
        216,
        30,
        207,
        253,
        21,
        46,
        72,
        118,
        129,
        153,
        1,
        24,
        167,
        0,
        68,
        216,
        193,
        68,
        26,
        36,
        149,
        208,
        84,
        89,
        68,
        249,
        228,
        255,
        17,
        174,
        150,
        114,
        207,
        158,
        119,
        32,
        0,
        0,
        0,
        0,
        73,
        69,
        78,
        68,
        174,
        66,
        96,
        130
      ]
    },
    "stat": {
      "dev": 16777220,
      "mode": 33188,
      "nlink": 1,
      "uid": 501,
      "gid": 20,
      "rdev": 0,
      "blksize": 4194304,
      "ino": 2088622,
      "size": 5359,
      "blocks": 16,
      "atime": "2018-04-17T07:59:11.786Z",
      "mtime": "2018-03-22T08:50:40.993Z",
      "ctime": "2018-03-22T08:50:40.993Z",
      "birthtime": "2018-03-22T08:50:40.993Z"
    },
    "history": [
      "/Users/jiangheng/Desktop/work-code/xxd-h5/src/mods/helpcenter/imgs/gohome@3x.png"
    ],
    "path": "/Users/jiangheng/Desktop/work-code/xxd-h5/src/mods/helpcenter/imgs/gohome@3x.png",
    "gulpCache$filePathChangedInsideTask": false,
    "gulpCache$fileBaseChangedInsideTask": false,
    "gulpCache$originalPath": "/Users/jiangheng/Desktop/work-code/xxd-h5/src/mods/helpcenter/imgs/gohome@3x.png",
    "gulpCache$originalBase": "/Users/jiangheng/Desktop/work-code/xxd-h5/src/mods/"
  }
]