[
  {
    "cwd": "/Users/jiangheng/Desktop/work-code/xxd-h5",
    "base": "/Users/jiangheng/Desktop/work-code/xxd-h5/src/mods/",
    "contents": {
      "type": "Buffer",
      "data": [
        137,
        80,
        78,
        71,
        13,
        10,
        26,
        10,
        0,
        0,
        0,
        13,
        73,
        72,
        68,
        82,
        0,
        0,
        0,
        102,
        0,
        0,
        0,
        122,
        8,
        6,
        0,
        0,
        0,
        77,
        203,
        38,
        130,
        0,
        0,
        18,
        37,
        73,
        68,
        65,
        84,
        120,
        218,
        237,
        157,
        119,
        124,
        20,
        69,
        27,
        199,
        39,
        119,
        151,
        203,
        213,
        244,
        158,
        144,
        66,
        72,
        72,
        66,
        128,
        80,
        36,
        132,
        208,
        123,
        218,
        165,
        146,
        16,
        106,
        164,
        38,
        72,
        183,
        0,
        65,
        69,
        16,
        16,
        72,
        72,
        33,
        116,
        65,
        32,
        128,
        136,
        72,
        19,
        17,
        5,
        145,
        0,
        9,
        132,
        230,
        43,
        72,
        19,
        196,
        142,
        128,
        248,
        218,
        120,
        69,
        58,
        239,
        51,
        231,
        108,
        62,
        235,
        185,
        119,
        217,
        189,
        219,
        59,
        239,
        142,
        253,
        227,
        247,
        73,
        185,
        219,
        153,
        217,
        249,
        238,
        204,
        60,
        51,
        207,
        179,
        51,
        232,
        241,
        227,
        199,
        72,
        144,
        245,
        169,
        254,
        151,
        172,
        178,
        71,
        70,
        9,
        37,
        46,
        208,
        43,
        248,
        220,
        193,
        33,
        169,
        228,
        101,
        248,
        253,
        49,
        91,
        57,
        166,
        86,
        52,
        198,
        215,
        25,
        74,
        215,
        158,
        164,
        183,
        94,
        205,
        5,
        6,
        87,
        46,
        72,
        34,
        73,
        41,
        123,
        142,
        3,
        152,
        219,
        206,
        253,
        222,
        8,
        131,
        235,
        68,
        2,
        24,
        243,
        129,
        17,
        129,
        156,
        156,
        210,
        22,
        23,
        113,
        1,
        227,
        59,
        228,
        157,
        40,
        184,
        206,
        209,
        2,
        21,
        2,
        173,
        185,
        120,
        0,
        252,
        126,
        201,
        74,
        116,
        16,
        202,
        163,
        33,
        15,
        180,
        217,
        193,
        40,
        20,
        25,
        203,
        89,
        119,
        101,
        80,
        176,
        63,
        131,
        135,
        239,
        110,
        1,
        215,
        73,
        205,
        13,
        5,
        36,
        22,
        39,
        151,
        62,
        203,
        165,
        155,
        53,
        179,
        110,
        137,
        83,
        202,
        70,
        226,
        114,
        105,
        187,
        114,
        93,
        48,
        162,
        228,
        133,
        49,
        80,
        65,
        83,
        64,
        211,
        97,
        124,
        120,
        81,
        191,
        138,
        95,
        2,
        229,
        71,
        141,
        173,
        17,
        25,
        0,
        163,
        82,
        101,
        173,
        156,
        201,
        5,
        76,
        232,
        200,
        15,
        98,
        113,
        75,
        211,
        55,
        206,
        64,
        101,
        6,
        192,
        247,
        166,
        178,
        44,
        223,
        96,
        175,
        129,
        155,
        36,
        122,
        91,
        179,
        166,
        114,
        146,
        181,
        128,
        129,
        178,
        94,
        149,
        165,
        47,
        193,
        96,
        164,
        76,
        96,
        68,
        0,
        166,
        144,
        67,
        130,
        95,
        3,
        24,
        41,
        83,
        37,
        154,
        3,
        12,
        78,
        19,
        140,
        131,
        238,
        28,
        202,
        119,
        41,
        48,
        127,
        167,
        92,
        55,
        45,
        82,
        54,
        185,
        34,
        115,
        197,
        20,
        107,
        1,
        3,
        245,
        126,
        13,
        234,
        106,
        12,
        148,
        75,
        166,
        29,
        99,
        105,
        96,
        112,
        243,
        118,
        132,
        49,
        97,
        56,
        124,
        241,
        14,
        171,
        196,
        146,
        74,
        142,
        119,
        124,
        241,
        75,
        37,
        211,
        96,
        205,
        55,
        24,
        202,
        152,
        128,
        244,
        186,
        194,
        223,
        247,
        88,
        150,
        175,
        182,
        205,
        115,
        167,
        213,
        186,
        229,
        35,
        101,
        83,
        170,
        178,
        94,
        47,
        178,
        22,
        48,
        208,
        19,
        220,
        80,
        103,
        175,
        26,
        139,
        31,
        24,
        93,
        48,
        184,
        176,
        50,
        101,
        230,
        138,
        66,
        182,
        96,
        32,
        177,
        83,
        61,
        102,
        93,
        119,
        197,
        21,
        102,
        33,
        48,
        78,
        110,
        185,
        85,
        189,
        224,
        239,
        251,
        44,
        203,
        87,
        7,
        15,
        142,
        187,
        110,
        249,
        108,
        17,
        140,
        28,
        127,
        8,
        21,
        116,
        151,
        77,
        98,
        146,
        212,
        242,
        58,
        184,
        198,
        149,
        201,
        138,
        162,
        110,
        222,
        37,
        103,
        205,
        4,
        14,
        96,
        110,
        195,
        53,
        94,
        24,
        128,
        158,
        1,
        91,
        214,
        164,
        96,
        127,
        44,
        219,
        22,
        3,
        229,
        59,
        209,
        229,
        229,
        111,
        189,
        116,
        203,
        103,
        139,
        96,
        20,
        48,
        143,
        24,
        207,
        22,
        12,
        238,
        23,
        165,
        154,
        202,
        57,
        144,
        40,
        12,
        180,
        37,
        211,
        233,
        130,
        207,
        94,
        116,
        76,
        45,
        159,
        1,
        149,
        243,
        49,
        135,
        2,
        222,
        135,
        244,
        22,
        131,
        117,
        242,
        178,
        110,
        122,
        88,
        48,
        39,
        154,
        33,
        213,
        44,
        90,
        7,
        223,
        123,
        200,
        110,
        178,
        90,
        126,
        210,
        142,
        192,
        172,
        30,
        199,
        22,
        140,
        181,
        203,
        206,
        90,
        140,
        0,
        70,
        0,
        35,
        128,
        249,
        155,
        192,
        240,
        154,
        138,
        25,
        8,
        96,
        184,
        129,
        121,
        228,
        154,
        179,
        182,
        214,
        35,
        111,
        195,
        62,
        62,
        229,
        222,
        127,
        253,
        94,
        183,
        220,
        117,
        187,
        193,
        72,
        90,
        229,
        59,
        120,
        75,
        162,
        208,
        98,
        140,
        0,
        147,
        177,
        240,
        126,
        54,
        92,
        151,
        12,
        234,
        11,
        234,
        195,
        147,
        122,
        131,
        58,
        129,
        162,
        137,
        69,
        42,
        19,
        192,
        112,
        4,
        19,
        59,
        233,
        84,
        22,
        169,
        192,
        38,
        60,
        10,
        175,
        166,
        135,
        128,
        124,
        64,
        120,
        50,
        236,
        168,
        187,
        36,
        35,
        128,
        105,
        0,
        76,
        68,
        97,
        117,
        55,
        184,
        206,
        19,
        228,
        76,
        42,
        145,
        47,
        169,
        72,
        23,
        38,
        37,
        101,
        67,
        2,
        24,
        246,
        233,
        61,
        12,
        25,
        177,
        39,
        158,
        12,
        206,
        18,
        178,
        10,
        204,
        167,
        68,
        212,
        146,
        191,
        33,
        48,
        247,
        236,
        2,
        76,
        74,
        25,
        159,
        19,
        204,
        135,
        65,
        195,
        223,
        139,
        51,
        180,
        242,
        205,
        73,
        73,
        197,
        240,
        179,
        152,
        149,
        163,
        76,
        11,
        70,
        157,
        189,
        122,
        162,
        61,
        64,
        33,
        96,
        78,
        91,
        7,
        152,
        249,
        0,
        162,
        4,
        161,
        148,
        10,
        80,
        57,
        168,
        140,
        147,
        7,
        83,
        187,
        86,
        230,
        55,
        100,
        107,
        95,
        231,
        126,
        111,
        84,
        129,
        25,
        247,
        158,
        231,
        128,
        55,
        247,
        216,
        162,
        60,
        242,
        54,
        238,
        134,
        123,
        216,
        5,
        38,
        232,
        204,
        222,
        179,
        127,
        242,
        176,
        56,
        152,
        190,
        243,
        254,
        170,
        252,
        244,
        229,
        8,
        165,
        45,
        133,
        159,
        43,
        0,
        204,
        66,
        20,
        210,
        109,
        26,
        242,
        235,
        53,
        11,
        181,
        232,
        52,
        9,
        237,
        246,
        143,
        66,
        239,
        6,
        68,
        179,
        6,
        35,
        35,
        38,
        91,
        51,
        80,
        103,
        98,
        202,
        217,
        162,
        122,
        130,
        158,
        2,
        5,
        147,
        193,
        85,
        98,
        49,
        48,
        24,
        70,
        118,
        21,
        146,
        247,
        153,
        131,
        122,
        198,
        141,
        68,
        113,
        9,
        99,
        81,
        92,
        215,
        41,
        104,
        124,
        243,
        52,
        244,
        149,
        139,
        59,
        58,
        225,
        213,
        8,
        157,
        244,
        12,
        68,
        103,
        221,
        125,
        209,
        103,
        32,
        54,
        96,
        28,
        136,
        169,
        166,
        38,
        166,
        91,
        8,
        49,
        229,
        234,
        5,
        118,
        124,
        19,
        221,
        255,
        89,
        169,
        112,
        164,
        77,
        32,
        200,
        189,
        126,
        94,
        96,
        110,
        48,
        125,
        161,
        187,
        210,
        44,
        65,
        41,
        237,
        134,
        161,
        17,
        109,
        135,
        160,
        229,
        161,
        237,
        209,
        45,
        133,
        76,
        11,
        227,
        43,
        23,
        55,
        116,
        193,
        205,
        27,
        213,
        121,
        5,
        107,
        193,
        28,
        7,
        29,
        243,
        10,
        210,
        138,
        109,
        48,
        134,
        136,
        192,
        145,
        19,
        19,
        142,
        110,
        210,
        57,
        171,
        178,
        86,
        166,
        98,
        231,
        24,
        168,
        70,
        148,
        188,
        176,
        86,
        175,
        146,
        74,
        176,
        106,
        148,
        153,
        43,
        250,
        113,
        53,
        45,
        19,
        231,
        254,
        226,
        234,
        152,
        90,
        177,
        0,
        174,
        63,
        98,
        48,
        31,
        252,
        25,
        228,
        35,
        78,
        46,
        221,
        218,
        108,
        252,
        81,
        63,
        134,
        124,
        148,
        164,
        18,
        37,
        122,
        60,
        152,
        60,
        130,
        153,
        175,
        237,
        178,
        6,
        181,
        202,
        67,
        55,
        85,
        42,
        244,
        95,
        165,
        12,
        93,
        114,
        243,
        66,
        53,
        222,
        33,
        245,
        0,
        244,
        137,
        75,
        148,
        140,
        3,
        41,
        56,
        221,
        148,
        195,
        55,
        39,
        5,
        48,
        237,
        57,
        186,
        75,
        183,
        209,
        42,
        135,
        141,
        201,
        232,
        8,
        99,
        91,
        8,
        92,
        251,
        39,
        235,
        60,
        146,
        74,
        246,
        199,
        77,
        189,
        160,
        34,
        15,
        20,
        163,
        9,
        170,
        207,
        87,
        196,
        11,
        24,
        220,
        82,
        50,
        87,
        33,
        77,
        187,
        225,
        0,
        68,
        9,
        221,
        147,
        159,
        182,
        101,
        52,
        4,
        196,
        24,
        48,
        76,
        170,
        239,
        230,
        224,
        9,
        221,
        207,
        193,
        241,
        117,
        229,
        169,
        231,
        207,
        42,
        217,
        198,
        137,
        97,
        128,
        178,
        244,
        165,
        105,
        92,
        224,
        43,
        50,
        87,
        140,
        170,
        95,
        95,
        98,
        31,
        37,
        195,
        15,
        24,
        12,
        37,
        21,
        44,
        173,
        140,
        215,
        81,
        121,
        88,
        2,
        186,
        166,
        118,
        70,
        71,
        57,
        64,
        225,
        11,
        12,
        158,
        149,
        186,
        65,
        171,
        41,
        227,
        112,
        51,
        119,
        229,
        25,
        203,
        52,
        76,
        174,
        103,
        61,
        30,
        74,
        39,
        152,
        20,
        174,
        224,
        228,
        138,
        30,
        177,
        167,
        19,
        233,
        182,
        196,
        22,
        7,
        147,
        188,
        16,
        57,
        131,
        25,
        60,
        43,
        162,
        7,
        250,
        206,
        217,
        21,
        29,
        245,
        230,
        6,
        133,
        2,
        115,
        212,
        167,
        113,
        151,
        58,
        239,
        144,
        137,
        240,
        179,
        147,
        49,
        1,
        127,
        184,
        197,
        184,
        194,
        236,
        55,
        11,
        187,
        128,
        57,
        132,
        188,
        86,
        214,
        135,
        228,
        52,
        80,
        89,
        173,
        38,
        127,
        226,
        6,
        93,
        211,
        87,
        108,
        211,
        150,
        165,
        47,
        169,
        129,
        49,
        41,
        164,
        126,
        169,
        220,
        210,
        96,
        96,
        92,
        241,
        239,
        86,
        132,
        110,
        168,
        213,
        168,
        150,
        197,
        120,
        162,
        3,
        196,
        161,
        206,
        59,
        52,
        3,
        244,
        54,
        252,
        125,
        31,
        244,
        248,
        136,
        111,
        147,
        177,
        76,
        75,
        50,
        13,
        73,
        76,
        12,
        130,
        80,
        168,
        236,
        203,
        28,
        28,
        64,
        199,
        58,
        20,
        93,
        86,
        55,
        84,
        113,
        184,
        85,
        193,
        228,
        182,
        23,
        91,
        183,
        49,
        150,
        91,
        110,
        85,
        25,
        177,
        32,
        57,
        77,
        250,
        120,
        1,
        3,
        45,
        69,
        209,
        103,
        46,
        90,
        209,
        184,
        61,
        58,
        237,
        225,
        207,
        26,
        200,
        161,
        192,
        102,
        110,
        208,
        50,
        158,
        57,
        230,
        21,
        92,
        11,
        127,
        63,
        192,
        64,
        176,
        160,
        197,
        124,
        127,
        32,
        56,
        118,
        24,
        211,
        34,
        102,
        67,
        162,
        230,
        57,
        190,
        208,
        157,
        109,
        230,
        208,
        221,
        252,
        207,
        53,
        103,
        109,
        7,
        67,
        93,
        13,
        213,
        85,
        2,
        240,
        18,
        14,
        21,
        245,
        160,
        209,
        176,
        93,
        3,
        245,
        5,
        131,
        152,
        29,
        76,
        198,
        42,
        180,
        32,
        188,
        11,
        186,
        161,
        82,
        179,
        2,
        114,
        56,
        48,
        58,
        28,
        128,
        188,
        2,
        64,
        190,
        163,
        96,
        208,
        5,
        159,
        253,
        176,
        183,
        73,
        135,
        2,
        166,
        101,
        127,
        182,
        221,
        153,
        123,
        212,
        216,
        195,
        201,
        80,
        225,
        247,
        217,
        119,
        57,
        75,
        199,
        24,
        170,
        60,
        106,
        213,
        1,
        183,
        46,
        182,
        105,
        58,
        165,
        45,
        62,
        73,
        230,
        90,
        42,
        46,
        227,
        11,
        95,
        96,
        188,
        123,
        207,
        65,
        7,
        124,
        155,
        104,
        231,
        39,
        250,
        96,
        148,
        102,
        150,
        138,
        160,
        194,
        123,
        64,
        119,
        245,
        58,
        252,
        125,
        155,
        9,
        8,
        37,
        232,
        198,
        174,
        191,
        31,
        217,
        141,
        209,
        181,
        76,
        133,
        200,
        70,
        66,
        165,
        63,
        3,
        122,
        22,
        52,
        129,
        46,
        248,
        108,
        146,
        84,
        83,
        249,
        2,
        220,
        80,
        49,
        151,
        21,
        104,
        184,
        238,
        36,
        12,
        234,
        207,
        193,
        248,
        49,
        65,
        55,
        77,
        146,
        238,
        68,
        199,
        212,
        242,
        87,
        225,
        247,
        91,
        28,
        198,
        174,
        115,
        48,
        79,
        154,
        70,
        210,
        157,
        200,
        144,
        46,
        14,
        145,
        205,
        14,
        204,
        223,
        41,
        54,
        7,
        152,
        106,
        239,
        80,
        237,
        228,
        145,
        105,
        192,
        135,
        46,
        73,
        5,
        64,
        10,
        160,
        117,
        236,
        49,
        4,
        131,
        174,
        90,
        191,
        240,
        27,
        4,
        140,
        130,
        9,
        12,
        14,
        145,
        29,
        109,
        47,
        139,
        152,
        160,
        179,
        193,
        195,
        223,
        151,
        153,
        99,
        130,
        249,
        167,
        220,
        241,
        31,
        3,
        254,
        225,
        128,
        168,
        166,
        0,
        100,
        1,
        0,
        57,
        205,
        22,
        8,
        3,
        24,
        57,
        115,
        136,
        172,
        166,
        114,
        4,
        219,
        72,
        71,
        107,
        23,
        180,
        164,
        186,
        216,
        201,
        159,
        168,
        120,
        91,
        146,
        25,
        181,
        175,
        30,
        204,
        41,
        207,
        64,
        45,
        140,
        143,
        26,
        199,
        201,
        107,
        253,
        34,
        226,
        255,
        178,
        174,
        130,
        111,
        114,
        5,
        194,
        6,
        12,
        231,
        16,
        89,
        107,
        23,
        14,
        145,
        77,
        40,
        250,
        194,
        141,
        159,
        69,
        204,
        226,
        135,
        161,
        35,
        62,
        168,
        7,
        115,
        40,
        32,
        202,
        247,
        136,
        111,
        88,
        30,
        192,
        216,
        7,
        21,
        251,
        200,
        88,
        32,
        108,
        193,
        112,
        10,
        145,
        181,
        5,
        15,
        102,
        231,
        151,
        190,
        241,
        228,
        101,
        217,
        63,
        185,
        244,
        97,
        179,
        161,
        91,
        49,
        24,
        217,
        166,
        248,
        124,
        5,
        180,
        144,
        221,
        166,
        194,
        224,
        2,
        134,
        83,
        136,
        172,
        181,
        139,
        215,
        16,
        89,
        0,
        19,
        61,
        116,
        27,
        6,
        35,
        223,
        17,
        155,
        238,
        15,
        243,
        142,
        203,
        22,
        6,
        35,
        248,
        252,
        27,
        0,
        163,
        92,
        221,
        243,
        249,
        64,
        232,
        198,
        206,
        10,
        96,
        172,
        11,
        140,
        186,
        34,
        125,
        65,
        40,
        12,
        248,
        23,
        4,
        48,
        214,
        5,
        198,
        185,
        52,
        171,
        60,
        172,
        198,
        63,
        242,
        162,
        0,
        70,
        0,
        163,
        141,
        146,
        153,
        132,
        236,
        39,
        74,
        230,
        12,
        191,
        96,
        180,
        86,
        153,
        115,
        89,
        198,
        194,
        38,
        80,
        145,
        223,
        88,
        20,
        140,
        75,
        206,
        154,
        209,
        96,
        255,
        223,
        20,
        37,
        47,
        252,
        29,
        126,
        222,
        50,
        69,
        80,
        49,
        191,
        58,
        36,
        149,
        112,
        153,
        19,
        61,
        130,
        124,
        255,
        48,
        53,
        95,
        44,
        92,
        126,
        169,
        102,
        209,
        1,
        62,
        193,
        68,
        230,
        111,
        215,
        130,
        153,
        159,
        183,
        50,
        164,
        58,
        56,
        118,
        31,
        180,
        154,
        31,
        15,
        6,
        181,
        184,
        90,
        29,
        212,
        242,
        7,
        38,
        29,
        245,
        105,
        124,
        135,
        183,
        121,
        76,
        220,
        212,
        11,
        77,
        98,
        39,
        157,
        76,
        109,
        55,
        229,
        252,
        136,
        248,
        105,
        151,
        198,
        25,
        171,
        14,
        69,
        151,
        199,
        246,
        158,
        125,
        115,
        184,
        247,
        160,
        205,
        59,
        57,
        172,
        68,
        223,
        109,
        62,
        225,
        216,
        172,
        78,
        47,
        126,
        53,
        214,
        148,
        188,
        219,
        79,
        189,
        88,
        216,
        106,
        242,
        39,
        131,
        90,
        78,
        60,
        17,
        159,
        186,
        224,
        182,
        11,
        111,
        81,
        50,
        163,
        62,
        138,
        35,
        241,
        4,
        120,
        69,
        59,
        28,
        212,
        5,
        132,
        29,
        129,
        25,
        58,
        202,
        4,
        229,
        238,
        11,
        107,
        127,
        158,
        175,
        37,
        25,
        60,
        171,
        197,
        51,
        229,
        80,
        80,
        75,
        18,
        2,
        212,
        206,
        8,
        225,
        235,
        240,
        77,
        116,
        246,
        29,
        252,
        206,
        50,
        14,
        96,
        238,
        116,
        122,
        233,
        235,
        92,
        184,
        46,
        129,
        150,
        142,
        49,
        249,
        183,
        1,
        69,
        130,
        252,
        152,
        188,
        155,
        70,
        131,
        25,
        177,
        39,
        142,
        164,
        167,
        34,
        126,
        32,
        12,
        167,
        57,
        168,
        133,
        142,
        90,
        131,
        58,
        126,
        28,
        210,
        230,
        12,
        95,
        96,
        36,
        228,
        3,
        23,
        18,
        60,
        237,
        101,
        130,
        180,
        33,
        80,
        110,
        253,
        171,
        74,
        184,
        128,
        105,
        57,
        233,
        100,
        15,
        18,
        122,
        228,
        109,
        100,
        190,
        212,
        117,
        238,
        164,
        2,
        29,
        121,
        91,
        43,
        27,
        182,
        43,
        142,
        22,
        252,
        173,
        32,
        145,
        57,
        110,
        12,
        194,
        249,
        135,
        66,
        119,
        118,
        138,
        15,
        48,
        245,
        91,
        121,
        144,
        155,
        113,
        50,
        81,
        56,
        3,
        119,
        48,
        38,
        102,
        115,
        241,
        225,
        71,
        20,
        86,
        183,
        35,
        55,
        108,
        106,
        254,
        82,
        242,
        160,
        137,
        120,
        94,
        246,
        151,
        209,
        162,
        136,
        36,
        164,
        174,
        116,
        133,
        239,
        221,
        243,
        80,
        96,
        179,
        227,
        124,
        129,
        209,
        13,
        192,
        48,
        69,
        98,
        83,
        223,
        243,
        55,
        85,
        102,
        245,
        96,
        166,
        86,
        162,
        185,
        17,
        221,
        208,
        117,
        181,
        250,
        111,
        1,
        124,
        196,
        159,
        175,
        141,
        143,
        56,
        28,
        24,
        125,
        204,
        28,
        96,
        248,
        216,
        228,
        71,
        201,
        247,
        94,
        50,
        60,
        109,
        242,
        195,
        139,
        207,
        31,
        135,
        46,
        205,
        136,
        234,
        141,
        206,
        184,
        251,
        217,
        30,
        24,
        232,
        202,
        94,
        224,
        178,
        1,
        3,
        88,
        133,
        65,
        76,
        27,
        48,
        88,
        29,
        24,
        156,
        150,
        102,
        49,
        82,
        247,
        158,
        133,
        206,
        185,
        251,
        154,
        29,
        140,
        3,
        204,
        1,
        186,
        64,
        5,
        189,
        5,
        25,
        99,
        51,
        119,
        171,
        177,
        130,
        52,
        182,
        225,
        72,
        76,
        208,
        121,
        46,
        55,
        143,
        3,
        10,
        97,
        238,
        179,
        13,
        95,
        111,
        74,
        254,
        32,
        72,
        167,
        248,
        85,
        3,
        187,
        47,
        153,
        14,
        38,
        117,
        17,
        10,
        235,
        58,
        69,
        27,
        32,
        110,
        110,
        48,
        34,
        113,
        74,
        217,
        40,
        123,
        153,
        249,
        3,
        152,
        211,
        225,
        5,
        251,
        229,
        102,
        139,
        93,
        182,
        16,
        24,
        109,
        8,
        145,
        83,
        218,
        98,
        236,
        90,
        182,
        139,
        181,
        50,
        104,
        173,
        71,
        159,
        122,
        225,
        156,
        179,
        217,
        162,
        253,
        45,
        4,
        198,
        254,
        92,
        203,
        41,
        101,
        199,
        120,
        220,
        125,
        233,
        95,
        5,
        35,
        172,
        46,
        91,
        47,
        24,
        193,
        181,
        44,
        180,
        24,
        161,
        197,
        8,
        96,
        4,
        48,
        2,
        24,
        1,
        204,
        19,
        5,
        70,
        157,
        189,
        234,
        5,
        123,
        153,
        96,
        138,
        147,
        75,
        191,
        0,
        115,
        217,
        219,
        46,
        192,
        120,
        228,
        109,
        200,
        115,
        210,
        84,
        30,
        151,
        165,
        47,
        57,
        47,
        207,
        88,
        246,
        185,
        41,
        82,
        102,
        173,
        60,
        227,
        152,
        90,
        241,
        35,
        23,
        215,
        50,
        228,
        251,
        165,
        34,
        115,
        249,
        5,
        19,
        243,
        190,
        8,
        19,
        229,
        115,
        240,
        115,
        125,
        247,
        153,
        215,
        60,
        237,
        1,
        140,
        156,
        56,
        184,
        90,
        146,
        77,
        12,
        82,
        137,
        235,
        148,
        171,
        240,
        117,
        105,
        160,
        172,
        128,
        252,
        29,
        107,
        217,
        47,
        161,
        148,
        220,
        133,
        174,
        103,
        52,
        113,
        207,
        106,
        76,
        200,
        31,
        239,
        41,
        214,
        129,
        188,
        239,
        239,
        108,
        235,
        19,
        76,
        234,
        5,
        88,
        23,
        226,
        65,
        140,
        32,
        123,
        115,
        53,
        51,
        66,
        248,
        186,
        24,
        236,
        26,
        246,
        30,
        180,
        185,
        146,
        139,
        7,
        51,
        97,
        250,
        23,
        24,
        104,
        43,
        90,
        58,
        198,
        228,
        31,
        69,
        220,
        227,
        94,
        228,
        70,
        197,
        182,
        190,
        136,
        41,
        38,
        25,
        43,
        201,
        147,
        230,
        106,
        130,
        240,
        82,
        72,
        128,
        107,
        238,
        186,
        5,
        92,
        192,
        196,
        140,
        175,
        235,
        76,
        220,
        195,
        166,
        228,
        237,
        66,
        130,
        38,
        228,
        102,
        221,
        128,
        193,
        130,
        96,
        28,
        88,
        184,
        77,
        217,
        10,
        223,
        128,
        11,
        24,
        19,
        175,
        114,
        113,
        148,
        133,
        23,
        236,
        111,
        75,
        30,
        12,
        83,
        242,
        150,
        80,
        110,
        101,
        179,
        110,
        192,
        96,
        65,
        48,
        86,
        227,
        193,
        180,
        9,
        71,
        153,
        37,
        193,
        128,
        137,
        217,
        8,
        42,
        8,
        191,
        252,
        154,
        142,
        15,
        154,
        49,
        160,
        12,
        252,
        29,
        73,
        74,
        153,
        175,
        37,
        93,
        203,
        162,
        164,
        146,
        214,
        240,
        189,
        204,
        6,
        202,
        134,
        149,
        3,
        198,
        68,
        2,
        92,
        227,
        96,
        31,
        142,
        178,
        228,
        210,
        193,
        144,
        233,
        111,
        100,
        255,
        252,
        187,
        6,
        132,
        63,
        191,
        39,
        78,
        41,
        75,
        179,
        224,
        105,
        24,
        34,
        248,
        206,
        58,
        242,
        42,
        226,
        221,
        6,
        244,
        0,
        123,
        49,
        125,
        7,
        111,
        113,
        178,
        161,
        49,
        102,
        156,
        222,
        184,
        50,
        152,
        195,
        12,
        224,
        178,
        9,
        2,
        124,
        191,
        191,
        129,
        1,
        150,
        79,
        48,
        56,
        61,
        169,
        40,
        121,
        225,
        86,
        14,
        230,
        247,
        9,
        94,
        223,
        193,
        52,
        47,
        152,
        107,
        187,
        163,
        123,
        21,
        232,
        141,
        196,
        116,
        203,
        173,
        74,
        132,
        10,
        250,
        141,
        109,
        129,
        161,
        226,
        7,
        26,
        168,
        72,
        62,
        193,
        96,
        131,
        68,
        33,
        73,
        45,
        127,
        199,
        136,
        119,
        48,
        173,
        222,
        92,
        174,
        241,
        111,
        250,
        237,
        142,
        22,
        169,
        3,
        245,
        122,
        48,
        113,
        230,
        240,
        164,
        253,
        204,
        182,
        192,
        46,
        57,
        107,
        134,
        50,
        237,
        126,
        100,
        38,
        48,
        106,
        169,
        102,
        209,
        118,
        14,
        209,
        254,
        199,
        201,
        59,
        152,
        86,
        63,
        193,
        60,
        28,
        16,
        117,
        161,
        170,
        115,
        97,
        119,
        125,
        45,
        70,
        22,
        51,
        254,
        104,
        52,
        60,
        149,
        23,
        217,
        22,
        24,
        230,
        41,
        79,
        91,
        8,
        12,
        238,
        46,
        157,
        161,
        235,
        220,
        105,
        143,
        139,
        152,
        7,
        130,
        99,
        15,
        87,
        164,
        205,
        143,
        209,
        119,
        20,
        150,
        83,
        194,
        244,
        43,
        129,
        242,
        244,
        165,
        187,
        5,
        48,
        150,
        5,
        179,
        55,
        60,
        97,
        195,
        204,
        252,
        77,
        193,
        245,
        233,
        235,
        88,
        101,
        218,
        189,
        98,
        156,
        251,
        173,
        174,
        16,
        192,
        88,
        20,
        204,
        163,
        237,
        177,
        233,
        83,
        243,
        230,
        253,
        238,
        174,
        111,
        247,
        37,
        124,
        243,
        46,
        126,
        67,
        182,
        62,
        45,
        128,
        177,
        28,
        152,
        58,
        239,
        208,
        219,
        21,
        154,
        215,
        186,
        83,
        11,
        174,
        76,
        251,
        149,
        105,
        3,
        193,
        155,
        79,
        56,
        22,
        7,
        19,
        185,
        91,
        2,
        24,
        203,
        128,
        129,
        129,
        255,
        203,
        220,
        226,
        219,
        65,
        100,
        41,
        74,
        164,
        111,
        23,
        89,
        121,
        223,
        185,
        191,
        4,
        57,
        165,
        45,
        174,
        17,
        192,
        88,
        6,
        204,
        135,
        17,
        157,
        222,
        34,
        238,
        22,
        153,
        190,
        35,
        125,
        169,
        183,
        202,
        188,
        220,
        250,
        87,
        21,
        11,
        96,
        44,
        3,
        102,
        99,
        135,
        225,
        5,
        228,
        133,
        39,
        71,
        67,
        123,
        98,
        106,
        19,
        13,
        27,
        189,
        47,
        157,
        141,
        239,
        95,
        0,
        99,
        26,
        152,
        90,
        191,
        136,
        155,
        211,
        71,
        190,
        219,
        154,
        184,
        41,
        196,
        134,
        192,
        104,
        199,
        153,
        164,
        215,
        126,
        11,
        147,
        165,
        47,
        173,
        21,
        192,
        152,
        23,
        204,
        238,
        232,
        94,
        235,
        177,
        223,
        138,
        170,
        195,
        134,
        54,
        196,
        198,
        125,
        157,
        143,
        247,
        160,
        205,
        51,
        4,
        48,
        102,
        5,
        243,
        104,
        121,
        159,
        162,
        1,
        240,
        93,
        15,
        106,
        167,
        221,
        134,
        182,
        247,
        213,
        38,
        220,
        161,
        232,
        242,
        83,
        146,
        148,
        178,
        171,
        2,
        24,
        243,
        128,
        249,
        56,
        164,
        205,
        9,
        114,
        22,
        129,
        154,
        50,
        147,
        27,
        2,
        35,
        34,
        166,
        91,
        35,
        183,
        220,
        117,
        171,
        4,
        48,
        230,
        1,
        179,
        33,
        97,
        248,
        20,
        242,
        202,
        251,
        223,
        186,
        49,
        67,
        96,
        40,
        235,
        204,
        163,
        227,
        244,
        43,
        29,
        161,
        213,
        92,
        23,
        192,
        240,
        11,
        230,
        64,
        72,
        171,
        207,
        134,
        204,
        254,
        49,
        134,
        218,
        158,
        152,
        203,
        22,
        242,
        212,
        6,
        216,
        33,
        62,
        131,
        183,
        20,
        11,
        96,
        248,
        4,
        19,
        252,
        96,
        117,
        143,
        201,
        147,
        73,
        52,
        146,
        66,
        183,
        181,
        52,
        4,
        134,
        106,
        53,
        158,
        96,
        161,
        181,
        133,
        9,
        231,
        121,
        1,
        12,
        63,
        96,
        96,
        66,
        89,
        77,
        66,
        179,
        220,
        116,
        7,
        125,
        182,
        123,
        251,
        83,
        173,
        38,
        168,
        233,
        152,
        131,
        163,
        136,
        187,
        86,
        0,
        99,
        2,
        152,
        35,
        190,
        97,
        183,
        230,
        12,
        92,
        147,
        69,
        76,
        100,
        198,
        214,
        194,
        6,
        12,
        21,
        4,
        136,
        87,
        61,
        163,
        61,
        242,
        54,
        174,
        23,
        192,
        152,
        6,
        166,
        170,
        83,
        193,
        124,
        178,
        7,
        13,
        53,
        182,
        56,
        24,
        123,
        76,
        137,
        136,
        144,
        245,
        79,
        153,
        255,
        191,
        120,
        89,
        250,
        146,
        51,
        2,
        24,
        227,
        192,
        188,
        31,
        217,
        109,
        63,
        137,
        50,
        245,
        161,
        109,
        125,
        98,
        244,
        249,
        49,
        212,
        161,
        62,
        120,
        73,
        58,
        52,
        97,
        250,
        149,
        116,
        199,
        212,
        138,
        239,
        5,
        48,
        220,
        192,
        236,
        15,
        109,
        123,
        97,
        224,
        107,
        191,
        224,
        243,
        97,
        130,
        200,
        240,
        32,
        225,
        227,
        96,
        31,
        17,
        41,
        16,
        238,
        210,
        34,
        35,
        159,
        57,
        52,
        129,
        58,
        196,
        212,
        189,
        255,
        250,
        161,
        2,
        24,
        195,
        96,
        14,
        7,
        68,
        93,
        159,
        57,
        244,
        205,
        65,
        228,
        108,
        101,
        87,
        106,
        192,
        231,
        3,
        12,
        253,
        109,
        0,
        28,
        87,
        220,
        34,
        104,
        216,
        123,
        69,
        184,
        34,
        213,
        217,
        171,
        38,
        50,
        29,
        172,
        35,
        128,
        121,
        228,
        90,
        235,
        23,
        126,
        185,
        206,
        59,
        244,
        143,
        146,
        236,
        138,
        66,
        98,
        133,
        121,
        144,
        235,
        69,
        124,
        29,
        133,
        69,
        183,
        210,
        240,
        138,
        128,
        63,
        206,
        200,
        123,
        208,
        230,
        113,
        208,
        98,
        178,
        159,
        244,
        22,
        115,
        222,
        221,
        231,
        31,
        96,
        160,
        133,
        248,
        28,
        8,
        142,
        221,
        180,
        190,
        227,
        168,
        137,
        228,
        13,
        4,
        31,
        234,
        205,
        3,
        62,
        207,
        40,
        211,
        29,
        111,
        84,
        164,
        229,
        248,
        19,
        91,
        220,
        233,
        73,
        6,
        195,
        176,
        251,
        146,
        228,
        185,
        113,
        213,
        238,
        147,
        39,
        212,
        208,
        143,
        132,
        87,
        82,
        129,
        145,
        230,
        0,
        67,
        135,
        163,
        32,
        139,
        111,
        138,
        250,
        0,
        130,
        39,
        13,
        76,
        98,
        49,
        146,
        164,
        45,
        69,
        3,
        99,
        115,
        209,
        207,
        74,
        5,
        58,
        66,
        142,
        45,
        33,
        61,
        139,
        140,
        188,
        14,
        226,
        74,
        123,
        123,
        193,
        129,
        239,
        83,
        253,
        152,
        224,
        136,
        105,
        175,
        60,
        88,
        34,
        118,
        217,
        10,
        193,
        224,
        3,
        228,
        150,
        160,
        168,
        174,
        83,
        209,
        65,
        159,
        198,
        232,
        140,
        135,
        31,
        85,
        217,
        34,
        82,
        94,
        250,
        78,
        131,
        14,
        230,
        56,
        110,
        209,
        16,
        32,
        7,
        3,
        209,
        254,
        246,
        15,
        6,
        31,
        120,
        221,
        175,
        10,
        141,
        137,
        73,
        67,
        127,
        200,
        165,
        208,
        106,
        130,
        235,
        79,
        237,
        35,
        249,
        136,
        244,
        65,
        49,
        39,
        152,
        134,
        222,
        65,
        81,
        41,
        179,
        86,
        206,
        177,
        107,
        48,
        88,
        41,
        101,
        168,
        113,
        207,
        87,
        208,
        174,
        128,
        104,
        116,
        201,
        213,
        203,
        162,
        7,
        148,
        26,
        13,
        6,
        204,
        233,
        169,
        118,
        15,
        6,
        183,
        154,
        172,
        213,
        104,
        122,
        84,
        34,
        186,
        226,
        226,
        241,
        143,
        61,
        50,
        173,
        17,
        140,
        34,
        121,
        222,
        173,
        16,
        143,
        188,
        13,
        75,
        37,
        41,
        101,
        63,
        217,
        45,
        24,
        202,
        16,
        0,
        64,
        71,
        193,
        0,
        56,
        167,
        99,
        62,
        91,
        35,
        24,
        25,
        49,
        171,
        91,
        118,
        40,
        186,
        60,
        20,
        230,
        60,
        31,
        26,
        58,
        166,
        209,
        202,
        193,
        60,
        14,
        200,
        223,
        158,
        96,
        112,
        35,
        213,
        228,
        82,
        52,
        49,
        70,
        131,
        62,
        245,
        240,
        135,
        86,
        99,
        189,
        96,
        232,
        115,
        158,
        0,
        106,
        239,
        128,
        152,
        241,
        117,
        69,
        208,
        189,
        157,
        176,
        53,
        48,
        178,
        244,
        165,
        31,
        181,
        126,
        246,
        211,
        48,
        131,
        96,
        82,
        42,
        144,
        67,
        226,
        124,
        237,
        65,
        216,
        39,
        88,
        118,
        103,
        22,
        7,
        67,
        171,
        0,
        250,
        132,
        20,
        175,
        21,
        181,
        203,
        44,
        125,
        152,
        216,
        120,
        228,
        135,
        229,
        80,
        201,
        223,
        234,
        238,
        34,
        107,
        109,
        96,
        164,
        154,
        202,
        239,
        160,
        76,
        179,
        51,
        74,
        31,
        180,
        164,
        71,
        179,
        48,
        131,
        41,
        71,
        62,
        61,
        94,
        210,
        86,
        184,
        85,
        131,
        161,
        181,
        28,
        9,
        109,
        194,
        229,
        71,
        246,
        221,
        79,
        232,
        51,
        231,
        231,
        126,
        62,
        131,
        222,
        126,
        91,
        156,
        82,
        246,
        43,
        85,
        17,
        97,
        163,
        246,
        90,
        5,
        24,
        124,
        146,
        135,
        207,
        224,
        45,
        155,
        123,
        207,
        254,
        41,
        135,
        156,
        23,
        80,
        191,
        42,
        172,
        247,
        126,
        109,
        9,
        12,
        67,
        235,
        145,
        147,
        101,
        156,
        70,
        228,
        192,
        130,
        174,
        241,
        211,
        62,
        47,
        80,
        102,
        174,
        192,
        177,
        210,
        247,
        2,
        243,
        119,
        198,
        255,
        203,
        96,
        30,
        186,
        230,
        172,
        173,
        134,
        49,
        17,
        111,
        157,
        210,
        149,
        148,
        49,
        128,
        184,
        61,
        164,
        6,
        15,
        243,
        182,
        69,
        48,
        244,
        55,
        143,
        201,
        13,
        42,
        201,
        193,
        14,
        161,
        228,
        244,
        136,
        246,
        1,
        249,
        59,
        134,
        70,
        62,
        115,
        40,
        252,
        223,
        2,
        3,
        15,
        199,
        233,
        200,
        49,
        7,
        103,
        195,
        103,
        189,
        72,
        153,
        66,
        73,
        25,
        149,
        76,
        135,
        55,
        216,
        13,
        24,
        29,
        64,
        212,
        246,
        40,
        106,
        178,
        200,
        23,
        68,
        123,
        50,
        29,
        153,
        142,
        149,
        231,
        27,
        12,
        128,
        120,
        153,
        156,
        219,
        124,
        21,
        198,
        145,
        202,
        180,
        226,
        59,
        120,
        83,
        161,
        246,
        196,
        245,
        235,
        67,
        202,
        230,
        68,
        202,
        218,
        240,
        150,
        246,
        182,
        14,
        70,
        167,
        130,
        168,
        163,
        81,
        84,
        68,
        50,
        166,
        211,
        198,
        205,
        212,
        98,
        38,
        169,
        178,
        86,
        110,
        238,
        58,
        227,
        59,
        124,
        16,
        79,
        71,
        226,
        51,
        241,
        39,
        11,
        143,
        50,
        166,
        215,
        228,
        159,
        8,
        48,
        12,
        128,
        36,
        250,
        158,
        78,
        190,
        193,
        36,
        207,
        251,
        93,
        145,
        56,
        247,
        87,
        63,
        210,
        58,
        34,
        73,
        139,
        117,
        167,
        173,
        150,
        139,
        56,
        223,
        139,
        189,
        129,
        97,
        9,
        79,
        11,
        6,
        186,
        157,
        106,
        158,
        90,
        140,
        148,
        116,
        155,
        30,
        180,
        67,
        128,
        164,
        250,
        54,
        6,
        18,
        192,
        52,
        0,
        198,
        107,
        192,
        166,
        66,
        48,
        101,
        175,
        153,
        8,
        134,
        26,
        227,
        164,
        180,
        165,
        121,
        113,
        150,
        169,
        71,
        163,
        60,
        161,
        96,
        168,
        224,
        195,
        224,
        248,
        105,
        151,
        210,
        61,
        242,
        54,
        238,
        160,
        2,
        66,
        12,
        108,
        33,
        127,
        158,
        9,
        140,
        142,
        133,
        40,
        202,
        226,
        235,
        172,
        154,
        39,
        20,
        12,
        181,
        246,
        230,
        73,
        198,
        132,
        110,
        177,
        147,
        79,
        61,
        15,
        131,
        247,
        127,
        152,
        0,
        225,
        183,
        225,
        228,
        25,
        203,
        54,
        80,
        129,
        117,
        22,
        41,
        231,
        19,
        10,
        134,
        90,
        65,
        80,
        16,
        56,
        97,
        228,
        212,
        191,
        190,
        17,
        133,
        7,
        230,
        186,
        228,
        172,
        57,
        172,
        200,
        88,
        126,
        17,
        116,
        30,
        126,
        175,
        6,
        243,
        183,
        136,
        12,
        236,
        206,
        6,
        103,
        235,
        246,
        10,
        198,
        194,
        162,
        207,
        127,
        156,
        201,
        242,
        78,
        83,
        114,
        180,
        35,
        222,
        92,
        53,
        137,
        168,
        27,
        57,
        246,
        208,
        143,
        128,
        20,
        219,
        200,
        253,
        217,
        44,
        24,
        122,
        140,
        27,
        181,
        188,
        227,
        74,
        0,
        132,
        18,
        72,
        77,
        201,
        239,
        62,
        180,
        227,
        22,
        29,
        4,
        48,
        150,
        109,
        61,
        116,
        64,
        42,
        210,
        138,
        156,
        105,
        19,
        85,
        71,
        67,
        241,
        193,
        2,
        24,
        203,
        0,
        18,
        235,
        76,
        82,
        69,
        182,
        216,
        82,
        236,
        9,
        140,
        93,
        170,
        30,
        140,
        32,
        235,
        210,
        255,
        1,
        194,
        255,
        179,
        186,
        227,
        204,
        228,
        153,
        0,
        0,
        0,
        0,
        73,
        69,
        78,
        68,
        174,
        66,
        96,
        130
      ]
    },
    "stat": {
      "dev": 16777220,
      "mode": 33188,
      "nlink": 1,
      "uid": 501,
      "gid": 20,
      "rdev": 0,
      "blksize": 4194304,
      "ino": 2088679,
      "size": 5983,
      "blocks": 16,
      "atime": "2018-04-17T07:59:11.791Z",
      "mtime": "2018-03-22T08:50:41.017Z",
      "ctime": "2018-03-22T08:50:41.017Z",
      "birthtime": "2018-03-22T08:50:41.016Z"
    },
    "history": [
      "/Users/jiangheng/Desktop/work-code/xxd-h5/src/mods/login/imgs/logo@3x.png"
    ],
    "path": "/Users/jiangheng/Desktop/work-code/xxd-h5/src/mods/login/imgs/logo@3x.png",
    "gulpCache$filePathChangedInsideTask": false,
    "gulpCache$fileBaseChangedInsideTask": false,
    "gulpCache$originalPath": "/Users/jiangheng/Desktop/work-code/xxd-h5/src/mods/login/imgs/logo@3x.png",
    "gulpCache$originalBase": "/Users/jiangheng/Desktop/work-code/xxd-h5/src/mods/"
  }
]