[
  {
    "cwd": "/Users/jiangheng/Desktop/work-code/xxd-h5",
    "base": "/Users/jiangheng/Desktop/work-code/xxd-h5/src/mods/",
    "contents": {
      "type": "Buffer",
      "data": [
        137,
        80,
        78,
        71,
        13,
        10,
        26,
        10,
        0,
        0,
        0,
        13,
        73,
        72,
        68,
        82,
        0,
        0,
        0,
        90,
        0,
        0,
        0,
        90,
        8,
        6,
        0,
        0,
        0,
        56,
        168,
        65,
        2,
        0,
        0,
        27,
        113,
        73,
        68,
        65,
        84,
        120,
        218,
        237,
        157,
        121,
        152,
        93,
        69,
        157,
        247,
        63,
        85,
        231,
        156,
        187,
        245,
        237,
        219,
        183,
        147,
        94,
        146,
        144,
        144,
        141,
        36,
        16,
        32,
        18,
        36,
        108,
        130,
        2,
        131,
        4,
        101,
        16,
        240,
        65,
        22,
        197,
        125,
        222,
        25,
        49,
        47,
        16,
        55,
        68,
        94,
        25,
        25,
        241,
        153,
        25,
        125,
        148,
        193,
        113,
        129,
        87,
        25,
        220,
        112,
        88,
        2,
        104,
        24,
        25,
        199,
        0,
        34,
        32,
        139,
        17,
        144,
        61,
        9,
        145,
        236,
        221,
        73,
        239,
        219,
        237,
        187,
        156,
        165,
        234,
        253,
        163,
        206,
        93,
        251,
        38,
        233,
        96,
        58,
        208,
        190,
        169,
        231,
        185,
        207,
        61,
        247,
        220,
        58,
        117,
        206,
        249,
        214,
        175,
        190,
        245,
        251,
        253,
        234,
        87,
        85,
        66,
        107,
        205,
        56,
        146,
        3,
        44,
        7,
        222,
        13,
        44,
        3,
        230,
        1,
        105,
        32,
        202,
        255,
        95,
        169,
        0,
        12,
        2,
        155,
        128,
        63,
        2,
        15,
        2,
        191,
        1,
        188,
        189,
        93,
        40,
        246,
        2,
        116,
        26,
        88,
        9,
        124,
        26,
        104,
        229,
        96,
        170,
        151,
        122,
        129,
        239,
        1,
        55,
        133,
        149,
        176,
        207,
        64,
        95,
        18,
        94,
        220,
        126,
        16,
        203,
        113,
        165,
        174,
        80,
        40,
        239,
        28,
        47,
        208,
        22,
        240,
        29,
        224,
        242,
        131,
        216,
        189,
        161,
        116,
        51,
        112,
        5,
        16,
        236,
        9,
        104,
        11,
        184,
        27,
        120,
        255,
        65,
        188,
        254,
        162,
        116,
        31,
        112,
        81,
        37,
        216,
        178,
        38,
        195,
        77,
        7,
        65,
        222,
        47,
        233,
        253,
        192,
        183,
        119,
        39,
        209,
        23,
        239,
        142,
        95,
        14,
        166,
        154,
        228,
        15,
        128,
        101,
        129,
        72,
        237,
        45,
        231,
        37,
        192,
        93,
        149,
        64,
        167,
        129,
        13,
        64,
        219,
        65,
        20,
        247,
        146,
        116,
        30,
        158,
        187,
        12,
        104,
        132,
        165,
        63,
        0,
        233,
        236,
        41,
        119,
        55,
        176,
        8,
        24,
        44,
        82,
        199,
        202,
        131,
        32,
        143,
        51,
        189,
        254,
        41,
        216,
        244,
        43,
        120,
        240,
        110,
        120,
        242,
        59,
        123,
        203,
        221,
        22,
        98,
        139,
        208,
        90,
        71,
        128,
        29,
        7,
        245,
        228,
        113,
        166,
        220,
        235,
        176,
        250,
        2,
        240,
        82,
        112,
        222,
        42,
        72,
        77,
        223,
        219,
        21,
        61,
        192,
        76,
        161,
        181,
        254,
        91,
        224,
        191,
        14,
        34,
        184,
        15,
        105,
        235,
        35,
        224,
        68,
        97,
        198,
        201,
        227,
        189,
        226,
        92,
        27,
        56,
        235,
        205,
        124,
        230,
        23,
        55,
        247,
        240,
        217,
        127,
        251,
        53,
        196,
        35,
        96,
        73,
        200,
        123,
        200,
        68,
        132,
        159,
        127,
        225,
        28,
        90,
        155,
        18,
        111,
        77,
        160,
        103,
        159,
        190,
        175,
        87,
        44,
        183,
        129,
        99,
        223,
        204,
        103,
        238,
        232,
        27,
        225,
        225,
        123,
        214,
        66,
        83,
        28,
        28,
        27,
        70,
        242,
        208,
        20,
        103,
        244,
        138,
        179,
        104,
        109,
        26,
        127,
        57,
        221,
        131,
        89,
        174,
        190,
        245,
        119,
        104,
        47,
        64,
        68,
        173,
        125,
        123,
        8,
        5,
        106,
        56,
        199,
        138,
        15,
        157,
        204,
        9,
        139,
        166,
        79,
        196,
        107,
        30,
        107,
        3,
        11,
        39,
        10,
        196,
        167,
        214,
        117,
        178,
        250,
        55,
        47,
        34,
        154,
        226,
        32,
        4,
        122,
        48,
        203,
        81,
        75,
        14,
        229,
        178,
        51,
        22,
        151,
        242,
        36,
        162,
        14,
        204,
        110,
        129,
        198,
        24,
        216,
        22,
        140,
        22,
        144,
        141,
        49,
        108,
        171,
        90,
        197,
        255,
        246,
        234,
        103,
        217,
        185,
        189,
        15,
        145,
        140,
        129,
        210,
        232,
        156,
        203,
        39,
        47,
        88,
        198,
        130,
        25,
        105,
        0,
        250,
        70,
        114,
        252,
        228,
        63,
        126,
        7,
        89,
        23,
        146,
        251,
        232,
        235,
        82,
        26,
        58,
        250,
        57,
        229,
        164,
        195,
        38,
        10,
        232,
        5,
        54,
        208,
        52,
        81,
        64,
        175,
        121,
        110,
        11,
        95,
        191,
        250,
        14,
        152,
        219,
        10,
        82,
        194,
        250,
        78,
        78,
        253,
        194,
        57,
        85,
        64,
        207,
        106,
        105,
        4,
        165,
        64,
        87,
        188,
        52,
        48,
        179,
        165,
        177,
        170,
        172,
        235,
        126,
        250,
        56,
        35,
        255,
        243,
        18,
        28,
        58,
        21,
        252,
        0,
        122,
        71,
        56,
        126,
        233,
        156,
        18,
        208,
        17,
        219,
        50,
        21,
        150,
        247,
        32,
        17,
        217,
        119,
        160,
        99,
        14,
        77,
        13,
        19,
        230,
        140,
        108,
        178,
        129,
        200,
        68,
        149,
        222,
        146,
        138,
        195,
        162,
        233,
        48,
        115,
        10,
        8,
        1,
        9,
        243,
        34,
        143,
        189,
        188,
        29,
        173,
        205,
        169,
        63,
        189,
        222,
        13,
        17,
        7,
        164,
        48,
        23,
        57,
        22,
        90,
        195,
        61,
        191,
        223,
        64,
        91,
        83,
        162,
        132,
        127,
        107,
        83,
        130,
        145,
        37,
        179,
        160,
        185,
        1,
        2,
        5,
        205,
        13,
        52,
        198,
        35,
        76,
        146,
        20,
        177,
        15,
        232,
        237,
        102,
        164,
        121,
        252,
        185,
        45,
        188,
        235,
        241,
        13,
        229,
        115,
        182,
        101,
        248,
        57,
        148,
        100,
        226,
        17,
        180,
        214,
        124,
        224,
        234,
        59,
        161,
        210,
        15,
        147,
        138,
        195,
        212,
        100,
        57,
        223,
        222,
        146,
        16,
        230,
        211,
        57,
        0,
        5,
        111,
        28,
        212,
        49,
        192,
        80,
        182,
        48,
        97,
        175,
        126,
        96,
        129,
        86,
        10,
        28,
        203,
        240,
        113,
        37,
        32,
        149,
        224,
        21,
        193,
        77,
        198,
        40,
        243,
        9,
        134,
        122,
        180,
        30,
        255,
        189,
        130,
        0,
        2,
        205,
        242,
        115,
        142,
        161,
        53,
        21,
        103,
        143,
        87,
        106,
        141,
        26,
        202,
        178,
        100,
        78,
        235,
        95,
        9,
        208,
        58,
        4,
        214,
        30,
        135,
        86,
        96,
        203,
        250,
        215,
        143,
        55,
        121,
        1,
        228,
        60,
        110,
        189,
        106,
        249,
        24,
        190,
        127,
        51,
        210,
        132,
        2,
        61,
        146,
        115,
        97,
        231,
        160,
        97,
        40,
        33,
        246,
        95,
        193,
        129,
        130,
        190,
        17,
        242,
        174,
        191,
        103,
        234,
        144,
        130,
        206,
        254,
        204,
        95,
        63,
        208,
        179,
        219,
        82,
        28,
        113,
        202,
        34,
        68,
        123,
        19,
        182,
        45,
        105,
        136,
        71,
        42,
        154,
        191,
        0,
        52,
        153,
        156,
        135,
        82,
        106,
        236,
        131,
        217,
        22,
        137,
        152,
        51,
        38,
        255,
        72,
        214,
        69,
        5,
        10,
        134,
        115,
        76,
        77,
        197,
        199,
        193,
        86,
        154,
        183,
        66,
        154,
        80,
        160,
        47,
        61,
        237,
        8,
        46,
        61,
        237,
        136,
        131,
        38,
        251,
        129,
        228,
        232,
        142,
        190,
        17,
        78,
        91,
        121,
        59,
        209,
        136,
        109,
        168,
        196,
        11,
        32,
        91,
        224,
        151,
        223,
        252,
        32,
        135,
        205,
        104,
        30,
        147,
        255,
        225,
        231,
        183,
        114,
        213,
        87,
        238,
        133,
        105,
        105,
        163,
        250,
        141,
        228,
        137,
        77,
        73,
        242,
        204,
        191,
        127,
        248,
        32,
        208,
        123,
        74,
        237,
        233,
        6,
        54,
        13,
        100,
        81,
        47,
        111,
        135,
        246,
        208,
        70,
        218,
        184,
        139,
        239,
        188,
        243,
        8,
        190,
        253,
        169,
        51,
        198,
        228,
        255,
        198,
        189,
        107,
        121,
        229,
        201,
        141,
        48,
        175,
        205,
        176,
        198,
        235,
        221,
        44,
        126,
        255,
        178,
        9,
        123,
        190,
        204,
        139,
        47,
        99,
        69,
        163,
        196,
        23,
        45,
        152,
        144,
        242,
        229,
        1,
        171,
        81,
        75,
        242,
        213,
        203,
        222,
        97,
        164,
        121,
        106,
        210,
        124,
        102,
        183,
        240,
        155,
        231,
        183,
        212,
        205,
        255,
        200,
        243,
        219,
        96,
        209,
        52,
        147,
        175,
        185,
        1,
        90,
        27,
        249,
        202,
        135,
        78,
        222,
        239,
        207,
        53,
        244,
        232,
        99,
        108,
        248,
        208,
        71,
        89,
        251,
        182,
        163,
        25,
        122,
        252,
        137,
        201,
        41,
        209,
        158,
        175,
        200,
        187,
        30,
        8,
        129,
        0,
        227,
        71,
        104,
        110,
        48,
        38,
        180,
        109,
        193,
        148,
        6,
        54,
        188,
        182,
        147,
        23,
        54,
        117,
        51,
        127,
        122,
        186,
        116,
        221,
        127,
        255,
        113,
        19,
        94,
        199,
        0,
        180,
        133,
        67,
        69,
        57,
        23,
        123,
        78,
        43,
        199,
        45,
        156,
        70,
        38,
        231,
        26,
        45,
        79,
        67,
        34,
        102,
        99,
        201,
        125,
        151,
        21,
        149,
        203,
        209,
        123,
        207,
        125,
        236,
        250,
        225,
        109,
        12,
        61,
        254,
        91,
        252,
        80,
        226,
        34,
        109,
        147,
        84,
        143,
        254,
        241,
        131,
        47,
        243,
        185,
        175,
        222,
        139,
        152,
        49,
        5,
        68,
        232,
        143,
        104,
        75,
        25,
        126,
        6,
        136,
        69,
        160,
        224,
        241,
        246,
        43,
        127,
        74,
        67,
        204,
        41,
        233,
        22,
        67,
        89,
        215,
        72,
        178,
        21,
        26,
        41,
        81,
        7,
        237,
        88,
        156,
        244,
        217,
        159,
        27,
        149,
        46,
        208,
        232,
        193,
        81,
        86,
        127,
        251,
        35,
        156,
        190,
        100,
        214,
        158,
        65,
        45,
        148,
        85,
        192,
        252,
        166,
        205,
        116,
        223,
        126,
        7,
        93,
        63,
        254,
        9,
        163,
        155,
        95,
        67,
        2,
        209,
        244,
        12,
        162,
        150,
        69,
        161,
        111,
        59,
        186,
        142,
        246,
        51,
        41,
        128,
        30,
        206,
        22,
        24,
        217,
        222,
        111,
        172,
        58,
        33,
        204,
        119,
        99,
        12,
        44,
        97,
        140,
        143,
        16,
        196,
        96,
        36,
        207,
        240,
        96,
        182,
        124,
        161,
        99,
        65,
        67,
        180,
        108,
        49,
        218,
        22,
        129,
        27,
        208,
        221,
        215,
        103,
        126,
        251,
        10,
        250,
        51,
        228,
        10,
        254,
        222,
        157,
        12,
        211,
        210,
        208,
        211,
        197,
        107,
        159,
        255,
        18,
        189,
        247,
        252,
        146,
        66,
        118,
        0,
        135,
        24,
        137,
        150,
        67,
        77,
        39,
        171,
        53,
        58,
        8,
        38,
        119,
        103,
        24,
        139,
        216,
        134,
        42,
        82,
        241,
        178,
        193,
        82,
        107,
        70,
        107,
        109,
        64,
        173,
        231,
        127,
        168,
        204,
        35,
        66,
        127,
        71,
        209,
        96,
        81,
        10,
        199,
        222,
        59,
        109,
        68,
        218,
        83,
        176,
        230,
        81,
        54,
        255,
        244,
        71,
        52,
        70,
        154,
        104,
        104,
        155,
        99,
        120,
        71,
        235,
        125,
        51,
        233,
        223,
        202,
        64,
        43,
        173,
        13,
        40,
        129,
        218,
        189,
        101,
        24,
        90,
        112,
        117,
        253,
        34,
        122,
        15,
        150,
        97,
        160,
        198,
        133,
        147,
        6,
        112,
        34,
        68,
        1,
        17,
        137,
        160,
        114,
        57,
        132,
        20,
        136,
        200,
        129,
        245,
        252,
        77,
        40,
        208,
        163,
        57,
        15,
        118,
        13,
        65,
        204,
        169,
        15,
        180,
        16,
        134,
        38,
        166,
        38,
        67,
        9,
        11,
        207,
        105,
        13,
        253,
        163,
        16,
        232,
        250,
        14,
        142,
        64,
        65,
        95,
        134,
        188,
        183,
        119,
        234,
        16,
        0,
        90,
        17,
        0,
        106,
        52,
        139,
        176,
        44,
        144,
        2,
        59,
        18,
        41,
        223,
        107,
        178,
        3,
        125,
        209,
        187,
        14,
        103,
        193,
        170,
        43,
        145,
        241,
        72,
        248,
        198,
        213,
        201,
        18,
        130,
        23,
        183,
        244,
        112,
        221,
        247,
        31,
        134,
        184,
        19,
        142,
        25,
        186,
        136,
        88,
        132,
        31,
        220,
        112,
        33,
        173,
        77,
        9,
        211,
        42,
        234,
        120,
        219,
        180,
        27,
        112,
        226,
        56,
        70,
        67,
        242,
        91,
        123,
        97,
        217,
        59,
        88,
        246,
        228,
        83,
        72,
        39,
        2,
        82,
        226,
        238,
        232,
        96,
        227,
        199,
        255,
        1,
        237,
        186,
        200,
        120,
        124,
        242,
        3,
        61,
        111,
        90,
        19,
        243,
        166,
        237,
        121,
        0,
        103,
        201,
        220,
        86,
        174,
        187,
        241,
        215,
        16,
        181,
        77,
        228,
        159,
        27,
        32,
        226,
        240,
        119,
        203,
        151,
        236,
        31,
        255,
        211,
        80,
        22,
        102,
        183,
        144,
        58,
        233,
        196,
        50,
        43,
        29,
        181,
        24,
        148,
        66,
        123,
        30,
        28,
        32,
        160,
        37,
        111,
        114,
        154,
        232,
        134,
        43,
        234,
        140,
        109,
        184,
        59,
        58,
        202,
        90,
        208,
        95,
        3,
        71,
        111,
        235,
        30,
        230,
        213,
        141,
        187,
        16,
        177,
        250,
        97,
        83,
        82,
        10,
        158,
        223,
        212,
        109,
        56,
        188,
        102,
        40,
        235,
        231,
        143,
        188,
        74,
        107,
        83,
        130,
        186,
        241,
        219,
        26,
        180,
        31,
        176,
        108,
        241,
        33,
        227,
        242,
        224,
        253,
        213,
        251,
        58,
        238,
        248,
        221,
        58,
        174,
        89,
        241,
        35,
        51,
        104,
        42,
        100,
        253,
        158,
        42,
        180,
        16,
        107,
        135,
        178,
        46,
        251,
        210,
        93,
        230,
        92,
        61,
        145,
        15,
        2,
        232,
        203,
        112,
        255,
        221,
        87,
        114,
        238,
        9,
        243,
        15,
        2,
        157,
        136,
        57,
        208,
        146,
        130,
        41,
        201,
        61,
        168,
        119,
        212,
        31,
        202,
        218,
        83,
        240,
        76,
        160,
        0,
        65,
        212,
        177,
        152,
        44,
        105,
        66,
        129,
        150,
        66,
        152,
        33,
        41,
        75,
        238,
        251,
        8,
        139,
        181,
        23,
        254,
        180,
        37,
        98,
        127,
        142,
        218,
        76,
        102,
        160,
        243,
        174,
        15,
        131,
        89,
        99,
        209,
        213,
        51,
        74,
        116,
        72,
        29,
        13,
        209,
        178,
        36,
        23,
        117,
        219,
        76,
        222,
        72,
        122,
        61,
        44,
        125,
        5,
        67,
        89,
        60,
        95,
        29,
        4,
        26,
        32,
        25,
        143,
        144,
        152,
        158,
        70,
        180,
        165,
        234,
        74,
        180,
        16,
        2,
        63,
        80,
        228,
        11,
        94,
        249,
        255,
        16,
        220,
        248,
        212,
        36,
        150,
        16,
        117,
        41,
        90,
        7,
        102,
        52,
        61,
        22,
        57,
        72,
        29,
        0,
        124,
        236,
        221,
        71,
        113,
        209,
        41,
        11,
        235,
        75,
        115,
        168,
        117,
        60,
        254,
        242,
        14,
        206,
        93,
        121,
        187,
        9,
        227,
        178,
        45,
        200,
        21,
        144,
        201,
        24,
        127,
        188,
        233,
        195,
        204,
        108,
        105,
        172,
        111,
        176,
        132,
        173,
        33,
        153,
        136,
        28,
        4,
        26,
        32,
        234,
        88,
        68,
        157,
        61,
        171,
        95,
        165,
        144,
        176,
        26,
        103,
        210,
        188,
        105,
        105,
        226,
        81,
        155,
        191,
        150,
        52,
        161,
        111,
        178,
        107,
        96,
        148,
        237,
        29,
        3,
        229,
        128,
        40,
        63,
        32,
        150,
        136,
        112,
        116,
        69,
        160,
        202,
        224,
        104,
        161,
        154,
        86,
        194,
        227,
        190,
        145,
        28,
        51,
        163,
        38,
        76,
        192,
        11,
        20,
        47,
        108,
        234,
        54,
        148,
        33,
        165,
        17,
        103,
        95,
        177,
        104,
        78,
        43,
        169,
        253,
        41,
        213,
        19,
        232,
        247,
        152,
        112,
        61,
        250,
        179,
        43,
        127,
        102,
        2,
        19,
        133,
        128,
        238,
        97,
        166,
        31,
        55,
        151,
        206,
        219,
        63,
        189,
        79,
        229,
        244,
        15,
        231,
        88,
        246,
        169,
        219,
        140,
        163,
        169,
        49,
        102,
        212,
        187,
        254,
        12,
        15,
        252,
        236,
        211,
        188,
        247,
        184,
        185,
        251,
        193,
        124,
        20,
        147,
        91,
        162,
        167,
        53,
        55,
        152,
        192,
        70,
        199,
        54,
        60,
        29,
        177,
        137,
        58,
        111,
        228,
        150,
        230,
        218,
        210,
        39,
        80,
        16,
        177,
        177,
        246,
        23,
        64,
        74,
        1,
        22,
        118,
        211,
        132,
        5,
        214,
        78,
        172,
        175,
        99,
        225,
        204,
        41,
        198,
        5,
        26,
        130,
        76,
        212,
        121,
        67,
        70,
        134,
        16,
        16,
        137,
        216,
        198,
        241,
        84,
        4,
        59,
        234,
        32,
        229,
        254,
        1,
        90,
        229,
        10,
        56,
        13,
        83,
        136,
        205,
        155,
        51,
        57,
        129,
        62,
        242,
        208,
        22,
        162,
        173,
        41,
        200,
        185,
        111,
        233,
        142,
        202,
        207,
        15,
        19,
        157,
        51,
        151,
        232,
        156,
        217,
        147,
        19,
        232,
        88,
        196,
        226,
        140,
        163,
        103,
        26,
        110,
        125,
        171,
        89,
        113,
        10,
        180,
        39,
        208,
        129,
        196,
        199,
        35,
        253,
        238,
        211,
        38,
        244,
        118,
        19,
        238,
        39,
        252,
        248,
        89,
        71,
        31,
        240,
        241,
        185,
        189,
        42,
        23,
        216,
        104,
        1,
        118,
        42,
        32,
        210,
        146,
        167,
        177,
        29,
        218,
        47,
        56,
        28,
        216,
        12,
        253,
        107,
        33,
        215,
        57,
        185,
        58,
        67,
        128,
        11,
        78,
        90,
        64,
        236,
        240,
        25,
        228,
        59,
        6,
        222,
        50,
        82,
        45,
        116,
        134,
        232,
        84,
        23,
        25,
        213,
        232,
        124,
        23,
        205,
        167,
        30,
        73,
        226,
        248,
        249,
        48,
        244,
        18,
        244,
        109,
        5,
        247,
        183,
        16,
        157,
        1,
        115,
        63,
        0,
        86,
        124,
        114,
        72,
        180,
        109,
        73,
        110,
        248,
        232,
        41,
        208,
        51,
        92,
        223,
        111,
        241,
        102,
        0,
        173,
        118,
        98,
        37,
        53,
        194,
        14,
        208,
        5,
        77,
        235,
        37,
        231,
        65,
        44,
        9,
        253,
        125,
        128,
        21,
        206,
        0,
        120,
        12,
        158,
        248,
        34,
        228,
        122,
        38,
        7,
        208,
        0,
        159,
        191,
        96,
        25,
        173,
        39,
        204,
        135,
        173,
        189,
        99,
        102,
        91,
        29,
        88,
        94,
        30,
        5,
        250,
        65,
        23,
        176,
        226,
        146,
        160,
        55,
        67,
        243,
        153,
        111,
        35,
        117,
        206,
        73,
        208,
        177,
        22,
        252,
        12,
        184,
        195,
        224,
        142,
        130,
        147,
        134,
        254,
        215,
        224,
        119,
        159,
        7,
        63,
        63,
        57,
        128,
        6,
        184,
        255,
        134,
        11,
        193,
        11,
        232,
        30,
        28,
        125,
        147,
        136,
        89,
        129,
        219,
        1,
        140,
        32,
        41,
        160,
        115,
        67,
        216,
        205,
        112,
        200,
        202,
        75,
        32,
        26,
        3,
        183,
        1,
        70,
        54,
        65,
        126,
        24,
        10,
        35,
        144,
        239,
        135,
        200,
        20,
        216,
        252,
        91,
        120,
        238,
        255,
        78,
        30,
        160,
        79,
        92,
        56,
        157,
        203,
        255,
        229,
        34,
        122,
        182,
        247,
        227,
        5,
        111,
        130,
        123,
        51,
        232,
        133,
        160,
        31,
        200,
        19,
        100,
        122,
        80,
        121,
        151,
        67,
        175,
        185,
        24,
        103,
        201,
        60,
        40,
        44,
        129,
        185,
        31,
        134,
        134,
        195,
        160,
        239,
        5,
        200,
        15,
        65,
        126,
        4,
        114,
        131,
        16,
        109,
        129,
        103,
        111,
        133,
        209,
        238,
        201,
        1,
        52,
        192,
        247,
        255,
        254,
        12,
        110,
        189,
        238,
        124,
        250,
        134,
        115,
        7,
        144,
        144,
        195,
        87,
        244,
        187,
        33,
        24,
        5,
        213,
        135,
        206,
        15,
        50,
        235,
        115,
        127,
        75,
        211,
        5,
        203,
        33,
        56,
        21,
        98,
        225,
        194,
        14,
        139,
        86,
        64,
        243,
        177,
        176,
        235,
        25,
        35,
        213,
        133,
        140,
        225,
        236,
        93,
        47,
        195,
        159,
        31,
        126,
        19,
        128,
        30,
        124,
        18,
        118,
        254,
        231,
        27,
        186,
        244,
        147,
        203,
        151,
        208,
        150,
        62,
        144,
        115,
        188,
        67,
        75,
        212,
        27,
        48,
        64,
        247,
        119,
        16,
        159,
        221,
        72,
        243,
        7,
        206,
        133,
        232,
        217,
        224,
        212,
        196,
        134,
        28,
        119,
        3,
        76,
        59,
        21,
        122,
        214,
        65,
        62,
        11,
        249,
        81,
        24,
        5,
        186,
        215,
        141,
        109,
        36,
        10,
        158,
        216,
        236,
        79,
        32,
        208,
        155,
        254,
        13,
        254,
        240,
        198,
        35,
        239,
        101,
        133,
        154,
        151,
        115,
        125,
        51,
        255,
        91,
        78,
        144,
        74,
        34,
        66,
        160,
        131,
        33,
        8,
        70,
        160,
        208,
        7,
        126,
        63,
        52,
        94,
        4,
        246,
        244,
        186,
        110,
        21,
        206,
        184,
        25,
        218,
        150,
        65,
        239,
        134,
        16,
        108,
        32,
        59,
        60,
        38,
        235,
        213,
        191,
        202,
        242,
        226,
        206,
        137,
        0,
        58,
        247,
        12,
        60,
        209,
        12,
        219,
        126,
        9,
        93,
        10,
        174,
        107,
        134,
        215,
        254,
        178,
        38,
        213,
        158,
        78,
        64,
        58,
        1,
        127,
        238,
        50,
        225,
        188,
        251,
        43,
        214,
        66,
        10,
        40,
        120,
        229,
        225,
        174,
        32,
        3,
        222,
        144,
        145,
        234,
        194,
        16,
        116,
        61,
        180,
        251,
        107,
        59,
        158,
        132,
        93,
        47,
        130,
        146,
        80,
        24,
        53,
        64,
        59,
        38,
        16,
        243,
        135,
        79,
        23,
        120,
        224,
        85,
        151,
        155,
        30,
        205,
        51,
        173,
        81,
        114,
        249,
        201,
        177,
        9,
        0,
        218,
        153,
        13,
        115,
        111,
        4,
        231,
        56,
        240,
        162,
        112,
        238,
        141,
        208,
        126,
        248,
        95,
        132,
        199,
        210,
        249,
        237,
        172,
        191,
        251,
        10,
        46,
        188,
        244,
        100,
        216,
        53,
        8,
        91,
        123,
        80,
        240,
        198,
        29,
        70,
        197,
        235,
        182,
        245,
        129,
        235,
        147,
        136,
        138,
        178,
        135,
        174,
        208,
        5,
        254,
        168,
        57,
        222,
        122,
        27,
        108,
        248,
        214,
        216,
        235,
        183,
        174,
        129,
        219,
        79,
        129,
        254,
        205,
        32,
        98,
        134,
        167,
        125,
        240,
        231,
        28,
        201,
        191,
        175,
        131,
        117,
        93,
        1,
        15,
        109,
        244,
        209,
        192,
        23,
        78,
        143,
        141,
        251,
        177,
        246,
        205,
        50,
        180,
        91,
        97,
        198,
        199,
        97,
        203,
        14,
        232,
        243,
        225,
        248,
        143,
        239,
        23,
        225,
        91,
        52,
        163,
        153,
        85,
        55,
        92,
        200,
        154,
        115,
        151,
        114,
        197,
        55,
        30,
        224,
        181,
        151,
        182,
        49,
        146,
        117,
        97,
        202,
        190,
        121,
        248,
        176,
        36,
        116,
        15,
        67,
        193,
        99,
        233,
        169,
        139,
        248,
        198,
        21,
        203,
        57,
        118,
        94,
        88,
        136,
        51,
        29,
        242,
        191,
        5,
        49,
        5,
        188,
        81,
        176,
        155,
        225,
        207,
        183,
        65,
        118,
        0,
        150,
        126,
        45,
        172,
        156,
        7,
        97,
        213,
        217,
        102,
        17,
        53,
        59,
        13,
        185,
        17,
        232,
        47,
        64,
        171,
        32,
        59,
        227,
        28,
        82,
        93,
        112,
        227,
        121,
        111,
        172,
        127,
        121,
        99,
        38,
        248,
        219,
        63,
        3,
        75,
        255,
        247,
        126,
        167,
        211,
        179,
        142,
        159,
        207,
        134,
        123,
        174,
        228,
        230,
        95,
        60,
        179,
        207,
        18,
        93,
        240,
        2,
        120,
        181,
        131,
        134,
        67,
        167,
        242,
        205,
        149,
        103,
        243,
        169,
        11,
        142,
        171,
        206,
        144,
        58,
        17,
        118,
        173,
        130,
        236,
        102,
        80,
        49,
        112,
        179,
        16,
        109,
        135,
        87,
        190,
        3,
        178,
        9,
        210,
        75,
        96,
        245,
        249,
        224,
        107,
        136,
        76,
        133,
        108,
        6,
        188,
        130,
        89,
        4,
        233,
        127,
        125,
        145,
        84,
        122,
        42,
        31,
        75,
        31,
        104,
        95,
        71,
        52,
        57,
        161,
        122,
        194,
        229,
        53,
        32,
        41,
        173,
        113,
        253,
        96,
        143,
        190,
        146,
        188,
        235,
        115,
        213,
        85,
        203,
        249,
        210,
        39,
        222,
        69,
        123,
        189,
        48,
        49,
        25,
        135,
        105,
        31,
        134,
        23,
        87,
        0,
        41,
        8,
        34,
        224,
        230,
        33,
        126,
        40,
        60,
        251,
        175,
        144,
        29,
        5,
        31,
        112,
        154,
        141,
        36,
        251,
        46,
        252,
        25,
        56,
        246,
        48,
        56,
        251,
        107,
        111,
        125,
        167,
        210,
        126,
        81,
        208,
        164,
        128,
        225,
        156,
        137,
        181,
        94,
        56,
        205,
        116,
        152,
        129,
        194,
        175,
        48,
        124,
        142,
        153,
        215,
        198,
        210,
        149,
        103,
        239,
        185,
        160,
        244,
        73,
        48,
        255,
        139,
        240,
        220,
        103,
        160,
        224,
        131,
        108,
        5,
        215,
        3,
        229,
        128,
        118,
        140,
        202,
        145,
        31,
        129,
        17,
        31,
        182,
        1,
        11,
        231,
        195,
        103,
        127,
        15,
        242,
        47,
        15,
        107,
        144,
        147,
        1,
        232,
        169,
        169,
        56,
        247,
        127,
        243,
        131,
        28,
        126,
        194,
        124,
        216,
        176,
        11,
        94,
        221,
        1,
        221,
        195,
        85,
        51,
        178,
        198,
        29,
        181,
        116,
        200,
        197,
        112,
        194,
        29,
        208,
        48,
        15,
        186,
        95,
        133,
        142,
        141,
        208,
        219,
        5,
        125,
        25,
        216,
        49,
        2,
        91,
        124,
        163,
        55,
        159,
        243,
        9,
        184,
        254,
        37,
        104,
        216,
        63,
        107,
        224,
        10,
        173,
        223,
        66,
        142,
        226,
        113,
        164,
        91,
        87,
        63,
        203,
        179,
        47,
        108,
        227,
        184,
        101,
        243,
        184,
        244,
        140,
        35,
        73,
        188,
        209,
        144,
        4,
        13,
        108,
        185,
        23,
        182,
        60,
        4,
        59,
        95,
        132,
        108,
        30,
        156,
        22,
        152,
        117,
        58,
        44,
        62,
        23,
        166,
        29,
        185,
        159,
        93,
        179,
        147,
        12,
        232,
        201,
        154,
        246,
        89,
        28,
        178,
        174,
        98,
        56,
        23,
        208,
        159,
        243,
        25,
        205,
        43,
        114,
        94,
        128,
        175,
        52,
        82,
        128,
        99,
        73,
        146,
        17,
        73,
        42,
        110,
        209,
        146,
        116,
        72,
        70,
        173,
        183,
        212,
        8,
        86,
        222,
        211,
        244,
        140,
        104,
        118,
        14,
        42,
        250,
        50,
        138,
        145,
        188,
        38,
        83,
        16,
        100,
        60,
        135,
        188,
        39,
        200,
        23,
        124,
        124,
        215,
        69,
        105,
        195,
        253,
        182,
        20,
        56,
        22,
        196,
        28,
        65,
        67,
        84,
        208,
        24,
        19,
        52,
        37,
        4,
        109,
        41,
        201,
        204,
        169,
        22,
        237,
        41,
        129,
        101,
        137,
        125,
        7,
        58,
        231,
        41,
        54,
        245,
        184,
        108,
        234,
        115,
        233,
        28,
        116,
        233,
        28,
        242,
        232,
        26,
        246,
        232,
        30,
        241,
        232,
        203,
        248,
        244,
        103,
        61,
        6,
        115,
        62,
        195,
        185,
        128,
        145,
        130,
        143,
        46,
        40,
        51,
        11,
        86,
        133,
        147,
        122,
        36,
        96,
        9,
        100,
        84,
        146,
        142,
        91,
        52,
        197,
        45,
        90,
        18,
        54,
        237,
        41,
        135,
        67,
        210,
        17,
        230,
        76,
        137,
        50,
        191,
        53,
        206,
        146,
        153,
        73,
        22,
        205,
        216,
        255,
        254,
        142,
        129,
        172,
        102,
        75,
        111,
        192,
        214,
        62,
        69,
        215,
        176,
        162,
        107,
        72,
        179,
        107,
        72,
        209,
        61,
        108,
        128,
        237,
        31,
        213,
        244,
        103,
        20,
        253,
        35,
        154,
        108,
        65,
        27,
        125,
        57,
        80,
        230,
        91,
        133,
        139,
        60,
        233,
        208,
        165,
        10,
        160,
        66,
        138,
        209,
        97,
        111,
        22,
        126,
        236,
        136,
        160,
        53,
        37,
        105,
        75,
        73,
        218,
        211,
        146,
        67,
        154,
        37,
        115,
        218,
        44,
        230,
        180,
        90,
        44,
        158,
        105,
        115,
        244,
        44,
        155,
        168,
        83,
        93,
        1,
        226,
        218,
        251,
        187,
        244,
        214,
        126,
        151,
        237,
        3,
        46,
        157,
        131,
        30,
        219,
        250,
        93,
        220,
        140,
        103,
        204,
        225,
        64,
        25,
        219,
        95,
        132,
        190,
        25,
        171,
        250,
        134,
        66,
        232,
        208,
        16,
        211,
        104,
        173,
        195,
        233,
        110,
        218,
        88,
        94,
        94,
        56,
        237,
        205,
        13,
        140,
        110,
        234,
        7,
        230,
        129,
        29,
        9,
        233,
        8,
        135,
        77,
        75,
        112,
        228,
        244,
        4,
        199,
        204,
        74,
        114,
        252,
        188,
        20,
        167,
        31,
        158,
        38,
        62,
        142,
        245,
        234,
        186,
        71,
        20,
        27,
        187,
        21,
        59,
        6,
        21,
        157,
        3,
        138,
        142,
        65,
        69,
        231,
        160,
        1,
        116,
        215,
        144,
        162,
        115,
        80,
        49,
        148,
        213,
        224,
        105,
        3,
        158,
        52,
        214,
        98,
        196,
        50,
        19,
        192,
        162,
        150,
        9,
        51,
        49,
        49,
        33,
        26,
        161,
        43,
        38,
        103,
        233,
        226,
        187,
        80,
        10,
        128,
        215,
        165,
        111,
        109,
        226,
        226,
        181,
        137,
        131,
        207,
        123,
        154,
        188,
        167,
        81,
        5,
        109,
        212,
        194,
        64,
        131,
        20,
        56,
        141,
        130,
        5,
        211,
        44,
        22,
        76,
        183,
        57,
        114,
        166,
        205,
        210,
        57,
        54,
        167,
        30,
        30,
        65,
        112,
        217,
        179,
        26,
        161,
        140,
        108,
        59,
        96,
        69,
        4,
        81,
        75,
        32,
        133,
        8,
        31,
        64,
        151,
        110,
        84,
        254,
        54,
        192,
        234,
        112,
        98,
        164,
        153,
        185,
        22,
        30,
        87,
        253,
        71,
        233,
        216,
        76,
        255,
        13,
        43,
        161,
        224,
        195,
        168,
        7,
        57,
        223,
        84,
        104,
        34,
        194,
        148,
        67,
        27,
        121,
        199,
        97,
        105,
        222,
        189,
        164,
        141,
        51,
        142,
        104,
        99,
        212,
        181,
        217,
        212,
        235,
        211,
        25,
        130,
        215,
        25,
        74,
        103,
        231,
        144,
        1,
        56,
        83,
        0,
        29,
        250,
        49,
        164,
        20,
        68,
        109,
        65,
        194,
        209,
        196,
        28,
        129,
        35,
        195,
        153,
        116,
        186,
        12,
        154,
        46,
        162,
        166,
        169,
        56,
        167,
        75,
        18,
        91,
        156,
        95,
        94,
        234,
        178,
        42,
        206,
        21,
        17,
        175,
        250,
        189,
        155,
        254,
        213,
        245,
        53,
        195,
        57,
        77,
        144,
        213,
        224,
        106,
        176,
        97,
        198,
        116,
        27,
        177,
        240,
        95,
        250,
        116,
        16,
        248,
        4,
        129,
        79,
        160,
        204,
        183,
        31,
        248,
        248,
        190,
        71,
        16,
        248,
        40,
        173,
        80,
        74,
        161,
        84,
        128,
        82,
        10,
        173,
        149,
        1,
        79,
        43,
        84,
        21,
        216,
        53,
        34,
        64,
        57,
        222,
        89,
        32,
        64,
        72,
        164,
        148,
        216,
        150,
        99,
        62,
        182,
        131,
        45,
        29,
        44,
        219,
        65,
        99,
        49,
        156,
        23,
        20,
        70,
        53,
        216,
        17,
        14,
        153,
        154,
        196,
        245,
        45,
        6,
        178,
        1,
        190,
        31,
        78,
        71,
        148,
        16,
        179,
        205,
        44,
        185,
        184,
        35,
        66,
        231,
        167,
        46,
        223,
        178,
        22,
        68,
        93,
        249,
        95,
        248,
        187,
        18,
        188,
        58,
        121,
        118,
        39,
        205,
        37,
        144,
        247,
        2,
        116,
        61,
        71,
        160,
        2,
        134,
        179,
        26,
        59,
        217,
        144,
        50,
        64,
        80,
        150,
        74,
        165,
        21,
        65,
        16,
        24,
        112,
        67,
        160,
        181,
        82,
        40,
        93,
        252,
        214,
        104,
        138,
        128,
        235,
        49,
        133,
        131,
        64,
        8,
        19,
        145,
        47,
        133,
        68,
        8,
        137,
        148,
        22,
        150,
        176,
        176,
        44,
        187,
        116,
        108,
        114,
        203,
        210,
        61,
        181,
        214,
        248,
        190,
        34,
        91,
        240,
        136,
        90,
        154,
        230,
        184,
        52,
        11,
        252,
        132,
        64,
        214,
        74,
        103,
        9,
        148,
        18,
        112,
        213,
        88,
        84,
        229,
        175,
        4,
        170,
        40,
        205,
        84,
        71,
        65,
        84,
        29,
        239,
        78,
        100,
        235,
        164,
        98,
        48,
        108,
        113,
        5,
        184,
        202,
        236,
        2,
        104,
        74,
        8,
        108,
        223,
        247,
        198,
        212,
        131,
        16,
        96,
        89,
        54,
        182,
        237,
        24,
        138,
        214,
        134,
        168,
        133,
        37,
        208,
        34,
        164,
        237,
        64,
        84,
        249,
        213,
        203,
        165,
        139,
        240,
        37,
        4,
        132,
        224,
        41,
        109,
        58,
        27,
        173,
        117,
        169,
        117,
        4,
        42,
        168,
        162,
        151,
        202,
        38,
        28,
        179,
        43,
        37,
        177,
        6,
        60,
        234,
        157,
        175,
        65,
        168,
        222,
        124,
        115,
        93,
        89,
        70,
        13,
        250,
        149,
        156,
        80,
        211,
        32,
        171,
        164,
        185,
        214,
        241,
        31,
        24,
        130,
        143,
        216,
        230,
        117,
        93,
        79,
        163,
        3,
        176,
        109,
        49,
        30,
        245,
        46,
        228,
        92,
        29,
        148,
        122,
        94,
        109,
        129,
        142,
        106,
        180,
        109,
        142,
        65,
        35,
        2,
        144,
        57,
        129,
        204,
        137,
        240,
        28,
        99,
        184,
        77,
        96,
        58,
        203,
        109,
        131,
        154,
        152,
        5,
        237,
        141,
        130,
        188,
        167,
        75,
        179,
        145,
        81,
        6,
        3,
        25,
        206,
        84,
        86,
        218,
        44,
        124,
        208,
        147,
        81,
        68,
        109,
        72,
        70,
        5,
        126,
        80,
        35,
        205,
        218,
        112,
        111,
        177,
        245,
        72,
        1,
        175,
        247,
        40,
        18,
        17,
        152,
        209,
        36,
        41,
        46,
        28,
        86,
        73,
        1,
        182,
        5,
        155,
        186,
        20,
        49,
        27,
        166,
        55,
        91,
        4,
        129,
        169,
        252,
        29,
        221,
        1,
        77,
        141,
        146,
        116,
        66,
        80,
        57,
        219,
        89,
        215,
        19,
        225,
        26,
        180,
        125,
        95,
        19,
        141,
        10,
        82,
        73,
        139,
        72,
        68,
        154,
        229,
        251,
        2,
        205,
        224,
        72,
        64,
        54,
        171,
        198,
        128,
        189,
        103,
        61,
        90,
        153,
        14,
        82,
        199,
        52,
        202,
        42,
        43,
        32,
        90,
        10,
        148,
        163,
        81,
        49,
        133,
        61,
        44,
        203,
        96,
        235,
        234,
        135,
        20,
        2,
        250,
        178,
        154,
        211,
        231,
        91,
        40,
        13,
        107,
        183,
        6,
        72,
        161,
        75,
        229,
        8,
        4,
        110,
        160,
        177,
        208,
        68,
        44,
        163,
        179,
        110,
        239,
        87,
        28,
        214,
        34,
        72,
        199,
        37,
        107,
        183,
        4,
        12,
        231,
        194,
        218,
        208,
        70,
        245,
        138,
        216,
        48,
        123,
        138,
        96,
        231,
        160,
        34,
        235,
        130,
        246,
        52,
        23,
        159,
        16,
        161,
        99,
        64,
        241,
        251,
        151,
        60,
        68,
        172,
        26,
        232,
        89,
        205,
        130,
        238,
        33,
        197,
        57,
        199,
        68,
        232,
        236,
        87,
        252,
        233,
        185,
        2,
        52,
        8,
        162,
        13,
        130,
        11,
        78,
        140,
        241,
        216,
        58,
        151,
        173,
        27,
        92,
        136,
        11,
        218,
        218,
        108,
        162,
        17,
        240,
        253,
        26,
        161,
        169,
        105,
        28,
        65,
        160,
        73,
        196,
        37,
        233,
        38,
        27,
        91,
        26,
        133,
        67,
        0,
        209,
        168,
        100,
        122,
        76,
        210,
        213,
        227,
        49,
        146,
        85,
        56,
        21,
        96,
        219,
        128,
        75,
        189,
        245,
        73,
        181,
        241,
        179,
        232,
        168,
        185,
        155,
        244,
        205,
        187,
        34,
        48,
        42,
        145,
        18,
        40,
        11,
        252,
        148,
        198,
        86,
        2,
        153,
        167,
        44,
        217,
        161,
        196,
        101,
        10,
        70,
        171,
        187,
        231,
        163,
        49,
        110,
        124,
        212,
        229,
        23,
        207,
        123,
        220,
        251,
        137,
        56,
        71,
        77,
        151,
        68,
        109,
        129,
        64,
        51,
        234,
        106,
        126,
        253,
        138,
        207,
        13,
        15,
        185,
        12,
        14,
        41,
        142,
        58,
        68,
        242,
        199,
        171,
        27,
        249,
        63,
        247,
        231,
        153,
        146,
        16,
        92,
        121,
        90,
        164,
        106,
        30,
        209,
        230,
        94,
        197,
        23,
        239,
        203,
        242,
        190,
        183,
        69,
        72,
        70,
        161,
        119,
        88,
        113,
        231,
        63,
        36,
        121,
        181,
        51,
        224,
        154,
        187,
        178,
        204,
        108,
        145,
        161,
        198,
        97,
        246,
        59,
        184,
        237,
        209,
        28,
        82,
        192,
        175,
        62,
        147,
        162,
        103,
        68,
        113,
        235,
        195,
        57,
        176,
        224,
        169,
        141,
        62,
        247,
        93,
        149,
        226,
        119,
        235,
        92,
        254,
        240,
        154,
        199,
        162,
        89,
        54,
        215,
        222,
        145,
        97,
        107,
        175,
        162,
        41,
        46,
        234,
        74,
        179,
        82,
        134,
        230,
        146,
        73,
        73,
        99,
        194,
        50,
        10,
        84,
        96,
        90,
        173,
        150,
        2,
        229,
        106,
        34,
        142,
        96,
        74,
        218,
        38,
        239,
        122,
        40,
        85,
        26,
        48,
        114,
        109,
        96,
        136,
        218,
        101,
        231,
        53,
        134,
        38,
        236,
        80,
        169,
        47,
        2,
        44,
        170,
        233,
        76,
        4,
        2,
        109,
        105,
        84,
        92,
        33,
        243,
        178,
        170,
        246,
        133,
        128,
        109,
        3,
        138,
        79,
        159,
        108,
        102,
        205,
        158,
        113,
        152,
        205,
        45,
        23,
        11,
        206,
        92,
        96,
        241,
        192,
        171,
        62,
        183,
        60,
        233,
        225,
        249,
        154,
        155,
        47,
        138,
        113,
        193,
        219,
        28,
        62,
        119,
        87,
        158,
        19,
        22,
        88,
        60,
        253,
        249,
        36,
        79,
        111,
        14,
        248,
        231,
        123,
        243,
        172,
        60,
        55,
        138,
        23,
        84,
        44,
        124,
        128,
        38,
        235,
        106,
        130,
        0,
        174,
        250,
        155,
        24,
        205,
        9,
        88,
        216,
        110,
        106,
        183,
        47,
        163,
        249,
        250,
        37,
        137,
        234,
        14,
        77,
        105,
        214,
        119,
        248,
        124,
        229,
        252,
        4,
        55,
        253,
        79,
        142,
        229,
        75,
        28,
        206,
        59,
        62,
        202,
        237,
        143,
        229,
        249,
        214,
        7,
        147,
        124,
        243,
        254,
        81,
        254,
        238,
        204,
        56,
        83,
        27,
        37,
        63,
        122,
        48,
        103,
        250,
        38,
        81,
        95,
        154,
        85,
        184,
        18,
        70,
        178,
        193,
        34,
        26,
        21,
        120,
        65,
        216,
        50,
        101,
        133,
        234,
        40,
        4,
        158,
        175,
        113,
        108,
        65,
        44,
        42,
        201,
        140,
        6,
        69,
        191,
        250,
        144,
        13,
        108,
        172,
        5,
        90,
        219,
        161,
        65,
        162,
        194,
        62,
        173,
        130,
        74,
        74,
        5,
        23,
        53,
        12,
        63,
        4,
        219,
        14,
        169,
        38,
        252,
        119,
        52,
        15,
        179,
        155,
        5,
        55,
        157,
        31,
        229,
        251,
        79,
        120,
        220,
        241,
        156,
        71,
        107,
        82,
        112,
        218,
        124,
        139,
        133,
        109,
        146,
        143,
        159,
        224,
        160,
        20,
        164,
        98,
        130,
        245,
        93,
        10,
        10,
        154,
        223,
        172,
        104,
        224,
        133,
        29,
        1,
        31,
        251,
        89,
        150,
        211,
        151,
        218,
        220,
        116,
        95,
        142,
        155,
        126,
        158,
        53,
        69,
        22,
        203,
        182,
        224,
        144,
        5,
        14,
        231,
        126,
        119,
        4,
        223,
        87,
        244,
        127,
        123,
        10,
        255,
        253,
        146,
        199,
        181,
        171,
        70,
        153,
        221,
        106,
        33,
        5,
        100,
        114,
        154,
        209,
        130,
        102,
        231,
        96,
        192,
        180,
        148,
        164,
        173,
        81,
        178,
        126,
        103,
        192,
        130,
        233,
        22,
        185,
        130,
        230,
        189,
        75,
        163,
        44,
        152,
        102,
        177,
        117,
        87,
        192,
        250,
        157,
        1,
        27,
        59,
        3,
        238,
        125,
        38,
        207,
        64,
        14,
        26,
        227,
        162,
        90,
        147,
        10,
        85,
        127,
        41,
        33,
        17,
        151,
        56,
        182,
        40,
        169,
        156,
        82,
        24,
        74,
        83,
        37,
        55,
        168,
        70,
        35,
        74,
        43,
        9,
        87,
        148,
        178,
        209,
        6,
        158,
        5,
        74,
        203,
        111,
        105,
        89,
        193,
        207,
        69,
        235,
        137,
        106,
        176,
        139,
        90,
        25,
        152,
        202,
        208,
        66,
        160,
        37,
        8,
        191,
        124,
        222,
        182,
        12,
        117,
        252,
        215,
        43,
        62,
        199,
        206,
        148,
        204,
        106,
        142,
        176,
        250,
        37,
        159,
        193,
        156,
        102,
        75,
        191,
        226,
        55,
        235,
        60,
        2,
        5,
        139,
        218,
        4,
        169,
        152,
        32,
        154,
        22,
        188,
        247,
        230,
        81,
        54,
        245,
        40,
        94,
        249,
        114,
        35,
        235,
        187,
        2,
        30,
        152,
        103,
        113,
        68,
        187,
        133,
        99,
        193,
        166,
        94,
        133,
        20,
        48,
        119,
        170,
        228,
        135,
        143,
        23,
        120,
        232,
        215,
        57,
        238,
        251,
        122,
        154,
        45,
        189,
        138,
        219,
        159,
        42,
        176,
        106,
        69,
        35,
        17,
        91,
        240,
        218,
        206,
        128,
        214,
        148,
        228,
        152,
        67,
        45,
        126,
        248,
        104,
        158,
        191,
        191,
        113,
        152,
        133,
        255,
        104,
        177,
        226,
        204,
        24,
        171,
        159,
        41,
        48,
        173,
        217,
        66,
        74,
        197,
        205,
        15,
        229,
        56,
        227,
        237,
        81,
        86,
        63,
        93,
        224,
        35,
        167,
        197,
        216,
        250,
        189,
        86,
        172,
        15,
        117,
        99,
        73,
        163,
        171,
        235,
        10,
        144,
        45,
        11,
        98,
        81,
        137,
        144,
        166,
        115,
        46,
        45,
        166,
        19,
        74,
        178,
        33,
        193,
        178,
        244,
        5,
        74,
        227,
        122,
        186,
        114,
        156,
        249,
        57,
        27,
        88,
        131,
        217,
        219,
        169,
        196,
        191,
        186,
        172,
        16,
        27,
        98,
        22,
        186,
        74,
        140,
        69,
        141,
        93,
        34,
        84,
        81,
        250,
        203,
        186,
        105,
        204,
        129,
        209,
        2,
        188,
        239,
        150,
        28,
        35,
        223,
        74,
        242,
        224,
        250,
        128,
        255,
        92,
        235,
        113,
        205,
        223,
        68,
        8,
        148,
        164,
        49,
        38,
        136,
        219,
        130,
        197,
        211,
        45,
        94,
        239,
        81,
        20,
        178,
        154,
        39,
        255,
        228,
        241,
        248,
        245,
        141,
        56,
        22,
        172,
        184,
        51,
        203,
        79,
        62,
        218,
        64,
        83,
        76,
        144,
        243,
        52,
        23,
        31,
        103,
        186,
        145,
        117,
        59,
        3,
        134,
        114,
        154,
        15,
        156,
        31,
        231,
        130,
        165,
        17,
        254,
        233,
        254,
        28,
        119,
        220,
        53,
        202,
        3,
        47,
        184,
        12,
        15,
        42,
        206,
        94,
        26,
        225,
        187,
        31,
        105,
        96,
        213,
        218,
        2,
        43,
        127,
        150,
        65,
        164,
        4,
        55,
        173,
        201,
        177,
        120,
        186,
        133,
        23,
        192,
        203,
        219,
        125,
        172,
        176,
        227,
        94,
        223,
        225,
        51,
        179,
        89,
        178,
        169,
        59,
        224,
        174,
        39,
        242,
        52,
        198,
        140,
        169,
        94,
        122,
        53,
        5,
        150,
        45,
        136,
        70,
        204,
        75,
        7,
        65,
        8,
        158,
        22,
        37,
        104,
        80,
        160,
        164,
        1,
        91,
        2,
        150,
        13,
        195,
        35,
        1,
        5,
        87,
        97,
        151,
        29,
        78,
        107,
        196,
        146,
        27,
        179,
        17,
        160,
        19,
        152,
        90,
        25,
        237,
        169,
        203,
        170,
        65,
        209,
        161,
        90,
        62,
        39,
        67,
        74,
        17,
        166,
        3,
        20,
        30,
        200,
        17,
        1,
        178,
        12,
        116,
        214,
        213,
        164,
        162,
        130,
        47,
        191,
        59,
        194,
        123,
        14,
        183,
        232,
        28,
        214,
        220,
        246,
        148,
        199,
        121,
        75,
        108,
        18,
        14,
        28,
        61,
        195,
        226,
        181,
        110,
        197,
        143,
        158,
        118,
        105,
        140,
        10,
        110,
        121,
        40,
        207,
        234,
        43,
        147,
        44,
        157,
        101,
        113,
        231,
        51,
        46,
        151,
        222,
        50,
        74,
        99,
        163,
        196,
        243,
        53,
        249,
        222,
        128,
        87,
        111,
        76,
        211,
        155,
        209,
        188,
        115,
        197,
        0,
        71,
        159,
        28,
        225,
        197,
        235,
        155,
        240,
        3,
        248,
        206,
        195,
        121,
        94,
        217,
        238,
        51,
        179,
        69,
        50,
        56,
        170,
        185,
        254,
        252,
        4,
        233,
        132,
        224,
        218,
        85,
        163,
        184,
        30,
        60,
        188,
        206,
        229,
        249,
        181,
        121,
        6,
        126,
        209,
        78,
        160,
        96,
        205,
        243,
        30,
        169,
        6,
        129,
        66,
        51,
        56,
        164,
        248,
        240,
        105,
        113,
        214,
        117,
        250,
        44,
        62,
        191,
        139,
        25,
        199,
        69,
        1,
        109,
        22,
        190,
        81,
        96,
        89,
        194,
        168,
        105,
        69,
        219,
        161,
        242,
        91,
        26,
        51,
        175,
        180,
        46,
        151,
        0,
        199,
        145,
        100,
        115,
        1,
        67,
        35,
        129,
        1,
        222,
        72,
        116,
        15,
        48,
        179,
        168,
        117,
        124,
        23,
        248,
        74,
        201,
        148,
        161,
        90,
        136,
        205,
        57,
        211,
        64,
        116,
        181,
        117,
        141,
        86,
        32,
        242,
        162,
        218,
        28,
        6,
        108,
        33,
        240,
        2,
        120,
        161,
        35,
        224,
        172,
        69,
        22,
        219,
        7,
        20,
        127,
        216,
        22,
        176,
        226,
        157,
        14,
        151,
        254,
        56,
        199,
        57,
        71,
        218,
        204,
        111,
        145,
        12,
        231,
        53,
        231,
        28,
        105,
        243,
        208,
        70,
        155,
        23,
        58,
        2,
        162,
        142,
        224,
        176,
        86,
        73,
        44,
        33,
        152,
        18,
        23,
        40,
        4,
        59,
        60,
        93,
        94,
        13,
        185,
        85,
        146,
        140,
        10,
        62,
        242,
        31,
        25,
        174,
        121,
        79,
        156,
        197,
        51,
        36,
        179,
        167,
        68,
        56,
        106,
        166,
        69,
        160,
        33,
        157,
        16,
        108,
        237,
        11,
        120,
        223,
        49,
        17,
        218,
        210,
        146,
        63,
        108,
        242,
        144,
        105,
        201,
        80,
        86,
        51,
        144,
        213,
        244,
        143,
        42,
        92,
        109,
        120,
        212,
        178,
        5,
        183,
        60,
        148,
        227,
        225,
        87,
        92,
        226,
        11,
        157,
        208,
        47,
        19,
        118,
        5,
        150,
        192,
        178,
        42,
        244,
        113,
        81,
        129,
        69,
        104,
        128,
        33,
        69,
        137,
        90,
        132,
        48,
        146,
        92,
        236,
        0,
        173,
        114,
        95,
        246,
        253,
        162,
        214,
        1,
        102,
        51,
        178,
        203,
        129,
        182,
        221,
        130,
        77,
        13,
        216,
        225,
        13,
        101,
        94,
        32,
        188,
        154,
        65,
        177,
        144,
        58,
        10,
        190,
        230,
        134,
        213,
        5,
        206,
        63,
        218,
        230,
        153,
        237,
        138,
        23,
        58,
        20,
        81,
        91,
        208,
        150,
        20,
        124,
        227,
        161,
        2,
        125,
        255,
        154,
        226,
        194,
        99,
        28,
        102,
        125,
        121,
        152,
        158,
        140,
        230,
        145,
        181,
        46,
        171,
        86,
        38,
        57,
        113,
        94,
        89,
        105,
        223,
        222,
        27,
        64,
        119,
        128,
        175,
        132,
        217,
        35,
        161,
        65,
        240,
        122,
        143,
        226,
        169,
        103,
        93,
        110,
        56,
        63,
        65,
        166,
        160,
        185,
        240,
        107,
        67,
        70,
        164,
        186,
        2,
        182,
        255,
        170,
        141,
        199,
        54,
        248,
        124,
        228,
        250,
        65,
        156,
        67,
        44,
        226,
        17,
        72,
        79,
        181,
        112,
        44,
        65,
        127,
        70,
        241,
        90,
        167,
        79,
        58,
        101,
        80,
        240,
        2,
        77,
        115,
        131,
        228,
        125,
        199,
        70,
        121,
        118,
        179,
        79,
        223,
        144,
        79,
        34,
        38,
        177,
        164,
        64,
        200,
        226,
        108,
        105,
        141,
        16,
        162,
        218,
        216,
        172,
        208,
        76,
        138,
        235,
        135,
        15,
        103,
        20,
        249,
        130,
        194,
        178,
        68,
        101,
        71,
        216,
        19,
        98,
        91,
        50,
        88,
        6,
        129,
        43,
        41,
        110,
        74,
        86,
        9,
        118,
        29,
        139,
        182,
        228,
        86,
        204,
        139,
        176,
        3,
        28,
        235,
        55,
        8,
        148,
        121,
        145,
        25,
        237,
        146,
        249,
        45,
        146,
        99,
        103,
        90,
        204,
        74,
        27,
        181,
        232,
        231,
        31,
        141,
        243,
        216,
        235,
        1,
        87,
        221,
        157,
        231,
        218,
        247,
        68,
        185,
        251,
        147,
        9,
        190,
        242,
        64,
        129,
        7,
        31,
        47,
        208,
        214,
        40,
        136,
        217,
        130,
        66,
        78,
        19,
        75,
        195,
        13,
        239,
        139,
        161,
        53,
        28,
        53,
        67,
        242,
        200,
        122,
        15,
        10,
        138,
        72,
        147,
        196,
        106,
        150,
        76,
        77,
        154,
        188,
        72,
        193,
        101,
        203,
        227,
        164,
        27,
        96,
        102,
        115,
        88,
        227,
        13,
        130,
        150,
        70,
        65,
        193,
        51,
        234,
        96,
        212,
        49,
        170,
        224,
        187,
        22,
        71,
        104,
        136,
        155,
        151,
        27,
        30,
        85,
        28,
        119,
        152,
        195,
        220,
        86,
        139,
        127,
        92,
        53,
        66,
        193,
        135,
        100,
        216,
        211,
        21,
        87,
        128,
        211,
        161,
        27,
        88,
        32,
        106,
        87,
        88,
        70,
        10,
        141,
        82,
        144,
        205,
        25,
        31,
        141,
        61,
        118,
        16,
        224,
        202,
        16,
        219,
        42,
        203,
        240,
        46,
        224,
        84,
        96,
        69,
        21,
        216,
        186,
        102,
        49,
        173,
        112,
        169,
        120,
        233,
        9,
        116,
        80,
        93,
        187,
        181,
        166,
        170,
        20,
        208,
        24,
        19,
        172,
        89,
        31,
        176,
        161,
        91,
        113,
        231,
        115,
        46,
        45,
        13,
        49,
        50,
        46,
        220,
        251,
        39,
        143,
        219,
        127,
        95,
        224,
        197,
        157,
        62,
        255,
        116,
        78,
        140,
        230,
        184,
        64,
        56,
        48,
        144,
        211,
        244,
        100,
        140,
        166,
        227,
        249,
        154,
        51,
        143,
        112,
        152,
        211,
        34,
        89,
        243,
        170,
        199,
        245,
        247,
        231,
        72,
        167,
        100,
        201,
        100,
        223,
        210,
        171,
        216,
        53,
        172,
        144,
        174,
        230,
        188,
        99,
        35,
        188,
        103,
        137,
        195,
        227,
        27,
        60,
        126,
        240,
        72,
        142,
        134,
        102,
        89,
        90,
        189,
        66,
        0,
        189,
        35,
        138,
        193,
        81,
        205,
        246,
        190,
        160,
        4,
        116,
        182,
        160,
        89,
        215,
        17,
        132,
        134,
        136,
        192,
        142,
        200,
        106,
        91,
        162,
        74,
        57,
        168,
        0,
        91,
        153,
        129,
        113,
        63,
        208,
        20,
        10,
        58,
        164,
        143,
        49,
        32,
        127,
        143,
        138,
        221,
        244,
        196,
        146,
        27,
        179,
        85,
        35,
        251,
        84,
        110,
        28,
        41,
        170,
        155,
        139,
        46,
        74,
        185,
        95,
        126,
        16,
        180,
        30,
        227,
        29,
        213,
        33,
        209,
        73,
        204,
        138,
        15,
        29,
        131,
        154,
        64,
        105,
        90,
        26,
        204,
        190,
        6,
        253,
        89,
        77,
        220,
        22,
        28,
        146,
        134,
        93,
        131,
        154,
        161,
        156,
        102,
        70,
        74,
        226,
        68,
        52,
        141,
        182,
        192,
        68,
        23,
        104,
        148,
        210,
        244,
        102,
        76,
        129,
        57,
        87,
        211,
        16,
        17,
        180,
        167,
        4,
        158,
        103,
        98,
        61,
        162,
        182,
        81,
        191,
        92,
        15,
        10,
        158,
        33,
        211,
        222,
        140,
        41,
        187,
        53,
        37,
        240,
        66,
        191,
        10,
        64,
        75,
        82,
        178,
        181,
        215,
        103,
        176,
        43,
        128,
        226,
        232,
        135,
        167,
        145,
        73,
        201,
        220,
        86,
        73,
        222,
        47,
        15,
        20,
        137,
        26,
        138,
        16,
        148,
        13,
        54,
        129,
        161,
        21,
        29,
        24,
        21,
        78,
        235,
        186,
        225,
        130,
        99,
        54,
        142,
        172,
        5,
        186,
        8,
        118,
        121,
        43,
        84,
        81,
        195,
        75,
        65,
        37,
        200,
        101,
        19,
        170,
        202,
        1,
        86,
        227,
        251,
        85,
        138,
        146,
        62,
        238,
        250,
        96,
        11,
        51,
        58,
        83,
        236,
        104,
        138,
        255,
        91,
        2,
        134,
        178,
        26,
        47,
        128,
        169,
        9,
        83,
        73,
        65,
        80,
        230,
        74,
        41,
        202,
        21,
        41,
        49,
        157,
        155,
        45,
        32,
        25,
        19,
        228,
        10,
        10,
        63,
        0,
        71,
        10,
        108,
        57,
        214,
        67,
        215,
        55,
        172,
        136,
        58,
        208,
        16,
        21,
        168,
        112,
        176,
        71,
        10,
        227,
        168,
        207,
        22,
        52,
        169,
        132,
        44,
        174,
        160,
        89,
        45,
        99,
        21,
        96,
        27,
        109,
        35,
        220,
        167,
        193,
        215,
        229,
        80,
        180,
        234,
        84,
        127,
        43,
        212,
        58,
        64,
        23,
        211,
        37,
        152,
        93,
        38,
        219,
        170,
        44,
        150,
        202,
        231,
        223,
        131,
        52,
        87,
        185,
        50,
        117,
        141,
        171,
        178,
        210,
        17,
        95,
        91,
        57,
        186,
        206,
        72,
        71,
        173,
        63,
        122,
        47,
        78,
        125,
        173,
        107,
        158,
        173,
        198,
        169,
        95,
        242,
        46,
        138,
        202,
        145,
        19,
        65,
        109,
        43,
        174,
        5,
        91,
        134,
        186,
        180,
        170,
        191,
        48,
        101,
        55,
        112,
        21,
        187,
        217,
        124,
        115,
        79,
        1,
        52,
        119,
        98,
        54,
        61,
        252,
        42,
        154,
        190,
        221,
        58,
        193,
        199,
        112,
        179,
        174,
        169,
        140,
        26,
        175,
        113,
        133,
        211,
        189,
        214,
        95,
        140,
        30,
        235,
        27,
        174,
        2,
        121,
        156,
        78,
        125,
        246,
        228,
        212,
        215,
        70,
        37,
        213,
        97,
        229,
        234,
        61,
        12,
        157,
        212,
        254,
        229,
        215,
        7,
        185,
        15,
        248,
        106,
        136,
        213,
        110,
        119,
        56,
        21,
        203,
        110,
        26,
        30,
        207,
        168,
        140,
        217,
        128,
        93,
        115,
        150,
        46,
        110,
        192,
        174,
        117,
        51,
        224,
        188,
        49,
        105,
        102,
        247,
        210,
        60,
        230,
        119,
        29,
        73,
        31,
        71,
        203,
        168,
        149,
        230,
        242,
        104,
        182,
        40,
        55,
        80,
        165,
        203,
        34,
        80,
        105,
        52,
        212,
        74,
        181,
        166,
        184,
        64,
        139,
        7,
        12,
        80,
        222,
        128,
        125,
        77,
        248,
        217,
        235,
        28,
        236,
        255,
        7,
        216,
        154,
        60,
        83,
        215,
        148,
        179,
        18,
        0,
        0,
        0,
        0,
        73,
        69,
        78,
        68,
        174,
        66,
        96,
        130
      ]
    },
    "stat": {
      "dev": 16777220,
      "mode": 33188,
      "nlink": 1,
      "uid": 501,
      "gid": 20,
      "rdev": 0,
      "blksize": 4194304,
      "ino": 2088632,
      "size": 8126,
      "blocks": 16,
      "atime": "2018-04-17T07:59:11.786Z",
      "mtime": "2018-03-22T08:50:40.996Z",
      "ctime": "2018-03-22T08:50:40.996Z",
      "birthtime": "2018-03-22T08:50:40.995Z"
    },
    "history": [
      "/Users/jiangheng/Desktop/work-code/xxd-h5/src/mods/home/imgs/app-logo@3x.png"
    ],
    "path": "/Users/jiangheng/Desktop/work-code/xxd-h5/src/mods/home/imgs/app-logo@3x.png",
    "gulpCache$filePathChangedInsideTask": false,
    "gulpCache$fileBaseChangedInsideTask": false,
    "gulpCache$originalPath": "/Users/jiangheng/Desktop/work-code/xxd-h5/src/mods/home/imgs/app-logo@3x.png",
    "gulpCache$originalBase": "/Users/jiangheng/Desktop/work-code/xxd-h5/src/mods/"
  }
]