[
  {
    "cwd": "/Users/jiangheng/Desktop/work-code/xxd-h5",
    "base": "/Users/jiangheng/Desktop/work-code/xxd-h5/src/mods/",
    "contents": {
      "type": "Buffer",
      "data": [
        137,
        80,
        78,
        71,
        13,
        10,
        26,
        10,
        0,
        0,
        0,
        13,
        73,
        72,
        68,
        82,
        0,
        0,
        0,
        99,
        0,
        0,
        0,
        77,
        8,
        4,
        0,
        0,
        0,
        24,
        148,
        18,
        88,
        0,
        0,
        16,
        50,
        73,
        68,
        65,
        84,
        104,
        222,
        205,
        155,
        121,
        116,
        157,
        101,
        157,
        199,
        111,
        119,
        80,
        10,
        202,
        218,
        130,
        182,
        40,
        32,
        139,
        44,
        130,
        86,
        171,
        44,
        5,
        84,
        24,
        4,
        225,
        0,
        158,
        177,
        131,
        14,
        195,
        136,
        203,
        0,
        210,
        163,
        184,
        129,
        200,
        184,
        12,
        2,
        163,
        226,
        194,
        32,
        82,
        81,
        81,
        178,
        39,
        159,
        180,
        165,
        165,
        165,
        251,
        150,
        166,
        107,
        210,
        36,
        77,
        183,
        36,
        180,
        77,
        155,
        182,
        73,
        154,
        180,
        89,
        154,
        166,
        73,
        154,
        228,
        51,
        127,
        220,
        183,
        151,
        123,
        211,
        123,
        111,
        238,
        45,
        229,
        28,
        159,
        231,
        143,
        156,
        188,
        203,
        125,
        159,
        239,
        251,
        252,
        150,
        239,
        111,
        121,
        67,
        132,
        222,
        149,
        57,
        148,
        16,
        231,
        18,
        226,
        10,
        66,
        92,
        70,
        136,
        241,
        132,
        24,
        242,
        46,
        61,
        43,
        68,
        232,
        68,
        255,
        224,
        249,
        156,
        195,
        141,
        124,
        159,
        135,
        153,
        207,
        84,
        74,
        88,
        72,
        9,
        115,
        88,
        71,
        38,
        115,
        248,
        47,
        30,
        231,
        118,
        198,
        241,
        225,
        0,
        230,
        63,
        33,
        140,
        209,
        156,
        205,
        165,
        252,
        129,
        124,
        74,
        48,
        152,
        93,
        28,
        166,
        141,
        253,
        28,
        64,
        58,
        16,
        233,
        67,
        214,
        242,
        6,
        207,
        241,
        121,
        46,
        224,
        212,
        127,
        54,
        24,
        183,
        243,
        4,
        175,
        7,
        139,
        223,
        70,
        21,
        47,
        242,
        12,
        143,
        112,
        23,
        247,
        113,
        37,
        247,
        114,
        41,
        15,
        113,
        29,
        223,
        229,
        167,
        252,
        131,
        183,
        56,
        20,
        92,
        55,
        159,
        167,
        249,
        74,
        154,
        207,
        249,
        209,
        187,
        7,
        227,
        14,
        166,
        179,
        135,
        126,
        218,
        217,
        194,
        171,
        220,
        196,
        103,
        25,
        67,
        136,
        83,
        9,
        49,
        138,
        16,
        195,
        2,
        1,
        26,
        78,
        136,
        209,
        140,
        98,
        12,
        15,
        114,
        45,
        175,
        81,
        79,
        39,
        210,
        194,
        106,
        238,
        230,
        3,
        41,
        61,
        231,
        62,
        234,
        144,
        27,
        223,
        13,
        24,
        19,
        152,
        142,
        200,
        14,
        126,
        207,
        253,
        92,
        158,
        178,
        26,
        15,
        227,
        106,
        30,
        225,
        87,
        172,
        71,
        100,
        61,
        183,
        51,
        154,
        225,
        73,
        174,
        255,
        36,
        203,
        242,
        204,
        16,
        11,
        75,
        25,
        125,
        98,
        97,
        156,
        193,
        31,
        17,
        57,
        192,
        79,
        185,
        144,
        179,
        7,
        189,
        126,
        20,
        147,
        6,
        40,
        246,
        153,
        156,
        198,
        195,
        84,
        33,
        146,
        207,
        173,
        9,
        94,
        194,
        89,
        252,
        165,
        192,
        12,
        103,
        185,
        195,
        57,
        102,
        203,
        183,
        78,
        36,
        140,
        255,
        100,
        39,
        34,
        207,
        243,
        129,
        65,
        247,
        96,
        88,
        32,
        20,
        175,
        30,
        35,
        62,
        67,
        8,
        113,
        25,
        223,
        101,
        19,
        114,
        132,
        199,
        248,
        96,
        28,
        109,
        232,
        206,
        50,
        223,
        74,
        251,
        212,
        58,
        179,
        100,
        63,
        231,
        158,
        24,
        24,
        31,
        229,
        85,
        68,
        230,
        114,
        69,
        10,
        87,
        159,
        198,
        29,
        188,
        192,
        195,
        52,
        178,
        157,
        145,
        9,
        60,
        204,
        167,
        248,
        95,
        14,
        209,
        79,
        9,
        19,
        162,
        206,
        220,
        69,
        85,
        142,
        89,
        174,
        244,
        160,
        225,
        209,
        235,
        114,
        51,
        229,
        119,
        239,
        28,
        198,
        112,
        110,
        96,
        33,
        82,
        199,
        35,
        41,
        222,
        241,
        94,
        126,
        79,
        103,
        96,
        157,
        158,
        229,
        179,
        9,
        247,
        238,
        1,
        150,
        35,
        155,
        121,
        148,
        209,
        132,
        184,
        156,
        121,
        249,
        102,
        56,
        223,
        122,
        163,
        199,
        1,
        115,
        205,
        151,
        203,
        223,
        41,
        140,
        73,
        172,
        167,
        159,
        185,
        145,
        183,
        54,
        44,
        5,
        127,
        126,
        25,
        141,
        17,
        95,
        210,
        192,
        185,
        9,
        238,
        25,
        206,
        233,
        188,
        202,
        33,
        118,
        241,
        8,
        127,
        192,
        12,
        103,
        88,
        227,
        177,
        99,
        189,
        153,
        22,
        206,
        26,
        104,
        16,
        210,
        3,
        241,
        101,
        218,
        144,
        191,
        243,
        209,
        96,
        41,
        167,
        115,
        51,
        55,
        16,
        226,
        20,
        66,
        188,
        63,
        225,
        93,
        31,
        166,
        62,
        0,
        81,
        201,
        45,
        140,
        73,
        120,
        221,
        16,
        78,
        226,
        235,
        72,
        103,
        150,
        185,
        150,
        217,
        99,
        188,
        113,
        200,
        233,
        230,
        202,
        109,
        199,
        15,
        227,
        62,
        186,
        144,
        223,
        71,
        45,
        100,
        44,
        203,
        88,
        193,
        143,
        248,
        9,
        51,
        56,
        47,
        225,
        125,
        63,
        167,
        30,
        233,
        162,
        159,
        201,
        113,
        181,
        227,
        237,
        121,
        3,
        59,
        114,
        205,
        180,
        200,
        86,
        19,
        143,
        106,
        179,
        44,
        220,
        204,
        251,
        142,
        15,
        198,
        36,
        118,
        208,
        201,
        83,
        3,
        140,
        104,
        37,
        210,
        136,
        172,
        78,
        114,
        231,
        157,
        124,
        143,
        219,
        152,
        193,
        78,
        46,
        77,
        114,
        213,
        133,
        76,
        43,
        48,
        195,
        185,
        238,
        49,
        249,
        232,
        113,
        190,
        89,
        242,
        216,
        241,
        192,
        152,
        72,
        51,
        242,
        91,
        222,
        19,
        117,
        108,
        4,
        255,
        78,
        83,
        32,
        46,
        153,
        140,
        72,
        120,
        239,
        73,
        132,
        8,
        113,
        49,
        15,
        114,
        122,
        130,
        43,
        70,
        242,
        12,
        102,
        58,
        205,
        173,
        166,
        50,
        234,
        205,
        150,
        14,
        198,
        165,
        11,
        227,
        61,
        44,
        69,
        178,
        99,
        60,
        232,
        16,
        38,
        210,
        18,
        81,
        221,
        26,
        110,
        142,
        221,
        230,
        184,
        222,
        35,
        190,
        141,
        122,
        144,
        125,
        217,
        230,
        88,
        98,
        151,
        169,
        141,
        62,
        139,
        205,
        180,
        240,
        229,
        244,
        96,
        140,
        100,
        42,
        82,
        116,
        204,
        50,
        191,
        192,
        100,
        10,
        2,
        24,
        85,
        252,
        154,
        241,
        199,
        225,
        131,
        174,
        99,
        85,
        158,
        25,
        46,
        113,
        191,
        233,
        140,
        54,
        243,
        204,
        151,
        107,
        210,
        129,
        241,
        69,
        186,
        169,
        229,
        227,
        9,
        204,
        233,
        82,
        58,
        184,
        159,
        15,
        196,
        56,
        174,
        212,
        230,
        121,
        100,
        20,
        152,
        225,
        108,
        119,
        154,
        254,
        168,
        48,
        211,
        194,
        69,
        140,
        74,
        21,
        198,
        56,
        26,
        144,
        39,
        18,
        138,
        219,
        183,
        121,
        46,
        225,
        189,
        99,
        8,
        113,
        49,
        35,
        226,
        209,
        7,
        158,
        162,
        47,
        83,
        220,
        228,
        241,
        141,
        195,
        206,
        52,
        71,
        190,
        148,
        42,
        140,
        23,
        145,
        105,
        241,
        121,
        37,
        33,
        134,
        240,
        17,
        78,
        59,
        230,
        232,
        85,
        124,
        154,
        175,
        81,
        200,
        223,
        169,
        98,
        14,
        21,
        100,
        50,
        143,
        111,
        113,
        27,
        159,
        9,
        206,
        79,
        102,
        103,
        142,
        217,
        174,
        246,
        144,
        170,
        71,
        142,
        11,
        200,
        54,
        179,
        44,
        220,
        206,
        25,
        169,
        192,
        184,
        2,
        105,
        78,
        32,
        80,
        241,
        231,
        85,
        188,
        64,
        113,
        224,
        240,
        14,
        210,
        194,
        62,
        12,
        76,
        193,
        126,
        202,
        200,
        231,
        51,
        44,
        201,
        55,
        195,
        69,
        238,
        83,
        181,
        213,
        21,
        199,
        37,
        84,
        122,
        196,
        69,
        102,
        26,
        118,
        1,
        131,
        41,
        119,
        30,
        113,
        169,
        88,
        66,
        242,
        254,
        39,
        250,
        144,
        78,
        230,
        147,
        201,
        67,
        220,
        201,
        29,
        92,
        195,
        87,
        185,
        137,
        7,
        120,
        133,
        151,
        232,
        69,
        204,
        112,
        166,
        219,
        131,
        133,
        84,
        186,
        212,
        10,
        151,
        217,
        121,
        92,
        64,
        246,
        153,
        109,
        193,
        17,
        46,
        24,
        12,
        198,
        68,
        122,
        233,
        224,
        226,
        20,
        65,
        124,
        147,
        253,
        136,
        188,
        194,
        245,
        92,
        26,
        19,
        251,
        13,
        61,
        42,
        158,
        89,
        230,
        187,
        209,
        222,
        192,
        27,
        23,
        185,
        217,
        62,
        187,
        44,
        113,
        243,
        113,
        193,
        232,
        183,
        220,
        76,
        201,
        24,
        12,
        198,
        107,
        152,
        68,
        129,
        99,
        121,
        211,
        203,
        136,
        204,
        225,
        242,
        32,
        100,
        141,
        157,
        119,
        177,
        49,
        215,
        76,
        139,
        61,
        24,
        104,
        194,
        97,
        223,
        116,
        75,
        176,
        156,
        38,
        23,
        218,
        126,
        92,
        64,
        170,
        45,
        16,
        185,
        43,
        217,
        210,
        206,
        161,
        141,
        230,
        56,
        161,
        204,
        177,
        243,
        253,
        100,
        35,
        187,
        249,
        143,
        184,
        103,
        47,
        227,
        141,
        104,
        210,
        189,
        217,
        42,
        251,
        236,
        180,
        214,
        85,
        246,
        168,
        93,
        86,
        89,
        100,
        105,
        176,
        71,
        233,
        248,
        142,
        21,
        230,
        136,
        108,
        225,
        131,
        201,
        22,
        247,
        3,
        228,
        245,
        20,
        64,
        156,
        76,
        62,
        178,
        134,
        107,
        227,
        70,
        27,
        191,
        27,
        72,
        186,
        27,
        156,
        105,
        189,
        141,
        182,
        186,
        198,
        45,
        54,
        186,
        209,
        183,
        220,
        97,
        209,
        128,
        200,
        98,
        48,
        245,
        46,
        55,
        207,
        44,
        233,
        224,
        59,
        201,
        85,
        252,
        189,
        20,
        147,
        32,
        242,
        141,
        153,
        35,
        248,
        35,
        82,
        203,
        117,
        113,
        68,
        233,
        33,
        90,
        178,
        205,
        117,
        189,
        61,
        234,
        110,
        219,
        213,
        46,
        219,
        157,
        229,
        124,
        219,
        237,
        117,
        143,
        243,
        44,
        115,
        159,
        135,
        237,
        178,
        218,
        98,
        187,
        83,
        54,
        181,
        175,
        155,
        33,
        242,
        210,
        81,
        102,
        145,
        76,
        189,
        187,
        216,
        17,
        161,
        223,
        163,
        18,
        82,
        141,
        7,
        56,
        196,
        158,
        56,
        38,
        249,
        115,
        148,
        133,
        73,
        119,
        75,
        192,
        131,
        42,
        220,
        104,
        179,
        59,
        221,
        108,
        141,
        216,
        161,
        118,
        187,
        222,
        213,
        193,
        210,
        58,
        45,
        113,
        91,
        10,
        16,
        26,
        93,
        104,
        134,
        249,
        178,
        128,
        143,
        165,
        194,
        169,
        126,
        128,
        60,
        31,
        161,
        117,
        83,
        249,
        113,
        220,
        171,
        198,
        210,
        70,
        207,
        49,
        1,
        237,
        249,
        80,
        96,
        134,
        111,
        198,
        144,
        238,
        109,
        206,
        179,
        204,
        173,
        182,
        171,
        107,
        93,
        172,
        246,
        219,
        100,
        81,
        224,
        63,
        14,
        186,
        192,
        21,
        118,
        36,
        133,
        208,
        225,
        106,
        179,
        204,
        145,
        109,
        220,
        155,
        90,
        216,
        52,
        140,
        60,
        228,
        86,
        66,
        12,
        101,
        44,
        87,
        208,
        199,
        78,
        30,
        102,
        116,
        244,
        27,
        32,
        196,
        16,
        126,
        131,
        204,
        24,
        32,
        100,
        207,
        96,
        166,
        133,
        110,
        85,
        123,
        109,
        138,
        44,
        162,
        201,
        133,
        46,
        181,
        211,
        30,
        155,
        172,
        178,
        192,
        58,
        245,
        136,
        85,
        174,
        178,
        223,
        106,
        151,
        91,
        237,
        122,
        55,
        36,
        49,
        174,
        149,
        22,
        152,
        41,
        189,
        60,
        153,
        122,
        74,
        225,
        108,
        42,
        233,
        225,
        78,
        66,
        60,
        201,
        75,
        52,
        33,
        125,
        212,
        179,
        157,
        255,
        142,
        9,
        86,
        199,
        211,
        134,
        220,
        28,
        117,
        228,
        126,
        246,
        102,
        155,
        237,
        58,
        15,
        171,
        218,
        108,
        145,
        7,
        213,
        30,
        143,
        216,
        97,
        135,
        197,
        86,
        185,
        205,
        77,
        54,
        184,
        195,
        55,
        3,
        47,
        94,
        236,
        92,
        43,
        237,
        86,
        27,
        93,
        234,
        129,
        184,
        32,
        106,
        125,
        195,
        12,
        11,
        228,
        31,
        140,
        77,
        39,
        79,
        53,
        129,
        46,
        234,
        56,
        159,
        33,
        220,
        65,
        105,
        36,
        170,
        104,
        229,
        129,
        152,
        240,
        232,
        73,
        36,
        39,
        242,
        223,
        103,
        40,
        14,
        147,
        238,
        230,
        40,
        2,
        87,
        97,
        153,
        135,
        124,
        203,
        82,
        251,
        213,
        109,
        46,
        118,
        67,
        224,
        179,
        11,
        173,
        81,
        143,
        184,
        205,
        53,
        193,
        213,
        93,
        110,
        114,
        237,
        49,
        49,
        120,
        179,
        75,
        204,
        48,
        79,
        26,
        153,
        152,
        110,
        14,
        247,
        46,
        100,
        9,
        67,
        9,
        113,
        10,
        31,
        143,
        164,
        4,
        102,
        14,
        16,
        188,
        26,
        14,
        51,
        41,
        208,
        145,
        127,
        20,
        152,
        225,
        27,
        214,
        198,
        44,
        161,
        215,
        221,
        206,
        115,
        181,
        43,
        108,
        8,
        68,
        163,
        200,
        237,
        106,
        151,
        149,
        46,
        241,
        117,
        187,
        213,
        6,
        183,
        6,
        102,
        160,
        223,
        54,
        87,
        6,
        186,
        114,
        244,
        53,
        172,
        51,
        219,
        108,
        57,
        64,
        31,
        127,
        73,
        63,
        163,
        254,
        24,
        242,
        219,
        72,
        122,
        45,
        236,
        100,
        36,
        47,
        204,
        39,
        131,
        121,
        17,
        82,
        19,
        236,
        74,
        111,
        166,
        5,
        110,
        178,
        63,
        6,
        68,
        183,
        251,
        45,
        245,
        77,
        103,
        199,
        4,
        160,
        69,
        110,
        117,
        153,
        85,
        246,
        187,
        206,
        85,
        190,
        229,
        78,
        215,
        217,
        24,
        89,
        246,
        146,
        72,
        114,
        77,
        183,
        88,
        104,
        166,
        200,
        211,
        220,
        67,
        23,
        179,
        18,
        7,
        202,
        201,
        104,
        200,
        131,
        17,
        162,
        177,
        152,
        201,
        124,
        137,
        159,
        241,
        120,
        76,
        122,
        230,
        126,
        228,
        79,
        220,
        195,
        142,
        28,
        179,
        92,
        61,
        128,
        222,
        245,
        216,
        234,
        102,
        151,
        185,
        193,
        102,
        215,
        196,
        112,
        216,
        114,
        231,
        4,
        153,
        143,
        176,
        136,
        29,
        177,
        194,
        213,
        246,
        171,
        45,
        78,
        115,
        67,
        240,
        42,
        234,
        156,
        19,
        214,
        134,
        124,
        206,
        39,
        196,
        120,
        246,
        179,
        155,
        247,
        166,
        7,
        99,
        40,
        111,
        96,
        32,
        46,
        33,
        78,
        101,
        52,
        163,
        8,
        113,
        6,
        35,
        98,
        18,
        52,
        47,
        33,
        59,
        243,
        205,
        112,
        161,
        141,
        106,
        135,
        7,
        220,
        99,
        167,
        218,
        107,
        135,
        219,
        93,
        225,
        26,
        247,
        171,
        125,
        214,
        90,
        20,
        229,
        218,
        218,
        93,
        101,
        147,
        237,
        174,
        117,
        149,
        213,
        118,
        171,
        251,
        172,
        176,
        87,
        173,
        118,
        175,
        170,
        45,
        46,
        55,
        211,
        92,
        41,
        139,
        152,
        143,
        75,
        168,
        101,
        27,
        23,
        164,
        7,
        227,
        100,
        230,
        209,
        207,
        29,
        81,
        9,
        227,
        99,
        231,
        251,
        216,
        133,
        25,
        190,
        30,
        113,
        90,
        7,
        93,
        235,
        42,
        43,
        220,
        107,
        187,
        165,
        46,
        15,
        150,
        20,
        118,
        109,
        235,
        98,
        162,
        188,
        114,
        87,
        186,
        212,
        221,
        118,
        187,
        197,
        98,
        27,
        172,
        118,
        69,
        212,
        46,
        174,
        55,
        215,
        108,
        217,
        207,
        67,
        49,
        172,
        173,
        154,
        54,
        206,
        73,
        15,
        198,
        72,
        214,
        209,
        193,
        117,
        73,
        40,
        200,
        119,
        232,
        200,
        50,
        207,
        242,
        168,
        200,
        173,
        223,
        62,
        119,
        88,
        110,
        131,
        135,
        172,
        177,
        207,
        54,
        15,
        7,
        86,
        167,
        207,
        122,
        151,
        69,
        82,
        104,
        221,
        46,
        178,
        202,
        93,
        30,
        82,
        247,
        218,
        98,
        163,
        251,
        221,
        26,
        136,
        82,
        141,
        51,
        194,
        52,
        227,
        119,
        3,
        4,
        232,
        20,
        214,
        210,
        147,
        56,
        124,
        75,
        180,
        204,
        10,
        122,
        249,
        80,
        194,
        18,
        217,
        166,
        92,
        51,
        93,
        97,
        91,
        192,
        52,
        163,
        185,
        105,
        87,
        100,
        7,
        182,
        185,
        216,
        173,
        238,
        245,
        128,
        218,
        227,
        6,
        75,
        35,
        190,
        184,
        67,
        93,
        235,
        174,
        0,
        188,
        246,
        5,
        202,
        63,
        63,
        76,
        51,
        222,
        224,
        178,
        56,
        85,
        142,
        245,
        180,
        114,
        117,
        122,
        48,
        206,
        96,
        57,
        93,
        113,
        119,
        227,
        18,
        102,
        230,
        155,
        225,
        188,
        64,
        100,
        186,
        220,
        101,
        169,
        43,
        98,
        128,
        116,
        216,
        98,
        191,
        71,
        212,
        189,
        46,
        183,
        194,
        50,
        181,
        223,
        230,
        24,
        14,
        219,
        237,
        210,
        24,
        34,
        216,
        110,
        113,
        88,
        27,
        182,
        240,
        197,
        4,
        172,
        98,
        19,
        189,
        137,
        203,
        107,
        137,
        216,
        109,
        57,
        61,
        145,
        4,
        192,
        219,
        26,
        243,
        60,
        102,
        58,
        221,
        234,
        64,
        84,
        26,
        220,
        104,
        169,
        91,
        156,
        101,
        93,
        68,
        176,
        170,
        93,
        108,
        69,
        176,
        79,
        97,
        10,
        114,
        20,
        226,
        230,
        128,
        172,
        247,
        217,
        106,
        131,
        69,
        81,
        190,
        165,
        34,
        76,
        186,
        59,
        99,
        19,
        154,
        3,
        82,
        163,
        187,
        232,
        230,
        146,
        244,
        96,
        12,
        39,
        7,
        185,
        39,
        230,
        216,
        183,
        216,
        31,
        38,
        221,
        221,
        65,
        165,
        97,
        171,
        165,
        86,
        186,
        215,
        94,
        107,
        3,
        71,
        166,
        187,
        45,
        177,
        198,
        181,
        86,
        29,
        147,
        237,
        168,
        115,
        154,
        237,
        106,
        179,
        155,
        221,
        99,
        83,
        32,
        82,
        186,
        205,
        153,
        97,
        109,
        120,
        57,
        97,
        106,
        52,
        172,
        226,
        7,
        216,
        149,
        80,
        204,
        19,
        238,
        70,
        33,
        145,
        28,
        16,
        33,
        110,
        164,
        52,
        215,
        76,
        151,
        5,
        140,
        167,
        195,
        237,
        150,
        89,
        110,
        109,
        192,
        156,
        116,
        65,
        96,
        137,
        186,
        237,
        180,
        199,
        90,
        75,
        35,
        14,
        45,
        108,
        125,
        150,
        184,
        202,
        38,
        59,
        173,
        113,
        147,
        59,
        35,
        129,
        236,
        62,
        23,
        133,
        181,
        65,
        86,
        13,
        18,
        213,
        156,
        77,
        59,
        123,
        210,
        247,
        226,
        207,
        114,
        52,
        103,
        125,
        62,
        57,
        5,
        102,
        56,
        39,
        16,
        156,
        30,
        235,
        172,
        112,
        189,
        213,
        81,
        130,
        163,
        237,
        22,
        68,
        253,
        223,
        105,
        133,
        27,
        163,
        100,
        191,
        213,
        237,
        54,
        89,
        231,
        70,
        183,
        123,
        32,
        56,
        126,
        200,
        213,
        102,
        155,
        35,
        181,
        44,
        71,
        126,
        54,
        72,
        193,
        231,
        90,
        58,
        41,
        77,
        92,
        99,
        76,
        228,
        254,
        166,
        32,
        127,
        102,
        40,
        191,
        192,
        76,
        137,
        100,
        46,
        26,
        221,
        100,
        169,
        155,
        98,
        120,
        79,
        216,
        90,
        205,
        142,
        169,
        13,
        237,
        177,
        52,
        38,
        214,
        168,
        117,
        139,
        53,
        238,
        139,
        236,
        222,
        38,
        49,
        83,
        250,
        120,
        138,
        16,
        197,
        68,
        101,
        99,
        19,
        204,
        199,
        145,
        191,
        31,
        77,
        117,
        166,
        190,
        27,
        19,
        145,
        141,
        236,
        206,
        49,
        219,
        181,
        17,
        154,
        209,
        226,
        6,
        203,
        221,
        51,
        64,
        238,
        91,
        173,
        178,
        220,
        178,
        40,
        119,
        167,
        61,
        110,
        114,
        141,
        173,
        54,
        170,
        117,
        22,
        91,
        230,
        94,
        59,
        2,
        195,
        186,
        211,
        217,
        97,
        154,
        145,
        193,
        121,
        132,
        184,
        150,
        62,
        118,
        197,
        125,
        207,
        209,
        133,
        159,
        191,
        34,
        223,
        73,
        119,
        55,
        66,
        220,
        140,
        121,
        102,
        184,
        56,
        138,
        116,
        107,
        167,
        245,
        3,
        152,
        83,
        167,
        59,
        44,
        179,
        204,
        237,
        145,
        227,
        205,
        1,
        181,
        107,
        114,
        161,
        37,
        150,
        90,
        108,
        145,
        181,
        182,
        5,
        208,
        247,
        31,
        37,
        221,
        171,
        2,
        115,
        126,
        10,
        69,
        24,
        19,
        89,
        126,
        129,
        251,
        184,
        146,
        11,
        249,
        26,
        143,
        69,
        92,
        224,
        201,
        204,
        66,
        62,
        159,
        158,
        110,
        156,
        195,
        171,
        241,
        72,
        119,
        216,
        85,
        245,
        68,
        82,
        248,
        71,
        220,
        227,
        6,
        215,
        91,
        21,
        208,
        236,
        163,
        226,
        83,
        20,
        252,
        45,
        177,
        209,
        195,
        238,
        210,
        192,
        228,
        30,
        118,
        157,
        57,
        102,
        75,
        3,
        15,
        68,
        158,
        117,
        15,
        82,
        27,
        227,
        15,
        174,
        65,
        86,
        176,
        156,
        29,
        100,
        71,
        17,
        159,
        38,
        246,
        113,
        97,
        58,
        48,
        158,
        160,
        39,
        203,
        2,
        43,
        7,
        144,
        238,
        183,
        189,
        116,
        161,
        173,
        106,
        147,
        155,
        45,
        117,
        163,
        141,
        3,
        174,
        107,
        117,
        145,
        45,
        106,
        165,
        107,
        99,
        142,
        111,
        61,
        74,
        186,
        159,
        137,
        162,
        151,
        227,
        89,
        142,
        225,
        20,
        77,
        148,
        119,
        170,
        68,
        250,
        145,
        194,
        72,
        109,
        235,
        58,
        100,
        73,
        50,
        35,
        16,
        251,
        239,
        189,
        212,
        228,
        152,
        229,
        170,
        164,
        161,
        253,
        58,
        139,
        220,
        233,
        122,
        43,
        172,
        139,
        155,
        146,
        89,
        103,
        157,
        186,
        37,
        202,
        228,
        238,
        246,
        205,
        176,
        54,
        76,
        227,
        195,
        49,
        207,
        251,
        43,
        253,
        44,
        227,
        148,
        152,
        99,
        143,
        210,
        21,
        4,
        105,
        59,
        248,
        121,
        144,
        56,
        157,
        138,
        3,
        170,
        142,
        9,
        97,
        92,
        25,
        46,
        168,
        47,
        8,
        226,
        180,
        196,
        227,
        144,
        211,
        93,
        233,
        246,
        168,
        240,
        38,
        182,
        0,
        63,
        219,
        195,
        234,
        158,
        64,
        148,
        90,
        45,
        10,
        211,
        140,
        10,
        110,
        137,
        121,
        244,
        169,
        60,
        133,
        180,
        14,
        176,
        81,
        183,
        176,
        57,
        216,
        139,
        126,
        100,
        59,
        19,
        24,
        193,
        88,
        154,
        233,
        227,
        170,
        193,
        97,
        156,
        202,
        139,
        97,
        210,
        253,
        86,
        74,
        233,
        174,
        183,
        156,
        150,
        32,
        151,
        183,
        197,
        197,
        81,
        148,
        188,
        199,
        50,
        115,
        205,
        146,
        182,
        99,
        82,
        64,
        39,
        243,
        61,
        186,
        57,
        196,
        191,
        30,
        211,
        200,
        113,
        59,
        15,
        81,
        141,
        236,
        230,
        97,
        174,
        225,
        124,
        66,
        124,
        137,
        62,
        202,
        19,
        86,
        88,
        34,
        48,
        166,
        208,
        62,
        144,
        116,
        15,
        86,
        66,
        156,
        27,
        7,
        240,
        78,
        151,
        187,
        214,
        250,
        192,
        172,
        70,
        145,
        238,
        63,
        28,
        179,
        132,
        147,
        120,
        129,
        30,
        26,
        248,
        106,
        92,
        34,
        20,
        98,
        50,
        245,
        252,
        36,
        210,
        3,
        145,
        155,
        220,
        216,
        134,
        97,
        204,
        65,
        92,
        25,
        227,
        147,
        7,
        31,
        123,
        156,
        30,
        99,
        122,
        155,
        92,
        109,
        177,
        181,
        118,
        4,
        162,
        20,
        33,
        221,
        115,
        142,
        237,
        239,
        224,
        118,
        182,
        32,
        205,
        124,
        61,
        166,
        60,
        29,
        91,
        138,
        123,
        50,
        146,
        200,
        249,
        16,
        45,
        244,
        38,
        233,
        109,
        8,
        96,
        60,
        66,
        79,
        222,
        113,
        164,
        228,
        151,
        69,
        226,
        135,
        67,
        150,
        187,
        204,
        173,
        17,
        223,
        112,
        208,
        149,
        102,
        153,
        43,
        213,
        220,
        52,
        32,
        94,
        60,
        143,
        235,
        195,
        175,
        141,
        53,
        73,
        131,
        178,
        232,
        189,
        201,
        70,
        254,
        54,
        120,
        175,
        225,
        8,
        138,
        114,
        172,
        76,
        27,
        70,
        139,
        88,
        103,
        183,
        53,
        46,
        179,
        220,
        230,
        192,
        102,
        245,
        186,
        193,
        124,
        179,
        194,
        77,
        46,
        31,
        226,
        66,
        70,
        115,
        13,
        163,
        152,
        196,
        89,
        60,
        202,
        47,
        89,
        24,
        100,
        187,
        190,
        151,
        114,
        253,
        234,
        10,
        186,
        232,
        228,
        202,
        84,
        90,
        38,
        39,
        230,
        117,
        114,
        28,
        101,
        146,
        77,
        150,
        58,
        195,
        18,
        247,
        120,
        56,
        240,
        29,
        59,
        156,
        21,
        214,
        134,
        245,
        72,
        59,
        251,
        41,
        163,
        137,
        149,
        148,
        176,
        153,
        246,
        160,
        250,
        87,
        194,
        175,
        57,
        51,
        101,
        16,
        35,
        121,
        5,
        153,
        154,
        90,
        231,
        231,
        240,
        194,
        191,
        101,
        185,
        50,
        109,
        24,
        221,
        54,
        218,
        108,
        87,
        160,
        13,
        77,
        46,
        10,
        211,
        140,
        101,
        124,
        146,
        155,
        153,
        204,
        66,
        86,
        179,
        149,
        46,
        118,
        210,
        75,
        53,
        21,
        172,
        224,
        219,
        76,
        230,
        162,
        180,
        42,
        231,
        119,
        211,
        78,
        93,
        226,
        124,
        200,
        64,
        131,
        59,
        54,
        255,
        64,
        102,
        76,
        132,
        144,
        222,
        232,
        116,
        77,
        152,
        116,
        215,
        113,
        95,
        212,
        143,
        95,
        205,
        57,
        220,
        202,
        37,
        220,
        201,
        217,
        124,
        34,
        232,
        4,
        77,
        103,
        94,
        192,
        6,
        228,
        135,
        233,
        244,
        225,
        62,
        158,
        227,
        130,
        227,
        4,
        177,
        57,
        76,
        186,
        229,
        103,
        105,
        247,
        41,
        140,
        72,
        122,
        246,
        79,
        200,
        236,
        244,
        218,
        137,
        223,
        83,
        80,
        243,
        90,
        80,
        230,
        77,
        103,
        236,
        58,
        74,
        186,
        179,
        82,
        236,
        166,
        141,
        37,
        226,
        111,
        114,
        86,
        194,
        179,
        83,
        56,
        66,
        87,
        74,
        221,
        140,
        49,
        100,
        228,
        222,
        220,
        238,
        153,
        41,
        247,
        208,
        132,
        105,
        199,
        210,
        176,
        54,
        172,
        225,
        134,
        180,
        33,
        92,
        204,
        8,
        158,
        167,
        35,
        38,
        165,
        22,
        219,
        18,
        83,
        79,
        7,
        247,
        167,
        223,
        220,
        61,
        130,
        121,
        153,
        150,
        167,
        172,
        222,
        165,
        97,
        210,
        189,
        143,
        111,
        12,
        32,
        25,
        169,
        60,
        246,
        122,
        86,
        49,
        3,
        233,
        103,
        9,
        95,
        102,
        252,
        0,
        225,
        26,
        202,
        36,
        26,
        144,
        223,
        38,
        109,
        49,
        78,
        200,
        112,
        175,
        202,
        235,
        200,
        75,
        218,
        30,
        247,
        54,
        233,
        158,
        30,
        214,
        134,
        231,
        142,
        105,
        186,
        251,
        102,
        68,
        37,
        207,
        72,
        242,
        216,
        143,
        179,
        52,
        96,
        177,
        125,
        236,
        166,
        122,
        128,
        242,
        143,
        99,
        245,
        32,
        141,
        102,
        73,
        97,
        12,
        43,
        124,
        49,
        59,
        42,
        127,
        148,
        136,
        134,
        204,
        13,
        211,
        140,
        25,
        124,
        36,
        206,
        15,
        254,
        31,
        125,
        60,
        199,
        191,
        145,
        59,
        136,
        105,
        189,
        51,
        210,
        23,
        215,
        196,
        205,
        49,
        221,
        210,
        159,
        98,
        35,
        50,
        109,
        144,
        38,
        179,
        164,
        241,
        198,
        153,
        5,
        251,
        50,
        146,
        212,
        167,
        219,
        92,
        17,
        38,
        221,
        245,
        145,
        108,
        251,
        64,
        165,
        93,
        25,
        52,
        186,
        236,
        78,
        206,
        72,
        185,
        132,
        254,
        224,
        67,
        136,
        95,
        196,
        36,
        150,
        238,
        97,
        59,
        178,
        32,
        89,
        164,
        151,
        74,
        244,
        55,
        37,
        167,
        111,
        94,
        132,
        163,
        198,
        45,
        168,
        119,
        33,
        207,
        198,
        109,
        141,
        159,
        204,
        180,
        72,
        227,
        112,
        238,
        160,
        173,
        102,
        7,
        153,
        74,
        57,
        70,
        116,
        107,
        8,
        39,
        243,
        13,
        118,
        112,
        132,
        87,
        82,
        232,
        238,
        29,
        4,
        198,
        73,
        84,
        190,
        22,
        36,
        55,
        99,
        35,
        140,
        160,
        160,
        254,
        34,
        143,
        81,
        74,
        47,
        211,
        185,
        101,
        128,
        58,
        15,
        225,
        81,
        118,
        210,
        23,
        192,
        120,
        61,
        233,
        247,
        50,
        67,
        153,
        192,
        88,
        78,
        103,
        28,
        191,
        228,
        7,
        145,
        38,
        240,
        23,
        232,
        226,
        32,
        207,
        37,
        205,
        30,
        166,
        28,
        139,
        223,
        150,
        123,
        56,
        150,
        132,
        55,
        184,
        32,
        172,
        13,
        243,
        184,
        146,
        16,
        239,
        227,
        115,
        172,
        67,
        234,
        249,
        225,
        128,
        126,
        146,
        83,
        184,
        145,
        98,
        122,
        130,
        22,
        202,
        71,
        83,
        110,
        94,
        10,
        215,
        26,
        183,
        34,
        77,
        76,
        73,
        106,
        26,
        210,
        128,
        49,
        156,
        233,
        153,
        150,
        68,
        74,
        47,
        43,
        195,
        5,
        245,
        26,
        238,
        142,
        177,
        234,
        207,
        34,
        178,
        146,
        155,
        184,
        40,
        198,
        162,
        76,
        65,
        138,
        249,
        50,
        63,
        102,
        66,
        202,
        159,
        100,
        93,
        196,
        52,
        68,
        150,
        115,
        253,
        137,
        252,
        40,
        232,
        226,
        252,
        246,
        28,
        15,
        4,
        5,
        245,
        44,
        233,
        137,
        219,
        105,
        56,
        133,
        133,
        200,
        97,
        22,
        50,
        137,
        241,
        17,
        17,
        250,
        40,
        5,
        3,
        82,
        4,
        201,
        68,
        235,
        52,
        46,
        230,
        5,
        68,
        122,
        248,
        254,
        137,
        254,
        182,
        105,
        88,
        225,
        175,
        178,
        93,
        126,
        180,
        160,
        254,
        106,
        194,
        82,
        213,
        251,
        121,
        154,
        114,
        228,
        32,
        240,
        4,
        183,
        50,
        140,
        16,
        35,
        83,
        22,
        138,
        171,
        184,
        155,
        151,
        130,
        246,
        189,
        196,
        207,
        120,
        71,
        159,
        104,
        157,
        86,
        176,
        39,
        215,
        60,
        41,
        74,
        92,
        80,
        15,
        230,
        199,
        120,
        154,
        141,
        116,
        208,
        79,
        27,
        133,
        124,
        133,
        139,
        56,
        151,
        80,
        66,
        155,
        63,
        140,
        16,
        227,
        24,
        195,
        141,
        252,
        153,
        229,
        180,
        34,
        13,
        100,
        243,
        137,
        119,
        239,
        75,
        179,
        175,
        179,
        59,
        110,
        192,
        31,
        63,
        223,
        123,
        63,
        175,
        176,
        159,
        126,
        164,
        130,
        185,
        100,
        242,
        35,
        30,
        225,
        92,
        174,
        102,
        60,
        23,
        113,
        22,
        227,
        56,
        135,
        235,
        57,
        151,
        251,
        248,
        23,
        166,
        146,
        207,
        90,
        68,
        218,
        153,
        199,
        211,
        3,
        194,
        220,
        19,
        14,
        99,
        100,
        90,
        31,
        24,
        14,
        225,
        76,
        174,
        228,
        135,
        228,
        83,
        17,
        105,
        204,
        104,
        161,
        148,
        22,
        150,
        81,
        194,
        2,
        106,
        216,
        66,
        19,
        109,
        244,
        35,
        178,
        157,
        10,
        158,
        229,
        147,
        92,
        118,
        226,
        190,
        203,
        60,
        113,
        95,
        66,
        14,
        35,
        196,
        25,
        76,
        224,
        179,
        252,
        15,
        191,
        97,
        54,
        53,
        108,
        224,
        16,
        181,
        200,
        46,
        122,
        41,
        101,
        27,
        11,
        249,
        43,
        47,
        51,
        137,
        207,
        51,
        38,
        110,
        63,
        226,
        63,
        209,
        199,
        164,
        71,
        147,
        217,
        33,
        174,
        98,
        60,
        159,
        102,
        34,
        55,
        114,
        45,
        215,
        50,
        134,
        171,
        7,
        164,
        250,
        79,
        232,
        252,
        127,
        188,
        67,
        26,
        6,
        224,
        158,
        73,
        152,
        0,
        0,
        0,
        0,
        73,
        69,
        78,
        68,
        174,
        66,
        96,
        130
      ]
    },
    "stat": {
      "dev": 16777220,
      "mode": 33188,
      "nlink": 1,
      "uid": 501,
      "gid": 20,
      "rdev": 0,
      "blksize": 4194304,
      "ino": 2088842,
      "size": 7384,
      "blocks": 16,
      "atime": "2018-04-17T07:59:11.798Z",
      "mtime": "2018-03-22T08:50:41.054Z",
      "ctime": "2018-03-22T08:50:41.054Z",
      "birthtime": "2018-03-22T08:50:41.054Z"
    },
    "history": [
      "/Users/jiangheng/Desktop/work-code/xxd-h5/src/mods/redpacket_list/imgs/overdue_icon@2x.png"
    ],
    "path": "/Users/jiangheng/Desktop/work-code/xxd-h5/src/mods/redpacket_list/imgs/overdue_icon@2x.png",
    "gulpCache$filePathChangedInsideTask": false,
    "gulpCache$fileBaseChangedInsideTask": false,
    "gulpCache$originalPath": "/Users/jiangheng/Desktop/work-code/xxd-h5/src/mods/redpacket_list/imgs/overdue_icon@2x.png",
    "gulpCache$originalBase": "/Users/jiangheng/Desktop/work-code/xxd-h5/src/mods/"
  }
]