[
  {
    "cwd": "/Users/jiangheng/Desktop/work-code/xxd-h5",
    "base": "/Users/jiangheng/Desktop/work-code/xxd-h5/src/mods/",
    "contents": {
      "type": "Buffer",
      "data": [
        137,
        80,
        78,
        71,
        13,
        10,
        26,
        10,
        0,
        0,
        0,
        13,
        73,
        72,
        68,
        82,
        0,
        0,
        0,
        60,
        0,
        0,
        0,
        60,
        8,
        6,
        0,
        0,
        0,
        58,
        252,
        217,
        114,
        0,
        0,
        7,
        255,
        73,
        68,
        65,
        84,
        104,
        222,
        229,
        91,
        107,
        108,
        147,
        85,
        24,
        102,
        221,
        183,
        142,
        117,
        93,
        41,
        221,
        13,
        38,
        32,
        34,
        55,
        97,
        215,
        174,
        235,
        6,
        130,
        26,
        136,
        9,
        8,
        34,
        145,
        120,
        73,
        140,
        174,
        187,
        3,
        27,
        14,
        162,
        137,
        23,
        228,
        18,
        209,
        196,
        196,
        248,
        67,
        141,
        254,
        128,
        248,
        99,
        17,
        20,
        19,
        35,
        24,
        140,
        6,
        77,
        224,
        15,
        16,
        1,
        33,
        26,
        65,
        77,
        68,
        24,
        145,
        155,
        114,
        27,
        119,
        216,
        186,
        206,
        231,
        45,
        239,
        183,
        189,
        61,
        124,
        221,
        218,
        174,
        107,
        59,
        252,
        241,
        166,
        237,
        249,
        190,
        157,
        243,
        62,
        231,
        189,
        159,
        243,
        110,
        200,
        212,
        21,
        71,
        134,
        252,
        159,
        40,
        30,
        139,
        38,
        41,
        52,
        184,
        0,
        87,
        188,
        208,
        21,
        18,
        49,
        56,
        19,
        145,
        187,
        234,
        150,
        163,
        172,
        250,
        134,
        77,
        255,
        77,
        207,
        66,
        157,
        199,
        96,
        222,
        196,
        3,
        44,
        192,
        106,
        229,
        149,
        157,
        30,
        140,
        117,
        128,
        174,
        227,
        251,
        2,
        26,
        235,
        15,
        232,
        68,
        5,
        108,
        98,
        96,
        169,
        248,
        189,
        31,
        212,
        117,
        155,
        124,
        223,
        98,
        204,
        172,
        131,
        190,
        43,
        0,
        179,
        116,
        147,
        25,
        152,
        5,
        32,
        127,
        21,
        128,
        119,
        209,
        24,
        63,
        75,
        142,
        68,
        202,
        137,
        10,
        152,
        36,
        56,
        20,
        100,
        3,
        200,
        67,
        2,
        240,
        110,
        26,
        227,
        103,
        218,
        221,
        6,
        152,
        36,
        57,
        28,
        32,
        15,
        119,
        3,
        174,
        244,
        237,
        193,
        152,
        29,
        148,
        118,
        247,
        2,
        6,
        72,
        29,
        48,
        156,
        214,
        86,
        26,
        75,
        52,
        192,
        73,
        50,
        164,
        200,
        80,
        18,
        10,
        131,
        2,
        48,
        129,
        178,
        151,
        213,
        92,
        159,
        11,
        208,
        191,
        128,
        246,
        185,
        234,
        174,
        76,
        15,
        87,
        194,
        125,
        240,
        211,
        111,
        192,
        250,
        196,
        201,
        174,
        218,
        43,
        86,
        168,
        227,
        155,
        88,
        116,
        125,
        185,
        167,
        99,
        66,
        168,
        225,
        68,
        177,
        225,
        12,
        80,
        22,
        104,
        4,
        83,
        38,
        143,
        165,
        134,
        226,
        180,
        2,
        195,
        155,
        215,
        137,
        177,
        79,
        176,
        113,
        47,
        23,
        53,
        158,
        49,
        135,
        10,
        58,
        20,
        192,
        196,
        72,
        10,
        38,
        94,
        211,
        227,
        108,
        186,
        206,
        185,
        171,
        218,
        93,
        52,
        222,
        23,
        163,
        170,
        151,
        6,
        13,
        3,
        57,
        152,
        108,
        161,
        122,
        105,
        125,
        227,
        105,
        205,
        114,
        143,
        119,
        38,
        198,
        46,
        245,
        152,
        134,
        175,
        90,
        10,
        160,
        63,
        128,
        123,
        226,
        103,
        165,
        239,
        67,
        1,
        88,
        7,
        93,
        214,
        27,
        179,
        82,
        34,
        44,
        69,
        11,
        75,
        116,
        24,
        83,
        134,
        0,
        28,
        84,
        99,
        228,
        166,
        185,
        61,
        29,
        15,
        99,
        236,
        178,
        228,
        5,
        190,
        224,
        21,
        158,
        95,
        139,
        6,
        96,
        146,
        98,
        90,
        105,
        221,
        229,
        73,
        152,
        252,
        152,
        2,
        250,
        95,
        216,
        228,
        24,
        126,
        199,
        164,
        228,
        200,
        58,
        208,
        20,
        87,
        237,
        213,
        28,
        72,
        101,
        17,
        24,
        91,
        135,
        141,
        251,
        20,
        244,
        53,
        104,
        11,
        36,
        211,
        130,
        177,
        53,
        120,
        246,
        4,
        230,
        207,
        228,
        121,
        180,
        32,
        115,
        165,
        148,
        85,
        223,
        44,
        80,
        193,
        194,
        204,
        126,
        115,
        54,
        92,
        184,
        71,
        132,
        54,
        83,
        52,
        0,
        251,
        61,
        172,
        179,
        190,
        13,
        118,
        227,
        107,
        13,
        216,
        93,
        143,
        183,
        90,
        236,
        174,
        238,
        64,
        180,
        130,
        23,
        143,
        167,
        2,
        204,
        83,
        120,
        127,
        59,
        222,
        243,
        42,
        27,
        101,
        68,
        183,
        240,
        238,
        86,
        204,
        55,
        71,
        145,
        120,
        183,
        134,
        96,
        190,
        85,
        10,
        216,
        63,
        74,
        22,
        159,
        159,
        42,
        28,
        95,
        74,
        52,
        0,
        119,
        123,
        88,
        114,
        52,
        216,
        205,
        10,
        1,
        250,
        170,
        171,
        230,
        90,
        33,
        63,
        55,
        243,
        130,
        102,
        48,
        61,
        11,
        207,
        126,
        14,
        1,
        100,
        16,
        242,
        237,
        113,
        123,
        218,
        221,
        114,
        78,
        218,
        116,
        119,
        245,
        205,
        217,
        156,
        135,
        83,
        12,
        255,
        189,
        100,
        201,
        217,
        18,
        140,
        231,
        178,
        121,
        68,
        69,
        194,
        73,
        194,
        254,
        116,
        15,
        155,
        7,
        175,
        56,
        5,
        234,
        85,
        85,
        90,
        223,
        86,
        204,
        27,
        145,
        78,
        11,
        22,
        53,
        157,
        74,
        7,
        35,
        239,
        69,
        14,
        52,
        128,
        58,
        32,
        209,
        215,
        243,
        155,
        91,
        211,
        120,
        67,
        105,
        13,
        59,
        133,
        50,
        90,
        187,
        112,
        217,
        9,
        138,
        20,
        121,
        204,
        147,
        85,
        122,
        250,
        104,
        132,
        165,
        20,
        94,
        212,
        198,
        161,
        36,
        135,
        41,
        75,
        119,
        62,
        37,
        139,
        207,
        229,
        64,
        50,
        223,
        69,
        9,
        108,
        151,
        200,
        198,
        54,
        22,
        46,
        251,
        91,
        119,
        112,
        118,
        94,
        51,
        151,
        215,
        207,
        20,
        169,
        105,
        74,
        52,
        188,
        116,
        64,
        104,
        98,
        208,
        86,
        94,
        68,
        247,
        180,
        54,
        48,
        148,
        9,
        198,
        190,
        143,
        58,
        216,
        30,
        208,
        155,
        242,
        151,
        31,
        181,
        139,
        117,
        245,
        239,
        214,
        112,
        192,
        134,
        147,
        90,
        234,
        160,
        53,
        182,
        167,
        161,
        236,
        200,
        252,
        224,
        161,
        122,
        31,
        13,
        24,
        216,
        238,
        208,
        227,
        93,
        45,
        64,
        90,
        152,
        7,
        115,
        168,
        241,
        55,
        146,
        92,
        58,
        73,
        6,
        127,
        94,
        48,
        29,
        177,
        120,
        225,
        64,
        131,
        213,
        109,
        186,
        172,
        250,
        198,
        12,
        182,
        229,
        84,
        145,
        244,
        152,
        194,
        57,
        42,
        138,
        228,
        60,
        170,
        59,
        76,
        20,
        54,
        157,
        180,
        131,
        145,
        63,
        99,
        4,
        152,
        188,
        247,
        94,
        225,
        160,
        180,
        112,
        193,
        70,
        90,
        45,
        117,
        135,
        42,
        132,
        159,
        186,
        216,
        129,
        189,
        77,
        208,
        168,
        199,
        67,
        13,
        65,
        125,
        1,
        86,
        171,
        144,
        100,
        65,
        38,
        101,
        156,
        108,
        135,
        138,
        137,
        253,
        177,
        6,
        140,
        236,
        108,
        27,
        75,
        217,
        28,
        132,
        55,
        149,
        231,
        128,
        211,
        209,
        59,
        236,
        19,
        49,
        110,
        36,
        156,
        208,
        115,
        152,
        184,
        182,
        135,
        58,
        31,
        229,
        29,
        213,
        116,
        111,
        141,
        116,
        177,
        32,
        214,
        96,
        153,
        218,
        139,
        151,
        156,
        29,
        33,
        188,
        179,
        70,
        213,
        18,
        120,
        156,
        167,
        240,
        252,
        12,
        108,
        222,
        161,
        218,
        185,
        84,
        83,
        42,
        1,
        29,
        152,
        240,
        68,
        144,
        208,
        240,
        166,
        240,
        208,
        86,
        36,
        241,
        203,
        226,
        4,
        24,
        106,
        125,
        235,
        105,
        17,
        146,
        204,
        208,
        180,
        13,
        65,
        222,
        61,
        140,
        205,
        72,
        19,
        160,
        135,
        4,
        36,
        23,
        0,
        49,
        189,
        23,
        135,
        177,
        155,
        195,
        129,
        63,
        227,
        193,
        14,
        110,
        136,
        23,
        96,
        248,
        142,
        183,
        56,
        30,
        91,
        110,
        31,
        12,
        118,
        29,
        9,
        246,
        46,
        164,
        60,
        86,
        198,
        233,
        128,
        210,
        171,
        120,
        233,
        25,
        58,
        115,
        58,
        96,
        240,
        135,
        157,
        88,
        164,
        137,
        179,
        29,
        138,
        133,
        14,
        0,
        254,
        33,
        110,
        128,
        43,
        59,
        55,
        113,
        61,
        77,
        252,
        100,
        224,
        247,
        218,
        32,
        90,
        185,
        157,
        5,
        212,
        93,
        194,
        170,
        249,
        178,
        21,
        85,
        78,
        14,
        74,
        181,
        71,
        74,
        235,
        174,
        60,
        134,
        207,
        121,
        80,
        243,
        57,
        40,
        24,
        10,
        248,
        236,
        73,
        207,
        116,
        178,
        97,
        39,
        63,
        198,
        17,
        240,
        54,
        145,
        214,
        250,
        5,
        128,
        188,
        222,
        9,
        94,
        231,
        130,
        231,
        249,
        204,
        251,
        204,
        252,
        230,
        99,
        217,
        138,
        131,
        75,
        82,
        79,
        36,
        210,
        25,
        24,
        57,
        133,
        81,
        160,
        209,
        32,
        170,
        53,
        179,
        69,
        58,
        71,
        159,
        57,
        88,
        116,
        111,
        28,
        1,
        127,
        195,
        60,
        13,
        147,
        60,
        49,
        175,
        99,
        152,
        247,
        92,
        198,
        98,
        49,
        2,
        108,
        18,
        217,
        147,
        149,
        95,
        204,
        98,
        202,
        228,
        137,
        173,
        34,
        143,
        38,
        192,
        59,
        227,
        7,
        216,
        187,
        153,
        1,
        219,
        4,
        95,
        118,
        230,
        85,
        231,
        219,
        46,
        28,
        155,
        38,
        109,
        120,
        136,
        65,
        202,
        104,
        17,
        19,
        89,
        185,
        104,
        24,
        202,
        159,
        25,
        126,
        149,
        246,
        120,
        91,
        226,
        230,
        165,
        61,
        237,
        239,
        138,
        178,
        48,
        45,
        8,
        207,
        22,
        17,
        186,
        146,
        213,
        176,
        36,
        243,
        100,
        77,
        20,
        221,
        102,
        81,
        132,
        167,
        176,
        157,
        147,
        218,
        103,
        33,
        52,
        188,
        22,
        47,
        192,
        240,
        188,
        85,
        44,
        205,
        116,
        81,
        64,
        24,
        241,
        172,
        169,
        199,
        184,
        193,
        114,
        229,
        96,
        164,
        31,
        247,
        56,
        156,
        13,
        23,
        103,
        196,
        9,
        176,
        183,
        168,
        241,
        212,
        3,
        202,
        1,
        126,
        48,
        126,
        239,
        184,
        131,
        14,
        183,
        112,
        72,
        102,
        53,
        33,
        251,
        24,
        5,
        59,
        62,
        20,
        7,
        251,
        221,
        193,
        206,
        73,
        63,
        214,
        73,
        30,
        200,
        106,
        201,
        196,
        106,
        77,
        206,
        98,
        36,
        210,
        208,
        149,
        177,
        6,
        236,
        170,
        185,
        86,
        199,
        30,
        56,
        131,
        85,
        215,
        52,
        144,
        213,
        146,
        174,
        214,
        126,
        59,
        70,
        204,
        158,
        140,
        224,
        126,
        42,
        134,
        225,
        232,
        48,
        214,
        29,
        199,
        246,
        107,
        9,
        229,
        148,
        50,
        26,
        245,
        176,
        38,
        212,
        122,
        180,
        171,
        246,
        90,
        99,
        140,
        0,
        251,
        74,
        235,
        47,
        61,
        171,
        168,
        179,
        54,
        208,
        245,
        176,
        238,
        212,
        204,
        236,
        250,
        41,
        216,
        143,
        71,
        14,
        254,
        85,
        12,
        10,
        134,
        245,
        88,
        235,
        126,
        142,
        191,
        214,
        72,
        212,
        185,
        223,
        7,
        0,
        186,
        243,
        42,
        104,
        110,
        45,
        134,
        51,
        57,
        56,
        112,
        197,
        66,
        199,
        142,
        252,
        229,
        71,
        243,
        249,
        88,
        54,
        98,
        233,
        70,
        10,
        88,
        74,
        57,
        157,
        19,
        128,
        177,
        133,
        77,
        39,
        31,
        68,
        50,
        114,
        112,
        0,
        192,
        238,
        196,
        134,
        58,
        57,
        101,
        116,
        136,
        84,
        209,
        20,
        43,
        192,
        70,
        7,
        244,
        164,
        218,
        227,
        242,
        155,
        91,
        203,
        220,
        85,
        237,
        91,
        162,
        101,
        179,
        238,
        234,
        155,
        45,
        144,
        44,
        221,
        46,
        140,
        21,
        170,
        28,
        112,
        181,
        26,
        75,
        192,
        38,
        217,
        187,
        193,
        161,
        130,
        60,
        104,
        17,
        42,
        149,
        151,
        224,
        81,
        79,
        246,
        195,
        27,
        31,
        113,
        214,
        95,
        108,
        192,
        92,
        133,
        12,
        54,
        71,
        233,
        5,
        49,
        197,
        163,
        229,
        193,
        232,
        86,
        130,
        24,
        187,
        23,
        52,
        5,
        146,
        153,
        230,
        170,
        189,
        250,
        54,
        108,
        59,
        212,
        228,
        196,
        7,
        147,
        56,
        128,
        210,
        110,
        229,
        212,
        21,
        127,
        209,
        189,
        210,
        20,
        86,
        227,
        108,
        21,
        172,
        188,
        82,
        141,
        117,
        143,
        135,
        90,
        105,
        233,
        247,
        79,
        84,
        158,
        77,
        96,
        9,
        85,
        20,
        53,
        158,
        94,
        132,
        90,
        245,
        29,
        36,
        42,
        95,
        34,
        241,
        223,
        5,
        187,
        60,
        8,
        250,
        9,
        234,
        191,
        11,
        121,
        241,
        102,
        128,
        92,
        7,
        31,
        176,
        16,
        239,
        150,
        243,
        223,
        140,
        231,
        240,
        147,
        105,
        84,
        241,
        196,
        181,
        169,
        197,
        224,
        210,
        219,
        42,
        106,
        106,
        82,
        71,
        202,
        123,
        201,
        233,
        76,
        3,
        61,
        4,
        154,
        5,
        154,
        205,
        52,
        139,
        199,
        42,
        64,
        100,
        171,
        147,
        89,
        67,
        114,
        197,
        37,
        93,
        106,
        31,
        151,
        229,
        177,
        239,
        226,
        49,
        0,
        237,
        63,
        247,
        130,
        228,
        42,
        160,
        166,
        31,
        67,
        154,
        45,
        136,
        213,
        27,
        33,
        209,
        207,
        65,
        155,
        65,
        95,
        48,
        209,
        247,
        207,
        232,
        25,
        189,
        3,
        122,
        223,
        89,
        223,
        86,
        196,
        96,
        251,
        236,
        12,
        136,
        107,
        219,
        146,
        129,
        35,
        179,
        98,
        252,
        120,
        4,
        183,
        11,
        251,
        212,
        219,
        133,
        132,
        237,
        211,
        146,
        199,
        69,
        176,
        91,
        186,
        134,
        105,
        143,
        192,
        75,
        159,
        86,
        15,
        222,
        6,
        5,
        96,
        98,
        26,
        234,
        252,
        42,
        198,
        219,
        194,
        0,
        123,
        30,
        234,
        221,
        48,
        104,
        1,
        115,
        102,
        148,
        199,
        57,
        48,
        133,
        153,
        98,
        118,
        96,
        46,
        38,
        250,
        94,
        196,
        207,
        198,
        241,
        187,
        142,
        112,
        26,
        78,
        19,
        1,
        176,
        60,
        25,
        177,
        179,
        183,
        38,
        207,
        59,
        201,
        217,
        112,
        241,
        201,
        178,
        154,
        235,
        171,
        64,
        107,
        153,
        222,
        112,
        54,
        92,
        152,
        143,
        103,
        19,
        57,
        230,
        234,
        253,
        26,
        178,
        65,
        37,
        41,
        161,
        123,
        45,
        13,
        66,
        20,
        73,
        108,
        4,
        192,
        61,
        79,
        7,
        250,
        70,
        247,
        190,
        136,
        209,
        243,
        120,
        99,
        134,
        171,
        161,
        40,
        225,
        155,
        75,
        141,
        188,
        181,
        255,
        166,
        194,
        227,
        253,
        160,
        151,
        2,
        97,
        53,
        111,
        76,
        175,
        73,
        70,
        194,
        118,
        211,
        26,
        100,
        96,
        54,
        72,
        120,
        246,
        157,
        77,
        101,
        126,
        58,
        11,
        9,
        59,
        57,
        75,
        11,
        11,
        108,
        66,
        181,
        15,
        27,
        244,
        88,
        14,
        47,
        94,
        250,
        207,
        68,
        190,
        6,
        89,
        192,
        52,
        7,
        225,
        235,
        62,
        37,
        209,
        8,
        235,
        255,
        31,
        18,
        237,
        223,
        120,
        76,
        6,
        157,
        180,
        121,
        124,
        133,
        67,
        52,
        82,
        228,
        203,
        169,
        145,
        222,
        234,
        39,
        18,
        96,
        85,
        202,
        54,
        182,
        85,
        253,
        58,
        68,
        239,
        168,
        77,
        147,
        97,
        104,
        176,
        3,
        54,
        137,
        118,
        39,
        189,
        163,
        78,
        191,
        14,
        73,
        143,
        180,
        253,
        40,
        145,
        255,
        51,
        77,
        189,
        198,
        49,
        43,
        164,
        69,
        210,
        126,
        20,
        41,
        253,
        7,
        38,
        60,
        45,
        141,
        243,
        6,
        227,
        165,
        0,
        0,
        0,
        0,
        73,
        69,
        78,
        68,
        174,
        66,
        96,
        130
      ]
    },
    "stat": {
      "dev": 16777220,
      "mode": 33188,
      "nlink": 1,
      "uid": 501,
      "gid": 20,
      "rdev": 0,
      "blksize": 4194304,
      "ino": 2088700,
      "size": 3172,
      "blocks": 8,
      "atime": "2018-04-17T07:59:11.791Z",
      "mtime": "2018-03-22T08:50:41.021Z",
      "ctime": "2018-03-22T08:50:41.021Z",
      "birthtime": "2018-03-22T08:50:41.021Z"
    },
    "history": [
      "/Users/jiangheng/Desktop/work-code/xxd-h5/src/mods/mypurse/imgs/feedback_icon@3x.png"
    ],
    "path": "/Users/jiangheng/Desktop/work-code/xxd-h5/src/mods/mypurse/imgs/feedback_icon@3x.png",
    "gulpCache$filePathChangedInsideTask": false,
    "gulpCache$fileBaseChangedInsideTask": false,
    "gulpCache$originalPath": "/Users/jiangheng/Desktop/work-code/xxd-h5/src/mods/mypurse/imgs/feedback_icon@3x.png",
    "gulpCache$originalBase": "/Users/jiangheng/Desktop/work-code/xxd-h5/src/mods/"
  }
]