[
  {
    "cwd": "/Users/jiangheng/Desktop/work-code/xxd-h5",
    "base": "/Users/jiangheng/Desktop/work-code/xxd-h5/src/mods/",
    "contents": {
      "type": "Buffer",
      "data": [
        137,
        80,
        78,
        71,
        13,
        10,
        26,
        10,
        0,
        0,
        0,
        13,
        73,
        72,
        68,
        82,
        0,
        0,
        0,
        25,
        0,
        0,
        0,
        26,
        8,
        6,
        0,
        0,
        0,
        66,
        125,
        247,
        205,
        0,
        0,
        2,
        28,
        73,
        68,
        65,
        84,
        120,
        218,
        172,
        150,
        77,
        40,
        68,
        81,
        20,
        199,
        223,
        27,
        95,
        197,
        164,
        73,
        40,
        202,
        71,
        200,
        68,
        217,
        40,
        43,
        74,
        105,
        146,
        143,
        216,
        137,
        124,
        173,
        199,
        87,
        154,
        36,
        89,
        176,
        177,
        161,
        164,
        108,
        144,
        68,
        62,
        178,
        32,
        27,
        139,
        33,
        202,
        194,
        70,
        89,
        74,
        99,
        22,
        106,
        198,
        130,
        5,
        178,
        24,
        210,
        136,
        193,
        255,
        76,
        247,
        213,
        243,
        220,
        59,
        239,
        190,
        225,
        212,
        111,
        106,
        102,
        238,
        189,
        255,
        123,
        206,
        61,
        247,
        156,
        171,
        22,
        120,
        85,
        197,
        162,
        37,
        128,
        136,
        246,
        37,
        216,
        248,
        105,
        58,
        193,
        38,
        241,
        191,
        11,
        44,
        130,
        11,
        16,
        6,
        31,
        224,
        11,
        220,
        129,
        195,
        194,
        3,
        155,
        7,
        228,
        196,
        90,
        68,
        141,
        225,
        73,
        11,
        152,
        1,
        101,
        18,
        222,
        189,
        131,
        21,
        48,
        9,
        207,
        30,
        101,
        60,
        73,
        5,
        27,
        96,
        95,
        82,
        128,
        44,
        9,
        244,
        1,
        31,
        188,
        114,
        153,
        137,
        164,
        129,
        35,
        208,
        163,
        196,
        103,
        89,
        192,
        11,
        161,
        118,
        145,
        8,
        197,
        109,
        7,
        84,
        43,
        127,
        51,
        242,
        106,
        19,
        66,
        181,
        60,
        145,
        97,
        208,
        164,
        252,
        143,
        145,
        208,
        54,
        132,
        210,
        245,
        34,
        153,
        96,
        138,
        51,
        248,
        21,
        220,
        75,
        44,
        26,
        228,
        252,
        150,
        11,
        198,
        245,
        34,
        3,
        192,
        206,
        25,
        72,
        217,
        85,
        10,
        206,
        5,
        139,
        211,
        37,
        233,
        6,
        78,
        240,
        198,
        249,
        127,
        16,
        222,
        216,
        53,
        145,
        78,
        193,
        34,
        67,
        32,
        31,
        212,
        115,
        132,
        72,
        160,
        151,
        194,
        2,
        230,
        65,
        10,
        103,
        62,
        109,
        188,
        149,
        68,
        242,
        216,
        110,
        121,
        70,
        97,
        60,
        225,
        8,
        233,
        5,
        22,
        128,
        59,
        70,
        40,
        93,
        36,
        82,
        97,
        18,
        111,
        163,
        208,
        153,
        5,
        1,
        178,
        138,
        68,
        124,
        100,
        75,
        28,
        172,
        38,
        84,
        7,
        106,
        88,
        89,
        145,
        17,
        136,
        222,
        29,
        155,
        133,
        180,
        204,
        0,
        229,
        44,
        84,
        84,
        21,
        42,
        37,
        231,
        169,
        36,
        18,
        146,
        24,
        168,
        157,
        1,
        93,
        214,
        105,
        80,
        36,
        72,
        6,
        158,
        133,
        72,
        196,
        47,
        41,
        160,
        157,
        193,
        152,
        32,
        25,
        68,
        230,
        39,
        145,
        43,
        240,
        32,
        41,
        224,
        54,
        201,
        58,
        158,
        157,
        218,
        216,
        33,
        238,
        10,
        6,
        204,
        198,
        200,
        34,
        189,
        80,
        131,
        224,
        50,
        82,
        115,
        219,
        75,
        112,
        116,
        69,
        251,
        73,
        0,
        244,
        179,
        34,
        105,
        92,
        168,
        25,
        116,
        8,
        54,
        65,
        9,
        64,
        21,
        183,
        88,
        144,
        8,
        187,
        232,
        47,
        107,
        90,
        118,
        81,
        200,
        150,
        57,
        131,
        156,
        108,
        151,
        102,
        89,
        199,
        107,
        13,
        97,
        99,
        237,
        34,
        27,
        5,
        215,
        202,
        255,
        153,
        7,
        94,
        4,
        140,
        34,
        207,
        160,
        81,
        178,
        234,
        154,
        217,
        28,
        4,
        150,
        68,
        157,
        241,
        154,
        53,
        45,
        95,
        156,
        139,
        83,
        54,
        78,
        64,
        96,
        228,
        199,
        243,
        134,
        29,
        188,
        222,
        158,
        192,
        58,
        72,
        6,
        85,
        236,
        9,
        36,
        99,
        151,
        160,
        13,
        2,
        91,
        191,
        222,
        80,
        28,
        17,
        237,
        245,
        113,
        12,
        86,
        193,
        11,
        203,
        50,
        94,
        141,
        163,
        106,
        225,
        101,
        7,
        76,
        103,
        112,
        99,
        245,
        73,
        100,
        52,
        7,
        40,
        97,
        61,
        130,
        194,
        114,
        75,
        29,
        17,
        11,
        71,
        204,
        38,
        126,
        11,
        48,
        0,
        38,
        100,
        137,
        187,
        21,
        187,
        207,
        3,
        0,
        0,
        0,
        0,
        73,
        69,
        78,
        68,
        174,
        66,
        96,
        130
      ]
    },
    "stat": {
      "dev": 16777220,
      "mode": 33188,
      "nlink": 1,
      "uid": 501,
      "gid": 20,
      "rdev": 0,
      "blksize": 4194304,
      "ino": 2088858,
      "size": 1454,
      "blocks": 8,
      "atime": "2018-04-17T07:59:11.799Z",
      "mtime": "2018-03-22T08:50:41.058Z",
      "ctime": "2018-03-22T08:50:41.058Z",
      "birthtime": "2018-03-22T08:50:41.058Z"
    },
    "history": [
      "/Users/jiangheng/Desktop/work-code/xxd-h5/src/mods/register/imgs/clear_icon@2x.png"
    ],
    "path": "/Users/jiangheng/Desktop/work-code/xxd-h5/src/mods/register/imgs/clear_icon@2x.png",
    "gulpCache$filePathChangedInsideTask": false,
    "gulpCache$fileBaseChangedInsideTask": false,
    "gulpCache$originalPath": "/Users/jiangheng/Desktop/work-code/xxd-h5/src/mods/register/imgs/clear_icon@2x.png",
    "gulpCache$originalBase": "/Users/jiangheng/Desktop/work-code/xxd-h5/src/mods/"
  }
]