[
  {
    "cwd": "/Users/jiangheng/Desktop/work-code/xxd-h5",
    "base": "/Users/jiangheng/Desktop/work-code/xxd-h5/src/mods/",
    "contents": {
      "type": "Buffer",
      "data": [
        60,
        33,
        68,
        79,
        67,
        84,
        89,
        80,
        69,
        32,
        104,
        116,
        109,
        108,
        62,
        10,
        60,
        104,
        116,
        109,
        108,
        32,
        108,
        97,
        110,
        103,
        61,
        34,
        101,
        110,
        34,
        62,
        10,
        60,
        104,
        101,
        97,
        100,
        62,
        10,
        32,
        32,
        32,
        32,
        60,
        109,
        101,
        116,
        97,
        32,
        99,
        104,
        97,
        114,
        115,
        101,
        116,
        61,
        34,
        85,
        84,
        70,
        45,
        56,
        34,
        62,
        10,
        32,
        32,
        32,
        32,
        60,
        109,
        101,
        116,
        97,
        32,
        99,
        111,
        110,
        116,
        101,
        110,
        116,
        61,
        34,
        119,
        105,
        100,
        116,
        104,
        61,
        100,
        101,
        118,
        105,
        99,
        101,
        45,
        119,
        105,
        100,
        116,
        104,
        44,
        32,
        105,
        110,
        105,
        116,
        105,
        97,
        108,
        45,
        115,
        99,
        97,
        108,
        101,
        61,
        49,
        46,
        48,
        44,
        32,
        109,
        97,
        120,
        105,
        109,
        117,
        109,
        45,
        115,
        99,
        97,
        108,
        101,
        61,
        49,
        46,
        48,
        44,
        32,
        117,
        115,
        101,
        114,
        45,
        115,
        99,
        97,
        108,
        97,
        98,
        108,
        101,
        61,
        48,
        59,
        34,
        32,
        110,
        97,
        109,
        101,
        61,
        34,
        118,
        105,
        101,
        119,
        112,
        111,
        114,
        116,
        34,
        47,
        62,
        10,
        32,
        32,
        32,
        32,
        60,
        116,
        105,
        116,
        108,
        101,
        62,
        230,
        150,
        176,
        230,
        150,
        176,
        232,
        180,
        183,
        45,
        229,
        173,
        152,
        231,
        174,
        161,
        229,
        188,
        128,
        230,
        136,
        183,
        45,
        229,
        174,
        158,
        229,
        144,
        141,
        232,
        174,
        164,
        232,
        175,
        129,
        60,
        47,
        116,
        105,
        116,
        108,
        101,
        62,
        10,
        32,
        32,
        32,
        32,
        60,
        108,
        105,
        110,
        107,
        32,
        114,
        101,
        108,
        61,
        34,
        115,
        116,
        121,
        108,
        101,
        115,
        104,
        101,
        101,
        116,
        34,
        32,
        104,
        114,
        101,
        102,
        61,
        34,
        46,
        46,
        47,
        99,
        115,
        115,
        47,
        98,
        97,
        115,
        101,
        46,
        99,
        115,
        115,
        34,
        62,
        10,
        32,
        32,
        32,
        32,
        60,
        108,
        105,
        110,
        107,
        32,
        114,
        101,
        108,
        61,
        34,
        115,
        116,
        121,
        108,
        101,
        115,
        104,
        101,
        101,
        116,
        34,
        32,
        104,
        114,
        101,
        102,
        61,
        34,
        105,
        110,
        100,
        101,
        120,
        46,
        99,
        115,
        115,
        34,
        62,
        10,
        32,
        32,
        32,
        32,
        60,
        115,
        99,
        114,
        105,
        112,
        116,
        32,
        115,
        114,
        99,
        61,
        34,
        46,
        46,
        47,
        98,
        97,
        115,
        101,
        46,
        106,
        115,
        34,
        62,
        60,
        47,
        115,
        99,
        114,
        105,
        112,
        116,
        62,
        10,
        60,
        47,
        104,
        101,
        97,
        100,
        62,
        10,
        60,
        98,
        111,
        100,
        121,
        62,
        10,
        60,
        100,
        105,
        118,
        32,
        99,
        108,
        97,
        115,
        115,
        61,
        34,
        111,
        112,
        101,
        110,
        45,
        97,
        99,
        99,
        111,
        117,
        110,
        116,
        45,
        98,
        111,
        120,
        34,
        62,
        10,
        32,
        32,
        32,
        32,
        60,
        100,
        105,
        118,
        32,
        99,
        108,
        97,
        115,
        115,
        61,
        34,
        99,
        111,
        109,
        109,
        111,
        110,
        45,
        104,
        101,
        97,
        100,
        101,
        114,
        32,
        111,
        112,
        101,
        110,
        45,
        97,
        99,
        99,
        111,
        117,
        110,
        116,
        45,
        104,
        101,
        97,
        100,
        101,
        114,
        34,
        62,
        10,
        32,
        32,
        32,
        32,
        32,
        32,
        32,
        32,
        60,
        97,
        32,
        104,
        114,
        101,
        102,
        61,
        34,
        35,
        34,
        32,
        99,
        108,
        97,
        115,
        115,
        61,
        34,
        97,
        114,
        114,
        111,
        119,
        45,
        108,
        101,
        102,
        116,
        45,
        105,
        99,
        111,
        110,
        32,
        104,
        101,
        97,
        100,
        101,
        114,
        45,
        108,
        101,
        102,
        116,
        45,
        97,
        114,
        114,
        111,
        119,
        34,
        62,
        60,
        47,
        97,
        62,
        10,
        32,
        32,
        32,
        32,
        32,
        32,
        32,
        32,
        60,
        100,
        105,
        118,
        32,
        99,
        108,
        97,
        115,
        115,
        61,
        34,
        99,
        111,
        109,
        109,
        111,
        110,
        45,
        104,
        101,
        97,
        100,
        101,
        114,
        45,
        116,
        105,
        116,
        34,
        62,
        233,
        147,
        182,
        232,
        161,
        140,
        229,
        173,
        152,
        231,
        174,
        161,
        229,
        188,
        128,
        230,
        136,
        183,
        60,
        47,
        100,
        105,
        118,
        62,
        10,
        32,
        32,
        32,
        32,
        60,
        47,
        100,
        105,
        118,
        62,
        10,
        32,
        32,
        32,
        32,
        60,
        100,
        105,
        118,
        32,
        99,
        108,
        97,
        115,
        115,
        61,
        34,
        111,
        112,
        101,
        110,
        45,
        97,
        99,
        99,
        111,
        117,
        110,
        116,
        45,
        99,
        111,
        110,
        116,
        97,
        105,
        110,
        101,
        114,
        34,
        62,
        10,
        32,
        32,
        32,
        32,
        32,
        32,
        32,
        32,
        60,
        100,
        105,
        118,
        32,
        99,
        108,
        97,
        115,
        115,
        61,
        34,
        111,
        112,
        101,
        110,
        45,
        97,
        99,
        99,
        111,
        117,
        110,
        116,
        45,
        109,
        97,
        105,
        110,
        34,
        62,
        10,
        32,
        32,
        32,
        32,
        32,
        32,
        32,
        32,
        32,
        32,
        32,
        32,
        60,
        100,
        105,
        118,
        32,
        99,
        108,
        97,
        115,
        115,
        61,
        34,
        100,
        105,
        118,
        45,
        105,
        110,
        112,
        117,
        116,
        45,
        119,
        114,
        97,
        112,
        112,
        101,
        114,
        34,
        62,
        10,
        32,
        32,
        32,
        32,
        32,
        32,
        32,
        32,
        32,
        32,
        32,
        32,
        32,
        32,
        32,
        32,
        60,
        100,
        105,
        118,
        32,
        99,
        108,
        97,
        115,
        115,
        61,
        34,
        105,
        110,
        112,
        117,
        116,
        45,
        108,
        101,
        102,
        116,
        34,
        62,
        60,
        105,
        32,
        99,
        108,
        97,
        115,
        115,
        61,
        34,
        115,
        116,
        97,
        114,
        34,
        62,
        42,
        60,
        47,
        105,
        62,
        60,
        115,
        112,
        97,
        110,
        62,
        229,
        167,
        147,
        229,
        144,
        141,
        60,
        47,
        115,
        112,
        97,
        110,
        62,
        60,
        47,
        100,
        105,
        118,
        62,
        10,
        32,
        32,
        32,
        32,
        32,
        32,
        32,
        32,
        32,
        32,
        32,
        32,
        32,
        32,
        32,
        32,
        60,
        100,
        105,
        118,
        32,
        99,
        108,
        97,
        115,
        115,
        61,
        34,
        105,
        110,
        112,
        117,
        116,
        45,
        98,
        111,
        114,
        100,
        101,
        114,
        34,
        62,
        60,
        105,
        110,
        112,
        117,
        116,
        32,
        116,
        121,
        112,
        101,
        61,
        34,
        116,
        101,
        120,
        116,
        34,
        32,
        112,
        108,
        97,
        99,
        101,
        104,
        111,
        108,
        100,
        101,
        114,
        61,
        34,
        232,
        175,
        183,
        232,
        190,
        147,
        229,
        133,
        165,
        230,
        130,
        168,
        232,
        186,
        171,
        228,
        187,
        189,
        232,
        175,
        129,
        228,
        184,
        138,
        231,
        154,
        132,
        231,
        156,
        159,
        229,
        174,
        158,
        229,
        167,
        147,
        229,
        144,
        141,
        34,
        62,
        60,
        47,
        100,
        105,
        118,
        62,
        10,
        32,
        32,
        32,
        32,
        32,
        32,
        32,
        32,
        32,
        32,
        32,
        32,
        60,
        47,
        100,
        105,
        118,
        62,
        10,
        32,
        32,
        32,
        32,
        32,
        32,
        32,
        32,
        32,
        32,
        32,
        32,
        60,
        100,
        105,
        118,
        32,
        99,
        108,
        97,
        115,
        115,
        61,
        34,
        100,
        105,
        118,
        45,
        105,
        110,
        112,
        117,
        116,
        45,
        119,
        114,
        97,
        112,
        112,
        101,
        114,
        34,
        62,
        10,
        32,
        32,
        32,
        32,
        32,
        32,
        32,
        32,
        32,
        32,
        32,
        32,
        32,
        32,
        32,
        32,
        60,
        100,
        105,
        118,
        32,
        99,
        108,
        97,
        115,
        115,
        61,
        34,
        105,
        110,
        112,
        117,
        116,
        45,
        108,
        101,
        102,
        116,
        34,
        62,
        60,
        105,
        32,
        99,
        108,
        97,
        115,
        115,
        61,
        34,
        115,
        116,
        97,
        114,
        34,
        62,
        42,
        60,
        47,
        105,
        62,
        60,
        115,
        112,
        97,
        110,
        62,
        232,
        186,
        171,
        228,
        187,
        189,
        232,
        175,
        129,
        229,
        143,
        183,
        60,
        47,
        115,
        112,
        97,
        110,
        62,
        60,
        47,
        100,
        105,
        118,
        62,
        10,
        32,
        32,
        32,
        32,
        32,
        32,
        32,
        32,
        32,
        32,
        32,
        32,
        32,
        32,
        32,
        32,
        60,
        100,
        105,
        118,
        32,
        99,
        108,
        97,
        115,
        115,
        61,
        34,
        105,
        110,
        112,
        117,
        116,
        45,
        98,
        111,
        114,
        100,
        101,
        114,
        34,
        62,
        60,
        105,
        110,
        112,
        117,
        116,
        32,
        116,
        121,
        112,
        101,
        61,
        34,
        116,
        101,
        120,
        116,
        34,
        32,
        112,
        108,
        97,
        99,
        101,
        104,
        111,
        108,
        100,
        101,
        114,
        61,
        34,
        232,
        175,
        183,
        232,
        190,
        147,
        229,
        133,
        165,
        230,
        130,
        168,
        231,
        154,
        132,
        232,
        186,
        171,
        228,
        187,
        189,
        232,
        175,
        129,
        229,
        143,
        183,
        34,
        62,
        60,
        47,
        100,
        105,
        118,
        62,
        10,
        32,
        32,
        32,
        32,
        32,
        32,
        32,
        32,
        32,
        32,
        32,
        32,
        60,
        47,
        100,
        105,
        118,
        62,
        10,
        32,
        32,
        32,
        32,
        32,
        32,
        32,
        32,
        32,
        32,
        32,
        32,
        60,
        100,
        105,
        118,
        32,
        99,
        108,
        97,
        115,
        115,
        61,
        34,
        99,
        104,
        101,
        99,
        107,
        98,
        111,
        120,
        45,
        119,
        114,
        97,
        112,
        112,
        101,
        114,
        34,
        62,
        10,
        32,
        32,
        32,
        32,
        32,
        32,
        32,
        32,
        32,
        32,
        32,
        32,
        32,
        32,
        32,
        32,
        60,
        108,
        97,
        98,
        101,
        108,
        32,
        102,
        111,
        114,
        61,
        34,
        34,
        62,
        10,
        32,
        32,
        32,
        32,
        32,
        32,
        32,
        32,
        32,
        32,
        32,
        32,
        32,
        32,
        32,
        32,
        32,
        32,
        32,
        32,
        60,
        115,
        112,
        97,
        110,
        32,
        99,
        108,
        97,
        115,
        115,
        61,
        34,
        99,
        104,
        101,
        99,
        107,
        98,
        111,
        120,
        32,
        99,
        104,
        101,
        99,
        107,
        101,
        100,
        34,
        62,
        60,
        47,
        115,
        112,
        97,
        110,
        62,
        10,
        32,
        32,
        32,
        32,
        32,
        32,
        32,
        32,
        32,
        32,
        32,
        32,
        32,
        32,
        32,
        32,
        32,
        32,
        32,
        32,
        60,
        105,
        110,
        112,
        117,
        116,
        32,
        116,
        121,
        112,
        101,
        61,
        34,
        99,
        104,
        101,
        99,
        107,
        98,
        111,
        120,
        34,
        32,
        99,
        104,
        101,
        99,
        107,
        101,
        100,
        62,
        10,
        32,
        32,
        32,
        32,
        32,
        32,
        32,
        32,
        32,
        32,
        32,
        32,
        32,
        32,
        32,
        32,
        60,
        47,
        108,
        97,
        98,
        101,
        108,
        62,
        10,
        32,
        32,
        32,
        32,
        32,
        32,
        32,
        32,
        32,
        32,
        32,
        32,
        32,
        32,
        32,
        32,
        60,
        112,
        62,
        230,
        136,
        145,
        229,
        183,
        178,
        233,
        152,
        133,
        232,
        175,
        187,
        229,
        185,
        182,
        229,
        144,
        140,
        230,
        132,
        143,
        60,
        97,
        32,
        104,
        114,
        101,
        102,
        61,
        34,
        35,
        34,
        62,
        227,
        128,
        138,
        231,
        148,
        168,
        230,
        136,
        183,
        230,
        142,
        136,
        230,
        157,
        131,
        229,
        141,
        143,
        232,
        174,
        174,
        227,
        128,
        139,
        60,
        47,
        97,
        62,
        60,
        47,
        112,
        62,
        10,
        32,
        32,
        32,
        32,
        32,
        32,
        32,
        32,
        32,
        32,
        32,
        32,
        60,
        47,
        100,
        105,
        118,
        62,
        10,
        32,
        32,
        32,
        32,
        32,
        32,
        32,
        32,
        32,
        32,
        32,
        32,
        60,
        100,
        105,
        118,
        32,
        99,
        108,
        97,
        115,
        115,
        61,
        34,
        100,
        105,
        118,
        45,
        98,
        116,
        110,
        34,
        62,
        60,
        98,
        117,
        116,
        116,
        111,
        110,
        32,
        99,
        108,
        97,
        115,
        115,
        61,
        34,
        120,
        120,
        100,
        45,
        120,
        108,
        45,
        98,
        116,
        110,
        34,
        62,
        229,
        144,
        140,
        230,
        132,
        143,
        229,
        141,
        143,
        232,
        174,
        174,
        229,
        185,
        182,
        229,
        188,
        128,
        233,
        128,
        154,
        229,
        173,
        152,
        231,
        174,
        161,
        232,
        180,
        166,
        230,
        136,
        183,
        60,
        47,
        98,
        117,
        116,
        116,
        111,
        110,
        62,
        60,
        47,
        100,
        105,
        118,
        62,
        10,
        32,
        32,
        32,
        32,
        32,
        32,
        32,
        32,
        60,
        47,
        100,
        105,
        118,
        62,
        10,
        32,
        32,
        32,
        32,
        32,
        32,
        32,
        32,
        60,
        100,
        105,
        118,
        32,
        99,
        108,
        97,
        115,
        115,
        61,
        34,
        111,
        112,
        101,
        110,
        45,
        97,
        99,
        99,
        111,
        117,
        110,
        116,
        45,
        112,
        114,
        111,
        109,
        112,
        116,
        34,
        62,
        10,
        32,
        32,
        32,
        32,
        32,
        32,
        32,
        32,
        32,
        32,
        32,
        32,
        60,
        100,
        105,
        118,
        32,
        99,
        108,
        97,
        115,
        115,
        61,
        34,
        112,
        114,
        111,
        109,
        112,
        116,
        34,
        62,
        10,
        32,
        32,
        32,
        32,
        32,
        32,
        32,
        32,
        32,
        32,
        32,
        32,
        32,
        32,
        32,
        32,
        60,
        100,
        105,
        118,
        32,
        99,
        108,
        97,
        115,
        115,
        61,
        34,
        112,
        114,
        111,
        109,
        112,
        116,
        45,
        116,
        105,
        116,
        34,
        62,
        60,
        115,
        112,
        97,
        110,
        32,
        99,
        108,
        97,
        115,
        115,
        61,
        34,
        108,
        105,
        110,
        101,
        34,
        62,
        60,
        47,
        115,
        112,
        97,
        110,
        62,
        228,
        184,
        186,
        228,
        187,
        128,
        228,
        185,
        136,
        229,
        188,
        128,
        233,
        128,
        154,
        233,
        147,
        182,
        232,
        161,
        140,
        229,
        173,
        152,
        231,
        174,
        161,
        232,
        180,
        166,
        230,
        136,
        183,
        239,
        188,
        159,
        60,
        115,
        112,
        97,
        110,
        32,
        99,
        108,
        97,
        115,
        115,
        61,
        34,
        108,
        105,
        110,
        101,
        32,
        116,
        111,
        114,
        105,
        103,
        104,
        116,
        45,
        108,
        105,
        110,
        101,
        34,
        62,
        60,
        47,
        115,
        112,
        97,
        110,
        62,
        60,
        47,
        100,
        105,
        118,
        62,
        10,
        32,
        32,
        32,
        32,
        32,
        32,
        32,
        32,
        32,
        32,
        32,
        32,
        32,
        32,
        32,
        32,
        60,
        100,
        105,
        118,
        32,
        99,
        108,
        97,
        115,
        115,
        61,
        34,
        112,
        114,
        111,
        109,
        112,
        116,
        45,
        99,
        111,
        110,
        116,
        101,
        110,
        116,
        34,
        62,
        228,
        184,
        186,
        228,
        186,
        134,
        228,
        191,
        157,
        233,
        154,
        156,
        229,
        135,
        186,
        229,
        128,
        159,
        228,
        186,
        186,
        231,
        154,
        132,
        232,
        181,
        132,
        233,
        135,
        145,
        229,
        174,
        137,
        229,
        133,
        168,
        239,
        188,
        140,
        230,
        150,
        176,
        230,
        150,
        176,
        232,
        180,
        183,
        229,
        133,
        168,
        233,
        157,
        162,
        233,
        135,
        135,
        231,
        148,
        168,
        233,
        147,
        182,
        232,
        161,
        140,
        229,
        173,
        152,
        231,
        174,
        161,
        231,
        154,
        132,
        232,
        191,
        144,
        32,
        232,
        144,
        165,
        230,
        168,
        161,
        229,
        188,
        143,
        239,
        188,
        140,
        229,
        143,
        170,
        230,
        156,
        137,
        230,
        136,
        144,
        229,
        138,
        159,
        229,
        188,
        128,
        233,
        128,
        154,
        228,
        186,
        134,
        233,
        147,
        182,
        232,
        161,
        140,
        229,
        173,
        152,
        231,
        174,
        161,
        232,
        180,
        166,
        230,
        136,
        183,
        239,
        188,
        140,
        230,
        137,
        141,
        232,
        131,
        189,
        229,
        156,
        168,
        230,
        150,
        176,
        230,
        150,
        176,
        232,
        180,
        183,
        229,
        185,
        179,
        229,
        143,
        176,
        32,
        232,
        191,
        155,
        232,
        161,
        140,
        229,
        133,
        133,
        229,
        128,
        188,
        227,
        128,
        129,
        230,
        138,
        149,
        232,
        181,
        132,
        231,
        173,
        137,
        232,
        161,
        140,
        228,
        184,
        186,
        60,
        47,
        100,
        105,
        118,
        62,
        10,
        32,
        32,
        32,
        32,
        32,
        32,
        32,
        32,
        32,
        32,
        32,
        32,
        60,
        47,
        100,
        105,
        118,
        62,
        10,
        32,
        32,
        32,
        32,
        32,
        32,
        32,
        32,
        60,
        47,
        100,
        105,
        118,
        62,
        10,
        32,
        32,
        32,
        32,
        60,
        47,
        100,
        105,
        118,
        62,
        10,
        60,
        47,
        100,
        105,
        118,
        62,
        10,
        60,
        47,
        98,
        111,
        100,
        121,
        62,
        10,
        60,
        47,
        104,
        116,
        109,
        108,
        62
      ]
    },
    "stat": {
      "dev": 16777220,
      "mode": 33188,
      "nlink": 1,
      "uid": 501,
      "gid": 20,
      "rdev": 0,
      "blksize": 4194304,
      "ino": 2088744,
      "size": 2196,
      "blocks": 8,
      "atime": "2018-04-17T07:59:11.781Z",
      "mtime": "2018-03-22T08:50:41.033Z",
      "ctime": "2018-03-22T08:50:41.033Z",
      "birthtime": "2018-03-22T08:50:41.033Z"
    },
    "history": [
      "/Users/jiangheng/Desktop/work-code/xxd-h5/src/mods/openaccount/real_name_verification.html"
    ],
    "path": "/Users/jiangheng/Desktop/work-code/xxd-h5/src/mods/openaccount/real_name_verification.html",
    "gulpCache$filePathChangedInsideTask": false,
    "gulpCache$fileBaseChangedInsideTask": false,
    "gulpCache$originalPath": "/Users/jiangheng/Desktop/work-code/xxd-h5/src/mods/openaccount/real_name_verification.html",
    "gulpCache$originalBase": "/Users/jiangheng/Desktop/work-code/xxd-h5/src/mods/"
  }
]