[
  {
    "cwd": "/Users/jiangheng/Desktop/work-code/xxd-h5",
    "base": "/Users/jiangheng/Desktop/work-code/xxd-h5/src/mods/",
    "contents": {
      "type": "Buffer",
      "data": [
        137,
        80,
        78,
        71,
        13,
        10,
        26,
        10,
        0,
        0,
        0,
        13,
        73,
        72,
        68,
        82,
        0,
        0,
        0,
        44,
        0,
        0,
        0,
        44,
        8,
        3,
        0,
        0,
        0,
        41,
        90,
        170,
        51,
        0,
        0,
        1,
        35,
        80,
        76,
        84,
        69,
        56,
        94,
        255,
        255,
        255,
        255,
        56,
        94,
        255,
        56,
        94,
        255,
        56,
        94,
        255,
        56,
        94,
        255,
        56,
        94,
        255,
        56,
        94,
        255,
        56,
        94,
        255,
        56,
        94,
        255,
        56,
        94,
        255,
        56,
        94,
        255,
        56,
        94,
        255,
        56,
        94,
        255,
        56,
        94,
        255,
        56,
        94,
        255,
        56,
        94,
        255,
        56,
        94,
        255,
        56,
        94,
        255,
        56,
        94,
        255,
        56,
        94,
        255,
        56,
        94,
        255,
        56,
        94,
        255,
        56,
        94,
        255,
        56,
        94,
        255,
        56,
        94,
        255,
        56,
        94,
        255,
        56,
        94,
        255,
        56,
        94,
        255,
        56,
        94,
        255,
        56,
        94,
        255,
        56,
        94,
        255,
        56,
        94,
        255,
        56,
        94,
        255,
        56,
        94,
        255,
        56,
        94,
        255,
        56,
        94,
        255,
        56,
        94,
        255,
        56,
        94,
        255,
        56,
        94,
        255,
        56,
        94,
        255,
        56,
        94,
        255,
        56,
        94,
        255,
        56,
        94,
        255,
        56,
        94,
        255,
        56,
        94,
        255,
        56,
        94,
        255,
        56,
        94,
        255,
        56,
        94,
        255,
        56,
        94,
        255,
        56,
        94,
        255,
        56,
        94,
        255,
        56,
        94,
        255,
        56,
        94,
        255,
        56,
        94,
        255,
        56,
        94,
        255,
        56,
        94,
        255,
        56,
        94,
        255,
        56,
        94,
        255,
        56,
        94,
        255,
        56,
        94,
        255,
        56,
        94,
        255,
        56,
        94,
        255,
        56,
        94,
        255,
        56,
        94,
        255,
        56,
        94,
        255,
        56,
        94,
        255,
        56,
        94,
        255,
        56,
        94,
        255,
        56,
        94,
        255,
        56,
        94,
        255,
        56,
        94,
        255,
        56,
        94,
        255,
        56,
        94,
        255,
        56,
        94,
        255,
        56,
        94,
        255,
        56,
        94,
        255,
        56,
        94,
        255,
        56,
        94,
        255,
        56,
        94,
        255,
        56,
        94,
        255,
        56,
        94,
        255,
        56,
        94,
        255,
        56,
        94,
        255,
        56,
        94,
        255,
        56,
        94,
        255,
        56,
        94,
        255,
        56,
        94,
        255,
        56,
        94,
        255,
        56,
        94,
        255,
        56,
        94,
        255,
        56,
        94,
        255,
        56,
        94,
        255,
        56,
        94,
        255,
        56,
        94,
        255,
        56,
        94,
        255,
        56,
        94,
        255,
        49,
        68,
        97,
        167,
        0,
        0,
        0,
        96,
        116,
        82,
        78,
        83,
        0,
        0,
        1,
        2,
        6,
        8,
        9,
        11,
        12,
        13,
        17,
        18,
        20,
        26,
        31,
        37,
        41,
        43,
        45,
        47,
        48,
        51,
        53,
        55,
        57,
        62,
        63,
        66,
        74,
        76,
        78,
        80,
        83,
        85,
        87,
        90,
        94,
        98,
        100,
        103,
        105,
        112,
        114,
        119,
        126,
        127,
        131,
        133,
        135,
        144,
        146,
        148,
        155,
        157,
        158,
        160,
        161,
        162,
        165,
        167,
        174,
        176,
        179,
        180,
        181,
        182,
        183,
        184,
        186,
        188,
        194,
        198,
        199,
        201,
        208,
        211,
        215,
        219,
        220,
        221,
        226,
        227,
        230,
        232,
        235,
        238,
        240,
        244,
        245,
        246,
        247,
        248,
        250,
        251,
        252,
        253,
        104,
        183,
        6,
        148,
        0,
        0,
        1,
        172,
        73,
        68,
        65,
        84,
        56,
        203,
        149,
        149,
        231,
        86,
        131,
        64,
        16,
        133,
        175,
        96,
        199,
        134,
        61,
        54,
        136,
        162,
        177,
        43,
        177,
        71,
        13,
        54,
        236,
        5,
        75,
        196,
        238,
        190,
        255,
        83,
        184,
        134,
        147,
        132,
        217,
        93,
        146,
        195,
        247,
        107,
        114,
        231,
        158,
        19,
        118,
        102,
        118,
        22,
        160,
        24,
        150,
        235,
        7,
        33,
        99,
        97,
        224,
        187,
        150,
        193,
        133,
        166,
        24,
        196,
        169,
        219,
        222,
        55,
        139,
        241,
        237,
        217,
        122,
        130,
        89,
        115,
        238,
        153,
        196,
        189,
        163,
        169,
        204,
        230,
        5,
        83,
        114,
        97,
        202,
        230,
        220,
        7,
        75,
        224,
        35,
        39,
        152,
        245,
        60,
        171,
        67,
        94,
        143,
        155,
        245,
        2,
        171,
        75,
        65,
        143,
        153,
        243,
        172,
        1,
        249,
        154,
        57,
        199,
        26,
        146,
        171,
        152,
        77,
        225,
        108,
        79,
        197,
        173,
        189,
        147,
        23,
        225,
        148,
        102,
        100,
        214,
        104,
        205,
        142,
        70,
        162,
        170,
        103,
        124,
        90,
        65,
        173,
        108,
        118,
        136,
        184,
        80,
        171,
        252,
        34,
        73,
        56,
        255,
        102,
        157,
        244,
        109,
        157,
        155,
        166,
        47,
        223,
        223,
        206,
        167,
        120,
        176,
        70,
        122,
        169,
        115,
        179,
        29,
        87,
        30,
        91,
        129,
        213,
        40,
        92,
        1,
        154,
        31,
        226,
        57,
        155,
        155,
        189,
        184,
        176,
        10,
        12,
        85,
        226,
        12,
        176,
        28,
        207,
        121,
        77,
        48,
        200,
        156,
        141,
        2,
        155,
        149,
        120,
        27,
        152,
        32,
        51,
        104,
        192,
        34,
        167,
        104,
        3,
        170,
        127,
        125,
        6,
        140,
        145,
        164,
        5,
        151,
        252,
        30,
        70,
        127,
        53,
        222,
        0,
        102,
        72,
        210,
        5,
        173,
        230,
        235,
        97,
        169,
        18,
        134,
        189,
        192,
        62,
        73,
        250,
        8,
        18,
        250,
        251,
        53,
        9,
        12,
        254,
        16,
        41,
        64,
        168,
        246,
        190,
        141,
        3,
        93,
        119,
        84,
        11,
        161,
        246,
        150,
        120,
        207,
        59,
        175,
        68,
        85,
        109,
        254,
        228,
        222,
        238,
        27,
        73,
        86,
        127,
        6,
        31,
        144,
        30,
        249,
        246,
        134,
        202,
        3,
        62,
        55,
        163,
        229,
        86,
        150,
        3,
        161,
        116,
        17,
        187,
        192,
        172,
        66,
        246,
        133,
        166,
        68,
        44,
        1,
        59,
        10,
        217,
        21,
        218,
        29,
        49,
        7,
        156,
        42,
        100,
        75,
        24,
        164,
        136,
        121,
        224,
        74,
        86,
        249,
        32,
        209,
        17,
        141,
        184,
        238,
        203,
        254,
        200,
        170,
        39,
        14,
        127,
        61,
        108,
        233,
        90,
        37,
        83,
        190,
        86,
        194,
        133,
        253,
        231,
        184,
        99,
        224,
        85,
        18,
        29,
        213,
        42,
        224,
        100,
        129,
        3,
        105,
        153,
        106,
        234,
        37,
        195,
        138,
        237,
        102,
        137,
        169,
        151,
        140,
        98,
        125,
        253,
        38,
        175,
        175,
        116,
        139,
        49,
        221,
        202,
        77,
        181,
        204,
        211,
        61,
        19,
        41,
        31,
        160,
        116,
        79,
        91,
        186,
        71,
        179,
        241,
        115,
        252,
        7,
        27,
        76,
        18,
        133,
        41,
        29,
        20,
        37,
        0,
        0,
        0,
        0,
        73,
        69,
        78,
        68,
        174,
        66,
        96,
        130
      ]
    },
    "stat": {
      "dev": 16777220,
      "mode": 33188,
      "nlink": 1,
      "uid": 501,
      "gid": 20,
      "rdev": 0,
      "blksize": 4194304,
      "ino": 2088707,
      "size": 1368,
      "blocks": 8,
      "atime": "2018-04-17T07:59:11.792Z",
      "mtime": "2018-03-22T08:50:41.022Z",
      "ctime": "2018-03-22T08:50:41.022Z",
      "birthtime": "2018-03-22T08:50:41.022Z"
    },
    "history": [
      "/Users/jiangheng/Desktop/work-code/xxd-h5/src/mods/mypurse/imgs/query@2x.png"
    ],
    "path": "/Users/jiangheng/Desktop/work-code/xxd-h5/src/mods/mypurse/imgs/query@2x.png",
    "gulpCache$filePathChangedInsideTask": false,
    "gulpCache$fileBaseChangedInsideTask": false,
    "gulpCache$originalPath": "/Users/jiangheng/Desktop/work-code/xxd-h5/src/mods/mypurse/imgs/query@2x.png",
    "gulpCache$originalBase": "/Users/jiangheng/Desktop/work-code/xxd-h5/src/mods/"
  }
]