[
  {
    "cwd": "/Users/jiangheng/Desktop/work-code/xxd-h5",
    "base": "/Users/jiangheng/Desktop/work-code/xxd-h5/src/mods/",
    "contents": {
      "type": "Buffer",
      "data": [
        137,
        80,
        78,
        71,
        13,
        10,
        26,
        10,
        0,
        0,
        0,
        13,
        73,
        72,
        68,
        82,
        0,
        0,
        0,
        30,
        0,
        0,
        0,
        30,
        8,
        3,
        0,
        0,
        0,
        12,
        238,
        94,
        144,
        0,
        0,
        2,
        73,
        80,
        76,
        84,
        69,
        63,
        155,
        255,
        255,
        255,
        255,
        63,
        155,
        255,
        63,
        155,
        255,
        63,
        155,
        255,
        63,
        155,
        255,
        63,
        155,
        255,
        63,
        155,
        255,
        63,
        155,
        255,
        63,
        155,
        255,
        63,
        155,
        255,
        63,
        155,
        255,
        63,
        155,
        255,
        63,
        155,
        255,
        63,
        155,
        255,
        63,
        155,
        255,
        63,
        155,
        255,
        63,
        155,
        255,
        63,
        155,
        255,
        63,
        155,
        255,
        63,
        155,
        255,
        63,
        155,
        255,
        63,
        155,
        255,
        63,
        155,
        255,
        63,
        155,
        255,
        63,
        155,
        255,
        63,
        155,
        255,
        63,
        155,
        255,
        63,
        155,
        255,
        63,
        155,
        255,
        0,
        72,
        136,
        0,
        73,
        137,
        0,
        73,
        138,
        0,
        74,
        140,
        0,
        74,
        141,
        0,
        75,
        142,
        0,
        75,
        143,
        0,
        75,
        144,
        0,
        79,
        151,
        1,
        74,
        138,
        1,
        82,
        156,
        2,
        74,
        139,
        3,
        75,
        139,
        4,
        76,
        140,
        8,
        79,
        142,
        9,
        79,
        142,
        11,
        81,
        143,
        12,
        81,
        143,
        13,
        82,
        144,
        18,
        92,
        160,
        26,
        91,
        150,
        28,
        93,
        151,
        30,
        94,
        152,
        33,
        96,
        153,
        33,
        101,
        162,
        36,
        98,
        155,
        37,
        99,
        155,
        46,
        106,
        160,
        49,
        108,
        161,
        55,
        112,
        163,
        60,
        115,
        166,
        63,
        118,
        168,
        63,
        155,
        255,
        72,
        124,
        172,
        74,
        125,
        173,
        78,
        128,
        174,
        78,
        162,
        254,
        80,
        129,
        175,
        82,
        131,
        176,
        86,
        134,
        178,
        87,
        134,
        178,
        88,
        135,
        179,
        89,
        136,
        180,
        91,
        137,
        180,
        93,
        139,
        181,
        95,
        140,
        182,
        96,
        141,
        182,
        102,
        145,
        185,
        103,
        147,
        189,
        104,
        146,
        186,
        105,
        147,
        187,
        105,
        175,
        252,
        106,
        148,
        187,
        106,
        175,
        252,
        107,
        149,
        188,
        109,
        150,
        189,
        112,
        179,
        252,
        113,
        153,
        190,
        114,
        153,
        191,
        115,
        154,
        192,
        120,
        158,
        194,
        121,
        158,
        194,
        131,
        166,
        199,
        132,
        166,
        200,
        136,
        169,
        201,
        139,
        171,
        203,
        140,
        172,
        203,
        144,
        175,
        205,
        147,
        177,
        206,
        149,
        178,
        207,
        151,
        180,
        208,
        151,
        197,
        249,
        152,
        197,
        249,
        158,
        201,
        249,
        159,
        201,
        249,
        162,
        187,
        213,
        164,
        189,
        214,
        165,
        189,
        214,
        168,
        192,
        216,
        169,
        192,
        217,
        170,
        193,
        217,
        171,
        194,
        217,
        172,
        194,
        218,
        173,
        195,
        219,
        173,
        201,
        234,
        174,
        196,
        219,
        175,
        197,
        219,
        176,
        197,
        220,
        184,
        203,
        224,
        185,
        203,
        223,
        185,
        213,
        247,
        185,
        214,
        247,
        186,
        204,
        224,
        188,
        206,
        225,
        189,
        215,
        247,
        190,
        207,
        227,
        190,
        216,
        247,
        191,
        208,
        227,
        191,
        216,
        246,
        195,
        111,
        126,
        195,
        211,
        229,
        195,
        212,
        230,
        196,
        211,
        229,
        197,
        212,
        229,
        197,
        219,
        246,
        198,
        155,
        170,
        198,
        219,
        246,
        199,
        21,
        31,
        199,
        214,
        231,
        199,
        215,
        232,
        199,
        220,
        246,
        201,
        21,
        30,
        201,
        215,
        232,
        201,
        216,
        234,
        202,
        26,
        35,
        202,
        59,
        69,
        202,
        216,
        232,
        202,
        217,
        234,
        204,
        217,
        233,
        205,
        218,
        233,
        206,
        218,
        234,
        207,
        219,
        234,
        210,
        87,
        96,
        210,
        89,
        99,
        210,
        221,
        236,
        212,
        223,
        237,
        212,
        227,
        245,
        213,
        112,
        121,
        213,
        115,
        124,
        213,
        115,
        125,
        213,
        117,
        127,
        213,
        223,
        237,
        213,
        224,
        237,
        213,
        224,
        238,
        213,
        227,
        245,
        214,
        127,
        137,
        214,
        224,
        238,
        214,
        227,
        245,
        215,
        217,
        229,
        215,
        225,
        238,
        219,
        110,
        118,
        219,
        160,
        170,
        219,
        228,
        240,
        220,
        227,
        239,
        220,
        228,
        240,
        221,
        229,
        241,
        222,
        185,
        194,
        223,
        232,
        244,
        224,
        86,
        92,
        224,
        231,
        242,
        224,
        232,
        244,
        225,
        46,
        50,
        225,
        90,
        95,
        225,
        94,
        100,
        225,
        96,
        101,
        226,
        233,
        243,
        227,
        173,
        181,
        227,
        233,
        244,
        228,
        93,
        98,
        228,
        232,
        242,
        228,
        234,
        244,
        230,
        180,
        187,
        232,
        187,
        195,
        235,
        11,
        11,
        236,
        108,
        112,
        201,
        244,
        60,
        19,
        0,
        0,
        0,
        30,
        116,
        82,
        78,
        83,
        0,
        0,
        3,
        5,
        6,
        16,
        76,
        77,
        87,
        88,
        128,
        129,
        145,
        146,
        147,
        148,
        150,
        173,
        196,
        197,
        198,
        199,
        232,
        233,
        234,
        235,
        236,
        248,
        249,
        250,
        71,
        0,
        69,
        4,
        0,
        0,
        2,
        81,
        73,
        68,
        65,
        84,
        40,
        207,
        93,
        147,
        119,
        91,
        19,
        65,
        16,
        198,
        143,
        144,
        68,
        18,
        8,
        69,
        32,
        119,
        6,
        208,
        49,
        86,
        64,
        138,
        98,
        1,
        33,
        99,
        4,
        21,
        197,
        66,
        137,
        38,
        136,
        13,
        133,
        8,
        88,
        18,
        187,
        128,
        138,
        177,
        99,
        36,
        22,
        236,
        136,
        5,
        65,
        177,
        107,
        20,
        11,
        150,
        177,
        124,
        50,
        247,
        42,
        73,
        230,
        159,
        155,
        103,
        126,
        123,
        187,
        179,
        179,
        239,
        203,
        113,
        106,
        196,
        27,
        147,
        50,
        172,
        89,
        89,
        214,
        140,
        36,
        99,
        124,
        156,
        26,
        42,
        52,
        152,
        5,
        212,
        98,
        138,
        217,
        16,
        141,
        77,
        86,
        196,
        122,
        111,
        96,
        48,
        28,
        30,
        12,
        120,
        235,
        17,
        173,
        166,
        8,
        172,
        75,
        69,
        116,
        119,
        146,
        22,
        157,
        110,
        196,
        84,
        157,
        138,
        117,
        105,
        136,
        237,
        20,
        21,
        237,
        136,
        105,
        58,
        5,
        39,
        99,
        101,
        31,
        209,
        54,
        199,
        118,
        17,
        60,
        240,
        249,
        252,
        126,
        191,
        239,
        80,
        37,
        166,
        200,
        56,
        1,
        241,
        98,
        197,
        122,
        90,
        13,
        53,
        212,
        84,
        113,
        226,
        14,
        72,
        81,
        213,
        139,
        152,
        32,
        98,
        3,
        143,
        109,
        4,
        224,
        40,
        129,
        18,
        7,
        64,
        199,
        56,
        64,
        110,
        94,
        94,
        254,
        6,
        106,
        67,
        222,
        192,
        176,
        25,
        221,
        68,
        160,
        198,
        94,
        134,
        143,
        63,
        29,
        30,
        126,
        71,
        228,
        70,
        115,
        28,
        167,
        23,
        144,
        245,
        188,
        107,
        229,
        170,
        230,
        150,
        150,
        234,
        170,
        230,
        129,
        179,
        48,
        245,
        185,
        210,
        63,
        10,
        122,
        206,
        136,
        46,
        49,
        119,
        22,
        159,
        166,
        11,
        197,
        229,
        68,
        251,
        97,
        198,
        77,
        162,
        223,
        223,
        89,
        205,
        133,
        70,
        206,
        130,
        94,
        150,
        213,
        148,
        66,
        233,
        186,
        133,
        176,
        100,
        237,
        249,
        219,
        48,
        247,
        197,
        159,
        123,
        161,
        251,
        172,
        232,
        197,
        100,
        110,
        50,
        158,
        164,
        136,
        179,
        91,
        201,
        190,
        248,
        204,
        223,
        203,
        161,
        39,
        172,
        216,
        131,
        233,
        156,
        128,
        163,
        44,
        243,
        52,
        54,
        149,
        193,
        210,
        45,
        141,
        158,
        254,
        171,
        211,
        231,
        95,
        250,
        119,
        35,
        244,
        152,
        21,
        71,
        81,
        224,
        178,
        49,
        44,
        119,
        178,
        17,
        60,
        226,
        231,
        8,
        204,
        126,
        75,
        175,
        36,
        28,
        198,
        108,
        5,
        23,
        20,
        21,
        230,
        67,
        126,
        97,
        81,
        193,
        225,
        55,
        96,
        191,
        66,
        63,
        53,
        44,
        111,
        30,
        121,
        239,
        153,
        65,
        250,
        170,
        109,
        158,
        142,
        61,
        44,
        27,
        26,
        232,
        118,
        194,
        242,
        238,
        187,
        67,
        227,
        199,
        100,
        252,
        72,
        105,
        77,
        190,
        88,
        221,
        86,
        242,
        192,
        102,
        218,
        89,
        27,
        236,
        151,
        241,
        67,
        86,
        220,
        205,
        46,
        38,
        143,
        5,
        230,
        80,
        3,
        52,
        208,
        2,
        232,
        248,
        33,
        226,
        111,
        161,
        103,
        210,
        88,
        38,
        113,
        122,
        155,
        56,
        212,
        220,
        121,
        84,
        203,
        112,
        57,
        28,
        120,
        47,
        226,
        47,
        161,
        15,
        202,
        80,
        229,
        39,
        89,
        3,
        84,
        23,
        129,
        63,
        95,
        39,
        229,
        73,
        228,
        7,
        125,
        185,
        98,
        226,
        239,
        89,
        65,
        250,
        248,
        90,
        20,
        140,
        96,
        80,
        228,
        208,
        203,
        22,
        47,
        131,
        77,
        50,
        182,
        159,
        163,
        95,
        68,
        76,
        14,
        38,
        89,
        76,
        41,
        146,
        152,
        90,
        193,
        201,
        240,
        193,
        79,
        48,
        237,
        26,
        91,
        220,
        167,
        137,
        73,
        149,
        226,
        169,
        61,
        180,
        8,
        246,
        221,
        42,
        59,
        26,
        35,
        69,
        89,
        200,
        93,
        172,
        90,
        13,
        59,
        152,
        76,
        168,
        43,
        74,
        200,
        162,
        13,
        120,
        201,
        6,
        35,
        99,
        99,
        35,
        1,
        175,
        11,
        145,
        55,
        197,
        152,
        40,
        209,
        54,
        97,
        34,
        91,
        98,
        140,
        137,
        36,
        11,
        90,
        50,
        249,
        156,
        28,
        62,
        211,
        98,
        212,
        107,
        22,
        252,
        15,
        244,
        12,
        42,
        250,
        255,
        255,
        155,
        105,
        0,
        0,
        0,
        0,
        73,
        69,
        78,
        68,
        174,
        66,
        96,
        130
      ]
    },
    "stat": {
      "dev": 16777220,
      "mode": 33188,
      "nlink": 1,
      "uid": 501,
      "gid": 20,
      "rdev": 0,
      "blksize": 4194304,
      "ino": 2088715,
      "size": 1672,
      "blocks": 8,
      "atime": "2018-04-17T07:59:11.792Z",
      "mtime": "2018-03-22T08:50:41.026Z",
      "ctime": "2018-03-22T08:50:41.026Z",
      "birthtime": "2018-03-22T08:50:41.026Z"
    },
    "history": [
      "/Users/jiangheng/Desktop/work-code/xxd-h5/src/mods/mypurse/imgs/small_logo.png"
    ],
    "path": "/Users/jiangheng/Desktop/work-code/xxd-h5/src/mods/mypurse/imgs/small_logo.png",
    "gulpCache$filePathChangedInsideTask": false,
    "gulpCache$fileBaseChangedInsideTask": false,
    "gulpCache$originalPath": "/Users/jiangheng/Desktop/work-code/xxd-h5/src/mods/mypurse/imgs/small_logo.png",
    "gulpCache$originalBase": "/Users/jiangheng/Desktop/work-code/xxd-h5/src/mods/"
  }
]