[
  {
    "cwd": "/Users/jiangheng/Desktop/work-code/xxd-h5",
    "base": "/Users/jiangheng/Desktop/work-code/xxd-h5/src/mods/",
    "contents": {
      "type": "Buffer",
      "data": [
        137,
        80,
        78,
        71,
        13,
        10,
        26,
        10,
        0,
        0,
        0,
        13,
        73,
        72,
        68,
        82,
        0,
        0,
        0,
        19,
        0,
        0,
        0,
        31,
        8,
        6,
        0,
        0,
        0,
        5,
        146,
        246,
        183,
        0,
        0,
        0,
        240,
        73,
        68,
        65,
        84,
        72,
        137,
        173,
        150,
        189,
        10,
        129,
        97,
        20,
        128,
        31,
        217,
        149,
        34,
        139,
        209,
        36,
        70,
        89,
        100,
        147,
        77,
        246,
        239,
        10,
        236,
        184,
        1,
        23,
        224,
        2,
        172,
        46,
        67,
        6,
        155,
        217,
        200,
        34,
        201,
        96,
        98,
        48,
        40,
        125,
        134,
        247,
        61,
        57,
        108,
        206,
        119,
        158,
        122,
        215,
        167,
        211,
        249,
        125,
        33,
        27,
        21,
        96,
        5,
        108,
        128,
        66,
        22,
        81,
        21,
        56,
        0,
        105,
        124,
        117,
        171,
        168,
        6,
        156,
        148,
        104,
        108,
        21,
        53,
        129,
        75,
        148,
        188,
        128,
        145,
        85,
        212,
        6,
        174,
        74,
        148,
        88,
        69,
        93,
        224,
        22,
        69,
        79,
        96,
        96,
        21,
        245,
        129,
        71,
        20,
        61,
        128,
        158,
        85,
        52,
        140,
        145,
        164,
        49,
        178,
        142,
        85,
        148,
        16,
        114,
        147,
        18,
        114,
        213,
        178,
        138,
        70,
        124,
        74,
        127,
        38,
        84,
        209,
        196,
        84,
        137,
        142,
        132,
        190,
        50,
        49,
        83,
        162,
        61,
        161,
        211,
        255,
        38,
        7,
        204,
        149,
        104,
        7,
        148,
        45,
        162,
        60,
        176,
        80,
        162,
        45,
        80,
        180,
        70,
        180,
        84,
        162,
        53,
        25,
        54,
        64,
        67,
        137,
        238,
        64,
        201,
        42,
        114,
        143,
        12,
        28,
        115,
        166,
        35,
        116,
        169,
        166,
        198,
        165,
        207,
        52,
        110,
        19,
        32,
        184,
        205,
        166,
        224,
        182,
        53,
        4,
        183,
        125,
        38,
        184,
        109,
        90,
        193,
        237,
        6,
        8,
        110,
        215,
        73,
        112,
        187,
        155,
        194,
        239,
        69,
        159,
        100,
        21,
        186,
        253,
        53,
        132,
        175,
        95,
        208,
        27,
        47,
        32,
        102,
        204,
        121,
        93,
        71,
        69,
        0,
        0,
        0,
        0,
        73,
        69,
        78,
        68,
        174,
        66,
        96,
        130
      ]
    },
    "stat": {
      "dev": 16777220,
      "mode": 33188,
      "nlink": 1,
      "uid": 501,
      "gid": 20,
      "rdev": 0,
      "blksize": 4194304,
      "ino": 2088670,
      "size": 297,
      "blocks": 8,
      "atime": "2018-04-17T07:59:11.790Z",
      "mtime": "2018-03-22T08:50:41.015Z",
      "ctime": "2018-03-22T08:50:41.015Z",
      "birthtime": "2018-03-22T08:50:41.015Z"
    },
    "history": [
      "/Users/jiangheng/Desktop/work-code/xxd-h5/src/mods/login/imgs/arrow_left.png"
    ],
    "path": "/Users/jiangheng/Desktop/work-code/xxd-h5/src/mods/login/imgs/arrow_left.png",
    "gulpCache$filePathChangedInsideTask": false,
    "gulpCache$fileBaseChangedInsideTask": false,
    "gulpCache$originalPath": "/Users/jiangheng/Desktop/work-code/xxd-h5/src/mods/login/imgs/arrow_left.png",
    "gulpCache$originalBase": "/Users/jiangheng/Desktop/work-code/xxd-h5/src/mods/"
  },
  {
    "cwd": "/Users/jiangheng/Desktop/work-code/xxd-h5",
    "base": "/Users/jiangheng/Desktop/work-code/xxd-h5/src/mods/",
    "contents": {
      "type": "Buffer",
      "data": [
        137,
        80,
        78,
        71,
        13,
        10,
        26,
        10,
        0,
        0,
        0,
        13,
        73,
        72,
        68,
        82,
        0,
        0,
        0,
        19,
        0,
        0,
        0,
        31,
        8,
        6,
        0,
        0,
        0,
        5,
        146,
        246,
        183,
        0,
        0,
        0,
        240,
        73,
        68,
        65,
        84,
        72,
        137,
        173,
        150,
        189,
        10,
        129,
        97,
        20,
        128,
        31,
        217,
        149,
        34,
        139,
        209,
        36,
        70,
        89,
        100,
        147,
        77,
        246,
        239,
        10,
        236,
        184,
        1,
        23,
        224,
        2,
        172,
        46,
        67,
        6,
        155,
        217,
        200,
        34,
        201,
        96,
        98,
        48,
        40,
        125,
        134,
        247,
        61,
        57,
        108,
        206,
        119,
        158,
        122,
        215,
        167,
        211,
        249,
        125,
        33,
        27,
        21,
        96,
        5,
        108,
        128,
        66,
        22,
        81,
        21,
        56,
        0,
        105,
        124,
        117,
        171,
        168,
        6,
        156,
        148,
        104,
        108,
        21,
        53,
        129,
        75,
        148,
        188,
        128,
        145,
        85,
        212,
        6,
        174,
        74,
        148,
        88,
        69,
        93,
        224,
        22,
        69,
        79,
        96,
        96,
        21,
        245,
        129,
        71,
        20,
        61,
        128,
        158,
        85,
        52,
        140,
        145,
        164,
        49,
        178,
        142,
        85,
        148,
        16,
        114,
        147,
        18,
        114,
        213,
        178,
        138,
        70,
        124,
        74,
        127,
        38,
        84,
        209,
        196,
        84,
        137,
        142,
        132,
        190,
        50,
        49,
        83,
        162,
        61,
        161,
        211,
        255,
        38,
        7,
        204,
        149,
        104,
        7,
        148,
        45,
        162,
        60,
        176,
        80,
        162,
        45,
        80,
        180,
        70,
        180,
        84,
        162,
        53,
        25,
        54,
        64,
        67,
        137,
        238,
        64,
        201,
        42,
        114,
        143,
        12,
        28,
        115,
        166,
        35,
        116,
        169,
        166,
        198,
        165,
        207,
        52,
        110,
        19,
        32,
        184,
        205,
        166,
        224,
        182,
        53,
        4,
        183,
        125,
        38,
        184,
        109,
        90,
        193,
        237,
        6,
        8,
        110,
        215,
        73,
        112,
        187,
        155,
        194,
        239,
        69,
        159,
        100,
        21,
        186,
        253,
        53,
        132,
        175,
        95,
        208,
        27,
        47,
        32,
        102,
        204,
        121,
        93,
        71,
        69,
        0,
        0,
        0,
        0,
        73,
        69,
        78,
        68,
        174,
        66,
        96,
        130
      ]
    },
    "stat": {
      "dev": 16777220,
      "mode": 33188,
      "nlink": 1,
      "uid": 501,
      "gid": 20,
      "rdev": 0,
      "blksize": 4194304,
      "ino": 2088851,
      "size": 297,
      "blocks": 8,
      "atime": "2018-04-17T07:59:11.799Z",
      "mtime": "2018-03-22T08:50:41.056Z",
      "ctime": "2018-03-22T08:50:41.056Z",
      "birthtime": "2018-03-22T08:50:41.056Z"
    },
    "history": [
      "/Users/jiangheng/Desktop/work-code/xxd-h5/src/mods/register/imgs/arrow_left.png"
    ],
    "path": "/Users/jiangheng/Desktop/work-code/xxd-h5/src/mods/register/imgs/arrow_left.png",
    "gulpCache$filePathChangedInsideTask": true,
    "gulpCache$fileBaseChangedInsideTask": false,
    "gulpCache$originalPath": "/Users/jiangheng/Desktop/work-code/xxd-h5/src/mods/login/imgs/arrow_left.png",
    "gulpCache$originalBase": "/Users/jiangheng/Desktop/work-code/xxd-h5/src/mods/"
  }
]