[
  {
    "cwd": "/Users/jiangheng/Desktop/work-code/xxd-h5",
    "base": "/Users/jiangheng/Desktop/work-code/xxd-h5/src/mods/",
    "contents": {
      "type": "Buffer",
      "data": [
        137,
        80,
        78,
        71,
        13,
        10,
        26,
        10,
        0,
        0,
        0,
        13,
        73,
        72,
        68,
        82,
        0,
        0,
        0,
        44,
        0,
        0,
        0,
        38,
        8,
        6,
        0,
        0,
        0,
        191,
        31,
        121,
        103,
        0,
        0,
        4,
        237,
        73,
        68,
        65,
        84,
        120,
        218,
        212,
        153,
        123,
        108,
        143,
        87,
        24,
        199,
        219,
        186,
        174,
        252,
        212,
        101,
        138,
        185,
        132,
        185,
        150,
        209,
        186,
        180,
        46,
        53,
        51,
        54,
        36,
        238,
        50,
        100,
        33,
        36,
        18,
        66,
        106,
        11,
        50,
        198,
        214,
        253,
        225,
        82,
        68,
        37,
        179,
        108,
        252,
        101,
        34,
        17,
        98,
        68,
        221,
        239,
        196,
        101,
        238,
        98,
        110,
        139,
        136,
        182,
        116,
        89,
        149,
        198,
        93,
        134,
        180,
        186,
        214,
        247,
        73,
        190,
        175,
        156,
        158,
        156,
        115,
        222,
        247,
        215,
        74,
        27,
        39,
        249,
        228,
        253,
        189,
        239,
        57,
        239,
        251,
        126,
        251,
        156,
        231,
        60,
        207,
        115,
        222,
        70,
        150,
        148,
        148,
        68,
        188,
        79,
        173,
        106,
        226,
        146,
        71,
        149,
        241,
        222,
        190,
        32,
        1,
        180,
        0,
        13,
        64,
        21,
        240,
        0,
        252,
        5,
        246,
        93,
        76,
        109,
        240,
        204,
        42,
        184,
        18,
        196,
        254,
        1,
        198,
        57,
        250,
        95,
        195,
        136,
        123,
        112,
        76,
        131,
        240,
        75,
        122,
        103,
        100,
        143,
        197,
        15,
        43,
        82,
        108,
        107,
        144,
        21,
        112,
        172,
        248,
        234,
        106,
        48,
        15,
        194,
        95,
        121,
        23,
        163,
        42,
        216,
        186,
        247,
        192,
        253,
        128,
        99,
        35,
        193,
        76,
        112,
        10,
        22,
        111,
        88,
        89,
        130,
        95,
        130,
        36,
        144,
        2,
        134,
        128,
        90,
        32,
        26,
        116,
        1,
        223,
        130,
        107,
        134,
        123,
        186,
        129,
        131,
        16,
        29,
        253,
        46,
        92,
        162,
        58,
        248,
        132,
        139,
        71,
        166,
        237,
        60,
        120,
        26,
        206,
        3,
        48,
        221,
        165,
        206,
        33,
        108,
        48,
        14,
        107,
        192,
        199,
        218,
        208,
        149,
        24,
        59,
        183,
        172,
        130,
        251,
        129,
        25,
        96,
        40,
        8,
        41,
        215,
        95,
        240,
        250,
        134,
        128,
        207,
        169,
        15,
        10,
        33,
        228,
        63,
        77,
        116,
        61,
        28,
        246,
        130,
        222,
        202,
        229,
        2,
        208,
        42,
        92,
        193,
        221,
        193,
        47,
        32,
        217,
        181,
        202,
        105,
        113,
        151,
        175,
        202,
        172,
        156,
        6,
        117,
        120,
        158,
        79,
        129,
        203,
        32,
        62,
        139,
        162,
        99,
        100,
        2,
        64,
        91,
        229,
        190,
        121,
        81,
        97,
        76,
        253,
        10,
        62,
        32,
        217,
        103,
        108,
        53,
        48,
        200,
        103,
        76,
        146,
        34,
        86,
        90,
        35,
        48,
        69,
        226,
        48,
        132,
        38,
        210,
        85,
        158,
        113,
        209,
        169,
        109,
        112,
        16,
        193,
        77,
        192,
        25,
        48,
        151,
        43,
        55,
        72,
        107,
        233,
        211,
        191,
        129,
        2,
        191,
        6,
        195,
        104,
        140,
        34,
        186,
        215,
        122,
        136,
        246,
        222,
        115,
        68,
        155,
        169,
        14,
        126,
        137,
        67,
        166,
        227,
        40,
        104,
        30,
        166,
        143,
        223,
        213,
        206,
        197,
        48,
        113,
        116,
        133,
        104,
        138,
        216,
        34,
        62,
        207,
        69,
        183,
        23,
        34,
        159,
        136,
        75,
        128,
        142,
        32,
        30,
        92,
        65,
        95,
        49,
        174,
        139,
        177,
        198,
        240,
        57,
        181,
        93,
        22,
        110,
        3,
        142,
        149,
        65,
        172,
        180,
        155,
        116,
        13,
        177,
        224,
        54,
        32,
        211,
        251,
        55,
        216,
        12,
        214,
        73,
        250,
        5,
        121,
        180,
        174,
        154,
        1,
        223,
        90,
        82,
        249,
        253,
        175,
        254,
        151,
        219,
        196,
        30,
        7,
        77,
        203,
        24,
        238,
        118,
        3,
        177,
        216,
        38,
        90,
        167,
        182,
        97,
        140,
        248,
        240,
        70,
        46,
        174,
        8,
        109,
        234,
        107,
        90,
        202,
        135,
        7,
        38,
        193,
        177,
        224,
        80,
        57,
        196,
        74,
        171,
        199,
        164,
        224,
        215,
        234,
        48,
        68,
        122,
        33,
        206,
        107,
        106,
        241,
        211,
        81,
        249,
        157,
        169,
        251,
        176,
        248,
        151,
        20,
        30,
        173,
        42,
        48,
        251,
        125,
        192,
        163,
        184,
        200,
        42,
        32,
        22,
        63,
        192,
        208,
        38,
        209,
        169,
        167,
        50,
        246,
        164,
        46,
        248,
        103,
        25,
        87,
        193,
        233,
        250,
        2,
        195,
        152,
        20,
        59,
        179,
        13,
        197,
        82,
        180,
        77,
        240,
        72,
        48,
        45,
        192,
        11,
        10,
        248,
        146,
        179,
        224,
        54,
        35,
        194,
        99,
        198,
        106,
        105,
        117,
        153,
        86,
        37,
        42,
        124,
        225,
        19,
        226,
        182,
        67,
        104,
        142,
        163,
        63,
        27,
        236,
        7,
        189,
        192,
        97,
        112,
        206,
        203,
        116,
        49,
        92,
        217,
        141,
        29,
        55,
        75,
        76,
        92,
        11,
        118,
        80,
        116,
        208,
        214,
        30,
        76,
        5,
        211,
        13,
        126,
        45,
        17,
        32,
        157,
        69,
        123,
        118,
        160,
        18,
        142,
        130,
        37,
        254,
        205,
        183,
        140,
        57,
        195,
        140,
        115,
        185,
        156,
        83,
        223,
        152,
        69,
        205,
        104,
        75,
        191,
        132,
        188,
        20,
        8,
        127,
        236,
        39,
        56,
        196,
        105,
        13,
        105,
        125,
        197,
        32,
        21,
        44,
        103,
        49,
        173,
        54,
        153,
        242,
        81,
        220,
        230,
        52,
        101,
        6,
        204,
        225,
        98,
        145,
        25,
        40,
        116,
        188,
        83,
        158,
        247,
        189,
        195,
        5,
        250,
        67,
        116,
        174,
        75,
        240,
        100,
        73,
        135,
        6,
        177,
        147,
        36,
        78,
        26,
        194,
        213,
        175,
        96,
        130,
        67,
        80,
        38,
        24,
        11,
        174,
        58,
        10,
        243,
        93,
        90,
        210,
        40,
        85,
        113,
        130,
        62,
        16,
        93,
        100,
        234,
        140,
        162,
        165,
        244,
        150,
        102,
        16,
        43,
        139,
        233,
        148,
        143,
        88,
        47,
        157,
        75,
        28,
        255,
        208,
        177,
        245,
        89,
        224,
        184,
        63,
        209,
        162,
        233,
        173,
        224,
        68,
        67,
        29,
        144,
        102,
        24,
        251,
        155,
        22,
        196,
        93,
        77,
        146,
        207,
        79,
        142,
        126,
        73,
        211,
        185,
        142,
        254,
        110,
        46,
        193,
        77,
        12,
        206,
        95,
        96,
        176,
        154,
        203,
        178,
        123,
        184,
        56,
        213,
        54,
        209,
        167,
        186,
        203,
        243,
        201,
        128,
        86,
        193,
        250,
        2,
        185,
        100,
        24,
        55,
        68,
        59,
        63,
        207,
        5,
        246,
        130,
        105,
        116,
        148,
        97,
        29,
        212,
        103,
        33,
        111,
        107,
        117,
        29,
        125,
        249,
        174,
        239,
        18,
        50,
        61,
        61,
        148,
        107,
        166,
        21,
        30,
        167,
        248,
        223,
        87,
        32,
        131,
        231,
        31,
        241,
        15,
        204,
        224,
        199,
        145,
        160,
        223,
        61,
        98,
        181,
        157,
        132,
        222,
        142,
        187,
        44,
        124,
        216,
        144,
        14,
        35,
        12,
        53,
        134,
        55,
        245,
        25,
        218,
        180,
        158,
        4,
        35,
        180,
        226,
        37,
        130,
        155,
        82,
        155,
        159,
        78,
        113,
        184,
        203,
        77,
        46,
        110,
        171,
        224,
        245,
        90,
        156,
        29,
        99,
        24,
        247,
        80,
        177,
        176,
        62,
        173,
        253,
        44,
        207,
        222,
        98,
        201,
        136,
        146,
        170,
        127,
        112,
        88,
        119,
        1,
        235,
        10,
        171,
        224,
        91,
        90,
        8,
        235,
        105,
        16,
        189,
        147,
        71,
        177,
        228,
        18,
        70,
        150,
        241,
        180,
        132,
        41,
        157,
        223,
        177,
        36,
        135,
        24,
        38,
        150,
        144,
        69,
        79,
        6,
        196,
        238,
        112,
        133,
        31,
        175,
        30,
        158,
        163,
        57,
        250,
        239,
        160,
        179,
        114,
        254,
        39,
        75,
        63,
        105,
        63,
        178,
        248,
        145,
        104,
        210,
        201,
        18,
        178,
        190,
        52,
        44,
        156,
        22,
        244,
        205,
        120,
        139,
        22,
        249,
        16,
        56,
        217,
        47,
        94,
        122,
        130,
        229,
        203,
        225,
        112,
        240,
        92,
        75,
        18,
        170,
        165,
        103,
        115,
        55,
        188,
        211,
        50,
        213,
        185,
        76,
        8,
        73,
        76,
        177,
        106,
        27,
        71,
        65,
        9,
        22,
        29,
        178,
        14,
        6,
        232,
        223,
        39,
        92,
        197,
        143,
        215,
        36,
        90,
        108,
        7,
        205,
        212,
        105,
        98,
        18,
        184,
        161,
        109,
        97,
        18,
        24,
        37,
        138,
        40,
        240,
        134,
        193,
        199,
        63,
        227,
        189,
        3,
        45,
        239,
        151,
        18,
        96,
        41,
        88,
        104,
        75,
        197,
        65,
        190,
        94,
        74,
        208,
        94,
        196,
        10,
        173,
        138,
        22,
        106,
        182,
        210,
        61,
        110,
        89,
        172,
        44,
        62,
        218,
        21,
        124,
        206,
        122,
        34,
        206,
        241,
        110,
        217,
        141,
        207,
        129,
        208,
        107,
        225,
        148,
        124,
        166,
        56,
        41,
        110,
        49,
        139,
        187,
        143,
        111,
        24,
        130,
        164,
        232,
        233,
        79,
        60,
        203,
        252,
        163,
        184,
        80,
        117,
        206,
        74,
        200,
        231,
        125,
        197,
        12,
        141,
        233,
        174,
        208,
        21,
        174,
        96,
        175,
        137,
        160,
        239,
        232,
        151,
        3,
        185,
        35,
        249,
        148,
        245,
        68,
        84,
        24,
        251,
        62,
        201,
        134,
        39,
        228,
        11,
        36,
        183,
        242,
        249,
        229,
        41,
        170,
        131,
        124,
        129,
        127,
        205,
        52,
        124,
        64,
        113,
        25,
        201,
        82,
        237,
        88,
        11,
        199,
        210,
        21,
        106,
        208,
        130,
        79,
        41,
        74,
        66,
        219,
        117,
        186,
        207,
        255,
        239,
        106,
        3,
        24,
        249,
        190,
        253,
        83,
        230,
        141,
        0,
        3,
        0,
        44,
        17,
        72,
        93,
        247,
        237,
        35,
        19,
        0,
        0,
        0,
        0,
        73,
        69,
        78,
        68,
        174,
        66,
        96,
        130
      ]
    },
    "stat": {
      "dev": 16777220,
      "mode": 33188,
      "nlink": 1,
      "uid": 501,
      "gid": 20,
      "rdev": 0,
      "blksize": 4194304,
      "ino": 2088612,
      "size": 2175,
      "blocks": 8,
      "atime": "2018-04-17T07:59:11.786Z",
      "mtime": "2018-03-22T08:50:40.991Z",
      "ctime": "2018-03-22T08:50:40.991Z",
      "birthtime": "2018-03-22T08:50:40.991Z"
    },
    "history": [
      "/Users/jiangheng/Desktop/work-code/xxd-h5/src/mods/contactus/imgs/wb_icon@3x.png"
    ],
    "path": "/Users/jiangheng/Desktop/work-code/xxd-h5/src/mods/contactus/imgs/wb_icon@3x.png",
    "gulpCache$filePathChangedInsideTask": false,
    "gulpCache$fileBaseChangedInsideTask": false,
    "gulpCache$originalPath": "/Users/jiangheng/Desktop/work-code/xxd-h5/src/mods/contactus/imgs/wb_icon@3x.png",
    "gulpCache$originalBase": "/Users/jiangheng/Desktop/work-code/xxd-h5/src/mods/"
  }
]