[
  {
    "cwd": "/Users/jiangheng/Desktop/work-code/xxd-h5",
    "base": "/Users/jiangheng/Desktop/work-code/xxd-h5/src/mods/",
    "contents": {
      "type": "Buffer",
      "data": [
        137,
        80,
        78,
        71,
        13,
        10,
        26,
        10,
        0,
        0,
        0,
        13,
        73,
        72,
        68,
        82,
        0,
        0,
        0,
        24,
        0,
        0,
        0,
        24,
        8,
        6,
        0,
        0,
        0,
        224,
        119,
        61,
        248,
        0,
        0,
        2,
        34,
        73,
        68,
        65,
        84,
        120,
        218,
        164,
        150,
        205,
        75,
        84,
        81,
        24,
        135,
        199,
        233,
        106,
        162,
        153,
        134,
        134,
        105,
        74,
        129,
        36,
        185,
        40,
        45,
        72,
        193,
        69,
        168,
        56,
        132,
        186,
        17,
        12,
        73,
        250,
        248,
        27,
        148,
        72,
        237,
        99,
        161,
        11,
        251,
        66,
        132,
        90,
        185,
        112,
        161,
        139,
        8,
        191,
        72,
        193,
        133,
        226,
        198,
        64,
        5,
        11,
        17,
        145,
        22,
        209,
        162,
        18,
        42,
        105,
        50,
        195,
        212,
        133,
        226,
        199,
        243,
        194,
        59,
        112,
        24,
        134,
        241,
        156,
        241,
        192,
        195,
        57,
        247,
        158,
        123,
        127,
        191,
        51,
        239,
        125,
        207,
        123,
        38,
        110,
        227,
        65,
        188,
        207,
        177,
        29,
        131,
        58,
        184,
        5,
        133,
        144,
        6,
        65,
        88,
        132,
        33,
        24,
        78,
        126,
        185,
        189,
        23,
        122,
        216,
        239,
        40,
        126,
        1,
        62,
        66,
        63,
        84,
        193,
        119,
        24,
        135,
        21,
        168,
        133,
        1,
        248,
        176,
        217,
        156,
        112,
        62,
        22,
        131,
        124,
        152,
        133,
        203,
        240,
        12,
        178,
        161,
        130,
        213,
        222,
        134,
        50,
        198,
        57,
        240,
        10,
        174,
        192,
        52,
        38,
        217,
        46,
        6,
        158,
        174,
        46,
        21,
        106,
        224,
        17,
        172,
        133,
        38,
        17,
        75,
        144,
        208,
        97,
        212,
        72,
        127,
        19,
        178,
        160,
        215,
        197,
        160,
        65,
        227,
        221,
        14,
        19,
        230,
        4,
        226,
        197,
        116,
        63,
        225,
        23,
        227,
        65,
        250,
        17,
        120,
        14,
        1,
        174,
        43,
        109,
        13,
        238,
        138,
        22,
        188,
        142,
        48,
        119,
        31,
        210,
        117,
        44,
        171,
        47,
        133,
        78,
        216,
        134,
        59,
        182,
        6,
        215,
        96,
        14,
        254,
        71,
        152,
        251,
        99,
        140,
        247,
        225,
        55,
        161,
        146,
        240,
        45,
        65,
        177,
        103,
        105,
        144,
        22,
        38,
        100,
        182,
        54,
        56,
        3,
        23,
        161,
        11,
        241,
        47,
        122,
        255,
        47,
        228,
        217,
        26,
        72,
        158,
        103,
        70,
        154,
        64,
        48,
        168,
        251,
        34,
        188,
        101,
        192,
        170,
        109,
        136,
        100,
        19,
        149,
        192,
        73,
        155,
        135,
        249,
        184,
        167,
        53,
        41,
        22,
        108,
        12,
        146,
        224,
        28,
        36,
        194,
        37,
        203,
        5,
        53,
        105,
        134,
        190,
        245,
        91,
        136,
        143,
        233,
        14,
        126,
        1,
        51,
        22,
        171,
        175,
        166,
        107,
        214,
        164,
        120,
        231,
        89,
        136,
        151,
        171,
        120,
        107,
        88,
        86,
        125,
        130,
        45,
        67,
        56,
        69,
        87,
        254,
        68,
        19,
        162,
        129,
        239,
        179,
        239,
        197,
        32,
        46,
        155,
        168,
        5,
        254,
        105,
        73,
        88,
        165,
        63,
        171,
        249,
        47,
        239,
        205,
        67,
        61,
        226,
        95,
        67,
        37,
        192,
        69,
        252,
        169,
        138,
        127,
        214,
        66,
        39,
        191,
        228,
        148,
        154,
        77,
        65,
        159,
        84,
        84,
        179,
        154,
        122,
        14,
        226,
        1,
        120,
        168,
        177,
        173,
        8,
        133,
        7,
        177,
        168,
        223,
        196,
        111,
        41,
        46,
        173,
        210,
        40,
        13,
        91,
        62,
        135,
        42,
        121,
        152,
        248,
        113,
        221,
        100,
        249,
        122,
        189,
        228,
        114,
        128,
        120,
        135,
        136,
        95,
        133,
        247,
        112,
        194,
        168,
        59,
        235,
        174,
        6,
        61,
        81,
        194,
        18,
        80,
        241,
        110,
        88,
        134,
        81,
        215,
        243,
        85,
        12,
        110,
        232,
        73,
        101,
        138,
        231,
        106,
        9,
        46,
        208,
        107,
        49,
        255,
        230,
        139,
        161,
        121,
        122,
        136,
        7,
        141,
        123,
        173,
        154,
        142,
        113,
        70,
        88,
        126,
        248,
        98,
        108,
        158,
        230,
        240,
        117,
        61,
        137,
        164,
        230,
        20,
        129,
        148,
        220,
        55,
        82,
        219,
        97,
        18,
        118,
        142,
        98,
        240,
        24,
        58,
        64,
        14,
        238,
        93,
        249,
        219,
        1,
        247,
        92,
        82,
        49,
        90,
        59,
        16,
        96,
        0,
        233,
        174,
        148,
        164,
        136,
        39,
        242,
        244,
        0,
        0,
        0,
        0,
        73,
        69,
        78,
        68,
        174,
        66,
        96,
        130
      ]
    },
    "stat": {
      "dev": 16777220,
      "mode": 33188,
      "nlink": 1,
      "uid": 501,
      "gid": 20,
      "rdev": 0,
      "blksize": 4194304,
      "ino": 2088789,
      "size": 1460,
      "blocks": 8,
      "atime": "2018-04-17T07:59:11.795Z",
      "mtime": "2018-03-22T08:50:41.043Z",
      "ctime": "2018-03-22T08:50:41.043Z",
      "birthtime": "2018-03-22T08:50:41.043Z"
    },
    "history": [
      "/Users/jiangheng/Desktop/work-code/xxd-h5/src/mods/personal/imgs/key_icon@2x.png"
    ],
    "path": "/Users/jiangheng/Desktop/work-code/xxd-h5/src/mods/personal/imgs/key_icon@2x.png",
    "gulpCache$filePathChangedInsideTask": false,
    "gulpCache$fileBaseChangedInsideTask": false,
    "gulpCache$originalPath": "/Users/jiangheng/Desktop/work-code/xxd-h5/src/mods/personal/imgs/key_icon@2x.png",
    "gulpCache$originalBase": "/Users/jiangheng/Desktop/work-code/xxd-h5/src/mods/"
  }
]