[
  {
    "cwd": "/Users/jiangheng/Desktop/work-code/xxd-h5",
    "base": "/Users/jiangheng/Desktop/work-code/xxd-h5/src/mods/",
    "contents": {
      "type": "Buffer",
      "data": [
        137,
        80,
        78,
        71,
        13,
        10,
        26,
        10,
        0,
        0,
        0,
        13,
        73,
        72,
        68,
        82,
        0,
        0,
        0,
        48,
        0,
        0,
        0,
        48,
        8,
        6,
        0,
        0,
        0,
        87,
        2,
        249,
        135,
        0,
        0,
        5,
        70,
        73,
        68,
        65,
        84,
        104,
        129,
        197,
        154,
        91,
        168,
        85,
        69,
        24,
        199,
        127,
        123,
        123,
        42,
        50,
        83,
        187,
        72,
        101,
        146,
        218,
        213,
        52,
        40,
        42,
        8,
        203,
        162,
        27,
        149,
        80,
        162,
        221,
        47,
        22,
        34,
        81,
        68,
        133,
        209,
        131,
        101,
        65,
        129,
        148,
        4,
        146,
        249,
        96,
        244,
        80,
        25,
        69,
        84,
        160,
        81,
        208,
        67,
        164,
        149,
        164,
        97,
        55,
        233,
        66,
        161,
        165,
        5,
        102,
        102,
        65,
        166,
        169,
        199,
        188,
        251,
        235,
        97,
        246,
        174,
        229,
        236,
        89,
        123,
        173,
        189,
        207,
        62,
        167,
        15,
        230,
        97,
        205,
        124,
        255,
        153,
        255,
        55,
        247,
        239,
        155,
        85,
        81,
        233,
        144,
        156,
        8,
        156,
        5,
        140,
        2,
        70,
        0,
        3,
        128,
        254,
        192,
        94,
        160,
        27,
        216,
        0,
        172,
        6,
        86,
        2,
        95,
        214,
        242,
        123,
        44,
        93,
        61,
        192,
        86,
        128,
        113,
        192,
        100,
        224,
        74,
        96,
        120,
        11,
        216,
        173,
        192,
        82,
        224,
        13,
        224,
        109,
        96,
        123,
        219,
        44,
        212,
        86,
        211,
        193,
        234,
        221,
        234,
        106,
        59,
        35,
        219,
        212,
        103,
        212,
        227,
        90,
        224,
        48,
        94,
        125,
        81,
        157,
        212,
        42,
        249,
        235,
        212,
        159,
        59,
        68,
        60,
        150,
        221,
        234,
        44,
        181,
        127,
        1,
        135,
        155,
        50,
        152,
        29,
        21,
        203,
        173,
        129,
        163,
        129,
        249,
        192,
        53,
        37,
        167,
        199,
        106,
        224,
        79,
        96,
        39,
        80,
        5,
        142,
        32,
        172,
        139,
        97,
        37,
        240,
        235,
        128,
        59,
        128,
        143,
        18,
        101,
        103,
        1,
        203,
        129,
        67,
        107,
        223,
        107,
        203,
        244,
        250,
        249,
        234,
        250,
        38,
        61,
        183,
        75,
        125,
        83,
        157,
        162,
        142,
        44,
        168,
        235,
        112,
        245,
        42,
        117,
        174,
        250,
        91,
        147,
        58,
        247,
        169,
        143,
        168,
        149,
        12,
        118,
        136,
        186,
        54,
        210,
        187,
        189,
        136,
        252,
        68,
        117,
        71,
        78,
        35,
        27,
        107,
        141,
        28,
        89,
        162,
        19,
        82,
        169,
        159,
        58,
        73,
        253,
        180,
        137,
        33,
        243,
        107,
        122,
        93,
        234,
        146,
        168,
        108,
        177,
        218,
        116,
        17,
        223,
        88,
        235,
        137,
        88,
        246,
        170,
        115,
        212,
        129,
        109,
        18,
        79,
        165,
        155,
        213,
        13,
        57,
        70,
        44,
        80,
        231,
        69,
        121,
        127,
        171,
        39,
        54,
        51,
        224,
        82,
        195,
        162,
        138,
        101,
        157,
        122,
        65,
        7,
        137,
        103,
        211,
        17,
        234,
        91,
        57,
        70,
        196,
        50,
        189,
        142,
        75,
        85,
        116,
        130,
        186,
        41,
        1,
        250,
        194,
        48,
        15,
        123,
        131,
        124,
        61,
        85,
        212,
        39,
        10,
        200,
        127,
        101,
        152,
        82,
        73,
        3,
        186,
        212,
        79,
        18,
        160,
        229,
        234,
        128,
        94,
        38,
        159,
        77,
        51,
        114,
        200,
        239,
        83,
        207,
        205,
        234,
        198,
        192,
        7,
        18,
        160,
        85,
        182,
        191,
        80,
        219,
        77,
        135,
        152,
        222,
        165,
        126,
        87,
        171,
        121,
        6,
        28,
        171,
        110,
        141,
        0,
        219,
        213,
        49,
        125,
        76,
        30,
        195,
        41,
        155,
        39,
        247,
        228,
        25,
        48,
        39,
        161,
        60,
        237,
        127,
        32,
        127,
        127,
        19,
        242,
        170,
        191,
        24,
        174,
        51,
        7,
        24,
        112,
        148,
        218,
        29,
        41,
        126,
        109,
        102,
        177,
        244,
        81,
        186,
        68,
        221,
        83,
        96,
        128,
        234,
        93,
        177,
        1,
        211,
        18,
        74,
        19,
        251,
        152,
        252,
        112,
        245,
        143,
        4,
        143,
        77,
        54,
        238,
        138,
        43,
        98,
        3,
        86,
        68,
        10,
        223,
        123,
        224,
        49,
        222,
        219,
        169,
        191,
        97,
        196,
        83,
        50,
        85,
        125,
        44,
        145,
        63,
        186,
        110,
        192,
        176,
        68,
        225,
        140,
        62,
        36,
        95,
        81,
        223,
        200,
        33,
        255,
        97,
        173,
        124,
        68,
        162,
        236,
        225,
        186,
        1,
        147,
        19,
        133,
        39,
        247,
        161,
        1,
        15,
        229,
        144,
        223,
        169,
        158,
        146,
        209,
        251,
        44,
        42,
        95,
        164,
        82,
        5,
        46,
        136,
        174,
        172,
        191,
        0,
        63,
        150,
        184,
        246,
        118,
        66,
        198,
        3,
        179,
        114,
        202,
        102,
        2,
        107,
        50,
        223,
        75,
        162,
        242,
        177,
        16,
        238,
        234,
        163,
        162,
        130,
        207,
        75,
        54,
        126,
        27,
        240,
        52,
        193,
        157,
        108,
        71,
        78,
        5,
        94,
        175,
        113,
        136,
        229,
        59,
        96,
        118,
        148,
        247,
        105,
        244,
        61,
        0,
        24,
        134,
        250,
        107,
        52,
        52,
        79,
        148,
        24,
        246,
        251,
        34,
        204,
        114,
        245,
        226,
        22,
        166,
        205,
        64,
        117,
        101,
        206,
        212,
        217,
        175,
        158,
        151,
        192,
        140,
        78,
        232,
        94,
        84,
        5,
        6,
        69,
        150,
        109,
        40,
        209,
        123,
        19,
        163,
        239,
        177,
        132,
        33,
        126,
        15,
        56,
        167,
        0,
        91,
        1,
        94,
        5,
        78,
        207,
        41,
        159,
        7,
        124,
        150,
        200,
        79,
        241,
        58,
        178,
        10,
        28,
        22,
        101,
        118,
        23,
        16,
        0,
        88,
        148,
        147,
        127,
        5,
        176,
        2,
        88,
        216,
        132,
        224,
        76,
        242,
        93,
        211,
        245,
        192,
        163,
        57,
        101,
        127,
        37,
        242,
        6,
        146,
        24,
        150,
        59,
        74,
        76,
        129,
        126,
        54,
        191,
        175,
        104,
        112,
        124,
        94,
        50,
        92,
        207,
        235,
        184,
        107,
        11,
        48,
        19,
        154,
        180,
        89,
        73,
        113,
        197,
        198,
        43,
        196,
        189,
        37,
        12,
        168,
        87,
        248,
        84,
        1,
        33,
        13,
        142,
        209,
        92,
        245,
        178,
        68,
        91,
        89,
        89,
        80,
        208,
        222,
        224,
        4,
        102,
        34,
        54,
        186,
        114,
        179,
        74,
        26,
        80,
        79,
        15,
        150,
        48,
        162,
        72,
        254,
        50,
        220,
        134,
        155,
        181,
        115,
        70,
        2,
        55,
        174,
        74,
        8,
        129,
        100,
        37,
        222,
        86,
        139,
        100,
        14,
        48,
        5,
        216,
        223,
        34,
        46,
        43,
        211,
        129,
        223,
        11,
        116,
        78,
        75,
        228,
        253,
        84,
        5,
        190,
        143,
        50,
        207,
        107,
        131,
        192,
        203,
        132,
        157,
        105,
        71,
        27,
        216,
        101,
        192,
        243,
        37,
        244,
        198,
        70,
        223,
        91,
        128,
        223,
        170,
        52,
        30,
        16,
        67,
        129,
        209,
        109,
        16,
        121,
        135,
        112,
        168,
        109,
        109,
        1,
        179,
        27,
        184,
        11,
        40,
        19,
        93,
        187,
        60,
        250,
        254,
        24,
        194,
        41,
        248,
        126,
        66,
        249,
        198,
        22,
        72,
        100,
        101,
        25,
        112,
        33,
        197,
        211,
        161,
        46,
        79,
        210,
        56,
        3,
        82,
        50,
        10,
        56,
        51,
        202,
        251,
        0,
        248,
        247,
        58,
        29,
        95,
        101,
        215,
        218,
        51,
        103,
        230,
        36,
        245,
        199,
        130,
        133,
        187,
        210,
        140,
        103,
        85,
        144,
        102,
        39,
        240,
        35,
        245,
        63,
        127,
        32,
        229,
        204,
        223,
        214,
        3,
        3,
        80,
        143,
        81,
        191,
        201,
        33,
        191,
        223,
        242,
        241,
        165,
        193,
        134,
        8,
        118,
        86,
        150,
        214,
        203,
        235,
        74,
        67,
        108,
        12,
        33,
        174,
        49,
        68,
        7,
        122,
        98,
        196,
        160,
        90,
        99,
        177,
        60,
        215,
        66,
        29,
        169,
        222,
        191,
        57,
        54,
        0,
        195,
        97,
        19,
        203,
        227,
        61,
        52,
        0,
        131,
        183,
        181,
        48,
        83,
        231,
        42,
        203,
        135,
        37,
        199,
        216,
        232,
        35,
        175,
        54,
        19,
        90,
        201,
        42,
        31,
        103,
        227,
        80,
        237,
        81,
        199,
        118,
        192,
        136,
        138,
        122,
        181,
        122,
        167,
        97,
        84,
        202,
        96,
        14,
        85,
        191,
        77,
        116,
        234,
        77,
        89,
        189,
        24,
        148,
        58,
        85,
        127,
        53,
        184,
        157,
        61,
        53,
        162,
        85,
        131,
        95,
        75,
        112,
        89,
        28,
        235,
        198,
        192,
        46,
        27,
        93,
        55,
        13,
        59,
        70,
        111,
        199,
        69,
        179,
        228,
        83,
        211,
        121,
        139,
        181,
        136,
        116,
        51,
        3,
        48,
        63,
        184,
        187,
        38,
        85,
        65,
        135,
        83,
        151,
        250,
        66,
        162,
        109,
        213,
        235,
        83,
        152,
        188,
        138,
        46,
        51,
        29,
        94,
        223,
        164,
        94,
        211,
        75,
        228,
        135,
        154,
        222,
        177,
        180,
        201,
        102,
        210,
        172,
        194,
        27,
        76,
        63,
        112,
        168,
        190,
        98,
        216,
        231,
        59,
        65,
        188,
        106,
        120,
        245,
        220,
        156,
        211,
        214,
        188,
        102,
        248,
        162,
        202,
        39,
        25,
        94,
        67,
        82,
        210,
        109,
        240,
        7,
        134,
        182,
        73,
        252,
        96,
        245,
        22,
        243,
        125,
        99,
        213,
        39,
        45,
        8,
        176,
        149,
        105,
        168,
        232,
        145,
        111,
        159,
        250,
        174,
        161,
        23,
        179,
        113,
        156,
        84,
        26,
        108,
        240,
        186,
        158,
        53,
        188,
        177,
        229,
        201,
        78,
        51,
        241,
        207,
        102,
        169,
        149,
        103,
        214,
        23,
        129,
        9,
        37,
        116,
        187,
        9,
        62,
        198,
        70,
        194,
        245,
        186,
        31,
        255,
        61,
        179,
        30,
        95,
        2,
        191,
        10,
        184,
        21,
        248,
        186,
        12,
        177,
        86,
        135,
        125,
        130,
        141,
        79,
        157,
        157,
        146,
        110,
        67,
        148,
        238,
        160,
        86,
        56,
        181,
        59,
        119,
        167,
        170,
        63,
        116,
        136,
        248,
        38,
        117,
        166,
        122,
        116,
        27,
        92,
        74,
        79,
        161,
        148,
        84,
        8,
        94,
        210,
        100,
        66,
        136,
        112,
        68,
        11,
        216,
        205,
        132,
        56,
        210,
        235,
        4,
        71,
        104,
        87,
        219,
        36,
        122,
        96,
        64,
        44,
        35,
        128,
        179,
        9,
        190,
        235,
        72,
        14,
        252,
        221,
        102,
        27,
        33,
        48,
        245,
        3,
        33,
        108,
        248,
        13,
        176,
        175,
        19,
        141,
        254,
        3,
        53,
        115,
        180,
        211,
        217,
        137,
        239,
        61,
        0,
        0,
        0,
        0,
        73,
        69,
        78,
        68,
        174,
        66,
        96,
        130
      ]
    },
    "stat": {
      "dev": 16777220,
      "mode": 33188,
      "nlink": 1,
      "uid": 501,
      "gid": 20,
      "rdev": 0,
      "blksize": 4194304,
      "ino": 2088691,
      "size": 1750,
      "blocks": 8,
      "atime": "2018-04-17T07:59:11.791Z",
      "mtime": "2018-03-22T08:50:41.019Z",
      "ctime": "2018-03-22T08:50:41.019Z",
      "birthtime": "2018-03-22T08:50:41.019Z"
    },
    "history": [
      "/Users/jiangheng/Desktop/work-code/xxd-h5/src/mods/mypurse/imgs/check@2x.png"
    ],
    "path": "/Users/jiangheng/Desktop/work-code/xxd-h5/src/mods/mypurse/imgs/check@2x.png",
    "gulpCache$filePathChangedInsideTask": false,
    "gulpCache$fileBaseChangedInsideTask": false,
    "gulpCache$originalPath": "/Users/jiangheng/Desktop/work-code/xxd-h5/src/mods/mypurse/imgs/check@2x.png",
    "gulpCache$originalBase": "/Users/jiangheng/Desktop/work-code/xxd-h5/src/mods/"
  }
]