[
  {
    "cwd": "/Users/jiangheng/Desktop/work-code/xxd-h5",
    "base": "/Users/jiangheng/Desktop/work-code/xxd-h5/src/mods/",
    "contents": {
      "type": "Buffer",
      "data": [
        137,
        80,
        78,
        71,
        13,
        10,
        26,
        10,
        0,
        0,
        0,
        13,
        73,
        72,
        68,
        82,
        0,
        0,
        0,
        32,
        0,
        0,
        0,
        29,
        8,
        6,
        0,
        0,
        0,
        203,
        158,
        110,
        135,
        0,
        0,
        3,
        6,
        73,
        68,
        65,
        84,
        72,
        137,
        181,
        150,
        91,
        136,
        149,
        85,
        20,
        199,
        127,
        103,
        242,
        70,
        201,
        164,
        82,
        166,
        50,
        106,
        8,
        34,
        221,
        80,
        124,
        144,
        34,
        196,
        11,
        141,
        86,
        222,
        145,
        64,
        122,
        138,
        48,
        164,
        241,
        33,
        180,
        82,
        203,
        72,
        65,
        13,
        5,
        31,
        236,
        166,
        8,
        189,
        70,
        190,
        246,
        16,
        35,
        162,
        62,
        40,
        62,
        168,
        145,
        67,
        48,
        90,
        38,
        8,
        210,
        205,
        84,
        48,
        177,
        102,
        188,
        254,
        124,
        216,
        251,
        48,
        219,
        207,
        239,
        236,
        239,
        248,
        112,
        22,
        108,
        206,
        226,
        172,
        255,
        250,
        175,
        245,
        173,
        181,
        247,
        218,
        187,
        166,
        210,
        98,
        153,
        7,
        92,
        0,
        126,
        41,
        51,
        182,
        181,
        56,
        248,
        56,
        224,
        59,
        96,
        77,
        35,
        64,
        173,
        133,
        21,
        168,
        1,
        221,
        192,
        20,
        96,
        42,
        112,
        173,
        12,
        52,
        168,
        85,
        209,
        129,
        213,
        64,
        39,
        48,
        187,
        81,
        112,
        104,
        190,
        2,
        53,
        194,
        87,
        116,
        2,
        51,
        128,
        201,
        64,
        7,
        240,
        40,
        112,
        23,
        184,
        10,
        92,
        6,
        122,
        129,
        3,
        192,
        113,
        224,
        39,
        224,
        11,
        96,
        67,
        150,
        89,
        205,
        173,
        209,
        234,
        38,
        245,
        188,
        15,
        74,
        159,
        122,
        86,
        61,
        19,
        245,
        186,
        44,
        81,
        127,
        84,
        123,
        212,
        217,
        234,
        216,
        92,
        140,
        70,
        134,
        199,
        213,
        157,
        5,
        226,
        186,
        236,
        87,
        231,
        169,
        131,
        19,
        252,
        96,
        181,
        83,
        125,
        79,
        221,
        162,
        246,
        171,
        243,
        213,
        171,
        234,
        13,
        245,
        107,
        117,
        100,
        179,
        9,
        44,
        84,
        255,
        44,
        9,
        220,
        175,
        190,
        89,
        81,
        177,
        151,
        212,
        219,
        234,
        251,
        234,
        161,
        130,
        255,
        63,
        234,
        178,
        92,
        2,
        181,
        152,
        125,
        153,
        220,
        141,
        137,
        165,
        248,
        23,
        213,
        46,
        245,
        93,
        117,
        154,
        58,
        92,
        61,
        167,
        30,
        86,
        167,
        55,
        224,
        81,
        221,
        30,
        99,
        221,
        151,
        64,
        77,
        221,
        147,
        113,
        250,
        60,
        9,
        220,
        161,
        30,
        45,
        216,
        55,
        171,
        123,
        13,
        37,
        31,
        31,
        113,
        223,
        100,
        248,
        118,
        23,
        19,
        216,
        152,
        1,
        223,
        80,
        159,
        136,
        184,
        225,
        234,
        175,
        5,
        251,
        9,
        117,
        105,
        212,
        223,
        82,
        135,
        68,
        236,
        4,
        67,
        59,
        26,
        201,
        218,
        122,
        2,
        83,
        43,
        128,
        221,
        14,
        124,
        125,
        49,
        209,
        255,
        212,
        151,
        213,
        139,
        234,
        62,
        67,
        121,
        187,
        18,
        252,
        145,
        12,
        111,
        191,
        58,
        169,
        13,
        88,
        11,
        60,
        146,
        57,
        169,
        167,
        18,
        125,
        113,
        193,
        246,
        1,
        176,
        14,
        184,
        13,
        124,
        11,
        124,
        88,
        192,
        156,
        204,
        240,
        14,
        5,
        186,
        6,
        1,
        207,
        100,
        7,
        5,
        92,
        74,
        244,
        167,
        18,
        189,
        27,
        184,
        21,
        3,
        46,
        39,
        12,
        157,
        54,
        96,
        76,
        130,
        249,
        183,
        130,
        251,
        185,
        54,
        224,
        231,
        10,
        208,
        232,
        68,
        255,
        59,
        254,
        94,
        1,
        182,
        1,
        187,
        128,
        47,
        129,
        133,
        192,
        211,
        209,
        246,
        123,
        130,
        31,
        85,
        193,
        221,
        139,
        250,
        172,
        122,
        43,
        211,
        171,
        253,
        73,
        79,
        215,
        197,
        255,
        222,
        80,
        143,
        169,
        167,
        13,
        179,
        33,
        149,
        119,
        154,
        220,
        3,
        255,
        171,
        19,
        234,
        192,
        245,
        25,
        96,
        122,
        10,
        30,
        83,
        63,
        81,
        63,
        138,
        73,
        191,
        174,
        94,
        74,
        176,
        199,
        29,
        152,
        144,
        29,
        234,
        157,
        12,
        239,
        42,
        11,
        131,
        104,
        119,
        6,
        252,
        85,
        130,
        155,
        30,
        131,
        127,
        172,
        254,
        144,
        96,
        190,
        87,
        71,
        37,
        184,
        220,
        28,
        216,
        174,
        229,
        147,
        112,
        115,
        3,
        135,
        59,
        134,
        217,
        62,
        204,
        80,
        246,
        99,
        234,
        8,
        245,
        109,
        117,
        165,
        250,
        124,
        194,
        131,
        186,
        34,
        195,
        179,
        33,
        197,
        150,
        205,
        243,
        87,
        213,
        191,
        74,
        156,
        63,
        51,
        76,
        196,
        235,
        234,
        164,
        18,
        191,
        250,
        90,
        169,
        222,
        44,
        241,
        191,
        160,
        190,
        82,
        196,
        55,
        34,
        105,
        87,
        119,
        56,
        112,
        27,
        246,
        168,
        11,
        162,
        190,
        74,
        157,
        235,
        253,
        183,
        225,
        80,
        245,
        53,
        195,
        61,
        80,
        148,
        62,
        67,
        201,
        219,
        203,
        98,
        85,
        189,
        7,
        158,
        84,
        63,
        85,
        103,
        170,
        127,
        24,
        250,
        188,
        41,
        18,
        247,
        27,
        222,
        3,
        231,
        162,
        94,
        148,
        243,
        209,
        183,
        190,
        129,
        75,
        87,
        179,
        47,
        162,
        125,
        192,
        28,
        194,
        107,
        104,
        43,
        240,
        2,
        97,
        40,
        181,
        71,
        123,
        31,
        225,
        229,
        251,
        27,
        97,
        250,
        29,
        4,
        122,
        154,
        33,
        174,
        170,
        0,
        14,
        156,
        243,
        69,
        77,
        96,
        31,
        122,
        85,
        1,
        198,
        27,
        174,
        216,
        189,
        173,
        8,
        94,
        213,
        130,
        90,
        44,
        229,
        68,
        96,
        26,
        112,
        189,
        169,
        146,
        62,
        164,
        228,
        158,
        229,
        107,
        128,
        89,
        192,
        204,
        86,
        5,
        7,
        26,
        182,
        96,
        108,
        220,
        217,
        91,
        90,
        85,
        250,
        102,
        90,
        48,
        23,
        56,
        74,
        184,
        114,
        91,
        38,
        247,
        0,
        4,
        8,
        139,
        229,
        190,
        253,
        219,
        156,
        0,
        0,
        0,
        0,
        73,
        69,
        78,
        68,
        174,
        66,
        96,
        130
      ]
    },
    "stat": {
      "dev": 16777220,
      "mode": 33188,
      "nlink": 1,
      "uid": 501,
      "gid": 20,
      "rdev": 0,
      "blksize": 4194304,
      "ino": 2088695,
      "size": 831,
      "blocks": 8,
      "atime": "2018-04-17T07:59:11.791Z",
      "mtime": "2018-03-22T08:50:41.020Z",
      "ctime": "2018-03-22T08:50:41.020Z",
      "birthtime": "2018-03-22T08:50:41.020Z"
    },
    "history": [
      "/Users/jiangheng/Desktop/work-code/xxd-h5/src/mods/mypurse/imgs/eye_hide_icon.png"
    ],
    "path": "/Users/jiangheng/Desktop/work-code/xxd-h5/src/mods/mypurse/imgs/eye_hide_icon.png",
    "gulpCache$filePathChangedInsideTask": false,
    "gulpCache$fileBaseChangedInsideTask": false,
    "gulpCache$originalPath": "/Users/jiangheng/Desktop/work-code/xxd-h5/src/mods/mypurse/imgs/eye_hide_icon.png",
    "gulpCache$originalBase": "/Users/jiangheng/Desktop/work-code/xxd-h5/src/mods/"
  }
]