[
  {
    "cwd": "/Users/jiangheng/Desktop/work-code/xxd-h5",
    "base": "/Users/jiangheng/Desktop/work-code/xxd-h5/src/mods/",
    "contents": {
      "type": "Buffer",
      "data": [
        137,
        80,
        78,
        71,
        13,
        10,
        26,
        10,
        0,
        0,
        0,
        13,
        73,
        72,
        68,
        82,
        0,
        0,
        0,
        30,
        0,
        0,
        0,
        24,
        8,
        6,
        0,
        0,
        0,
        237,
        105,
        77,
        191,
        0,
        0,
        3,
        30,
        73,
        68,
        65,
        84,
        120,
        218,
        172,
        150,
        89,
        72,
        85,
        81,
        20,
        134,
        175,
        166,
        81,
        56,
        164,
        66,
        129,
        101,
        68,
        19,
        68,
        101,
        6,
        70,
        68,
        26,
        13,
        136,
        81,
        68,
        101,
        66,
        61,
        152,
        40,
        86,
        16,
        88,
        25,
        20,
        73,
        210,
        72,
        19,
        245,
        210,
        75,
        24,
        101,
        148,
        245,
        98,
        17,
        216,
        96,
        90,
        68,
        20,
        165,
        80,
        66,
        47,
        33,
        69,
        3,
        97,
        146,
        105,
        131,
        115,
        66,
        131,
        195,
        237,
        91,
        240,
        11,
        135,
        155,
        87,
        207,
        189,
        184,
        225,
        227,
        236,
        179,
        207,
        57,
        235,
        95,
        107,
        239,
        189,
        214,
        62,
        33,
        201,
        57,
        173,
        158,
        0,
        219,
        4,
        200,
        128,
        36,
        8,
        129,
        55,
        80,
        254,
        178,
        52,
        238,
        75,
        32,
        70,
        66,
        2,
        20,
        222,
        9,
        167,
        32,
        194,
        103,
        252,
        55,
        156,
        48,
        112,
        192,
        235,
        198,
        80,
        216,
        80,
        78,
        193,
        58,
        88,
        13,
        165,
        176,
        76,
        198,
        63,
        65,
        62,
        60,
        130,
        126,
        88,
        10,
        135,
        224,
        24,
        196,
        44,
        200,
        109,
        43,
        231,
        154,
        11,
        85,
        112,
        199,
        159,
        35,
        161,
        126,
        68,
        227,
        161,
        6,
        110,
        105,
        74,
        187,
        100,
        248,
        53,
        36,
        195,
        85,
        176,
        169,
        109,
        198,
        240,
        117,
        174,
        11,
        225,
        5,
        236,
        145,
        205,
        36,
        125,
        91,
        131,
        35,
        241,
        110,
        133,
        195,
        229,
        237,
        98,
        184,
        2,
        155,
        96,
        187,
        222,
        221,
        6,
        109,
        190,
        31,
        32,
        222,
        173,
        40,
        61,
        154,
        141,
        141,
        112,
        73,
        54,
        170,
        16,
        15,
        119,
        35,
        156,
        5,
        243,
        225,
        8,
        228,
        105,
        106,
        205,
        64,
        35,
        60,
        247,
        183,
        46,
        136,
        191,
        227,
        242,
        10,
        82,
        232,
        55,
        128,
        57,
        185,
        69,
        182,
        178,
        220,
        8,
        167,
        67,
        171,
        214,
        115,
        160,
        69,
        67,
        139,
        139,
        61,
        243,
        3,
        34,
        29,
        206,
        92,
        150,
        179,
        233,
        110,
        132,
        77,
        164,
        29,
        122,
        29,
        99,
        22,
        237,
        12,
        45,
        195,
        160,
        141,
        233,
        180,
        205,
        56,
        11,
        154,
        124,
        30,
        217,
        94,
        24,
        231,
        70,
        216,
        166,
        107,
        154,
        132,
        6,
        90,
        149,
        34,
        201,
        27,
        34,
        218,
        76,
        72,
        128,
        74,
        135,
        51,
        99,
        185,
        44,
        145,
        205,
        97,
        133,
        75,
        160,
        7,
        202,
        180,
        187,
        173,
        93,
        128,
        175,
        112,
        22,
        86,
        14,
        18,
        109,
        138,
        190,
        235,
        212,
        59,
        54,
        22,
        161,
        52,
        140,
        129,
        139,
        110,
        11,
        200,
        62,
        56,
        13,
        221,
        138,
        228,
        161,
        242,
        181,
        82,
        197,
        227,
        190,
        198,
        250,
        148,
        223,
        25,
        90,
        154,
        76,
        214,
        181,
        2,
        209,
        153,
        244,
        159,
        192,
        36,
        40,
        100,
        236,
        204,
        112,
        5,
        196,
        214,
        240,
        40,
        236,
        213,
        125,
        51,
        252,
        85,
        255,
        15,
        188,
        85,
        30,
        175,
        18,
        206,
        246,
        1,
        126,
        170,
        223,
        167,
        181,
        53,
        225,
        227,
        56,
        98,
        81,
        31,
        198,
        129,
        158,
        193,
        34,
        182,
        245,
        184,
        7,
        43,
        224,
        1,
        28,
        180,
        141,
        169,
        205,
        118,
        14,
        178,
        245,
        158,
        21,
        147,
        167,
        74,
        51,
        171,
        92,
        147,
        97,
        57,
        196,
        234,
        249,
        109,
        216,
        138,
        72,
        43,
        130,
        83,
        233,
        23,
        217,
        61,
        60,
        134,
        53,
        140,
        255,
        242,
        93,
        227,
        98,
        137,
        30,
        80,
        52,
        38,
        58,
        30,
        158,
        73,
        212,
        118,
        118,
        142,
        14,
        137,
        181,
        176,
        11,
        118,
        99,
        40,
        83,
        99,
        86,
        52,
        62,
        194,
        122,
        168,
        69,
        52,
        129,
        103,
        245,
        202,
        231,
        13,
        218,
        100,
        197,
        190,
        155,
        43,
        85,
        149,
        231,
        188,
        35,
        127,
        71,
        195,
        93,
        149,
        63,
        91,
        211,
        185,
        112,
        77,
        83,
        238,
        91,
        60,
        122,
        225,
        38,
        221,
        68,
        184,
        1,
        211,
        109,
        214,
        16,
        143,
        212,
        115,
        43,
        159,
        59,
        76,
        131,
        177,
        84,
        167,
        112,
        129,
        166,
        176,
        200,
        97,
        175,
        16,
        22,
        65,
        181,
        162,
        232,
        28,
        174,
        122,
        104,
        26,
        179,
        228,
        240,
        28,
        159,
        34,
        84,
        162,
        180,
        42,
        112,
        10,
        167,
        41,
        87,
        59,
        116,
        31,
        7,
        251,
        117,
        220,
        101,
        59,
        54,
        152,
        199,
        133,
        120,
        159,
        74,
        165,
        57,
        154,
        79,
        132,
        83,
        52,
        238,
        85,
        138,
        166,
        13,
        8,
        71,
        43,
        215,
        234,
        28,
        223,
        111,
        214,
        102,
        51,
        47,
        27,
        2,
        253,
        83,
        64,
        164,
        69,
        249,
        60,
        202,
        167,
        232,
        212,
        233,
        232,
        140,
        14,
        117,
        68,
        109,
        30,
        69,
        57,
        234,
        181,
        71,
        30,
        6,
        219,
        202,
        156,
        182,
        16,
        139,
        114,
        104,
        133,
        134,
        42,
        37,
        172,
        157,
        180,
        131,
        91,
        253,
        68,
        229,
        98,
        109,
        176,
        170,
        68,
        253,
        94,
        135,
        205,
        60,
        13,
        153,
        237,
        10,
        245,
        251,
        195,
        180,
        169,
        172,
        12,
        78,
        132,
        122,
        61,
        176,
        52,
        250,
        238,
        112,
        42,
        216,
        246,
        13,
        102,
        19,
        237,
        24,
        21,
        38,
        203,
        138,
        38,
        156,
        234,
        242,
        87,
        50,
        109,
        218,
        63,
        59,
        188,
        13,
        182,
        85,
        43,
        13,
        99,
        17,
        235,
        112,
        243,
        207,
        229,
        85,
        69,
        106,
        247,
        140,
        76,
        243,
        186,
        253,
        217,
        43,
        210,
        217,
        58,
        18,
        173,
        145,
        104,
        255,
        171,
        1,
        255,
        4,
        24,
        0,
        226,
        60,
        251,
        135,
        190,
        215,
        134,
        246,
        0,
        0,
        0,
        0,
        73,
        69,
        78,
        68,
        174,
        66,
        96,
        130
      ]
    },
    "stat": {
      "dev": 16777220,
      "mode": 33188,
      "nlink": 1,
      "uid": 501,
      "gid": 20,
      "rdev": 0,
      "blksize": 4194304,
      "ino": 2088787,
      "size": 1712,
      "blocks": 8,
      "atime": "2018-04-17T07:59:11.794Z",
      "mtime": "2018-03-22T08:50:41.042Z",
      "ctime": "2018-03-22T08:50:41.042Z",
      "birthtime": "2018-03-22T08:50:41.042Z"
    },
    "history": [
      "/Users/jiangheng/Desktop/work-code/xxd-h5/src/mods/personal/imgs/group_icon@2x.png"
    ],
    "path": "/Users/jiangheng/Desktop/work-code/xxd-h5/src/mods/personal/imgs/group_icon@2x.png",
    "gulpCache$filePathChangedInsideTask": false,
    "gulpCache$fileBaseChangedInsideTask": false,
    "gulpCache$originalPath": "/Users/jiangheng/Desktop/work-code/xxd-h5/src/mods/personal/imgs/group_icon@2x.png",
    "gulpCache$originalBase": "/Users/jiangheng/Desktop/work-code/xxd-h5/src/mods/"
  }
]