[
  {
    "cwd": "/Users/jiangheng/Desktop/work-code/xxd-h5",
    "base": "/Users/jiangheng/Desktop/work-code/xxd-h5/src/mods/",
    "contents": {
      "type": "Buffer",
      "data": [
        137,
        80,
        78,
        71,
        13,
        10,
        26,
        10,
        0,
        0,
        0,
        13,
        73,
        72,
        68,
        82,
        0,
        0,
        0,
        52,
        0,
        0,
        0,
        58,
        8,
        6,
        0,
        0,
        0,
        255,
        114,
        122,
        155,
        0,
        0,
        4,
        19,
        73,
        68,
        65,
        84,
        104,
        222,
        237,
        154,
        107,
        72,
        84,
        65,
        20,
        199,
        239,
        138,
        81,
        230,
        98,
        4,
        18,
        72,
        36,
        22,
        5,
        133,
        25,
        250,
        173,
        168,
        252,
        208,
        195,
        199,
        135,
        66,
        42,
        12,
        84,
        122,
        63,
        192,
        74,
        148,
        200,
        240,
        131,
        161,
        101,
        105,
        68,
        169,
        31,
        130,
        162,
        130,
        138,
        40,
        201,
        18,
        21,
        41,
        122,
        80,
        98,
        102,
        160,
        132,
        81,
        89,
        246,
        194,
        146,
        202,
        202,
        82,
        178,
        53,
        23,
        93,
        221,
        254,
        131,
        163,
        141,
        235,
        92,
        247,
        62,
        230,
        238,
        139,
        61,
        240,
        211,
        123,
        143,
        115,
        238,
        157,
        185,
        231,
        204,
        204,
        153,
        25,
        77,
        199,
        223,
        89,
        36,
        131,
        100,
        6,
        88,
        13,
        226,
        232,
        111,
        34,
        247,
        192,
        93,
        250,
        251,
        135,
        136,
        151,
        100,
        207,
        13,
        30,
        115,
        31,
        104,
        23,
        215,
        128,
        41,
        96,
        41,
        136,
        167,
        13,
        136,
        230,
        148,
        217,
        68,
        33,
        242,
        140,
        54,
        236,
        14,
        120,
        12,
        172,
        34,
        42,
        17,
        40,
        233,
        107,
        81,
        20,
        227,
        133,
        88,
        16,
        164,
        194,
        54,
        154,
        114,
        0,
        244,
        129,
        58,
        198,
        123,
        47,
        52,
        55,
        200,
        174,
        47,
        140,
        194,
        4,
        121,
        55,
        136,
        122,
        54,
        158,
        222,
        119,
        104,
        13,
        79,
        103,
        13,
        82,
        18,
        70,
        70,
        72,
        152,
        214,
        240,
        12,
        180,
        219,
        133,
        134,
        145,
        81,
        162,
        56,
        60,
        77,
        5,
        111,
        44,
        164,
        194,
        235,
        12,
        8,
        35,
        87,
        9,
        27,
        158,
        21,
        166,
        35,
        173,
        22,
        210,
        242,
        102,
        201,
        55,
        36,
        70,
        228,
        176,
        237,
        17,
        194,
        235,
        67,
        94,
        222,
        32,
        95,
        243,
        208,
        144,
        223,
        67,
        190,
        219,
        135,
        90,
        192,
        125,
        142,
        126,
        13,
        152,
        163,
        240,
        25,
        109,
        160,
        154,
        163,
        95,
        5,
        34,
        181,
        133,
        156,
        246,
        143,
        17,
        1,
        78,
        129,
        118,
        7,
        253,
        77,
        58,
        241,
        41,
        145,
        45,
        156,
        178,
        225,
        96,
        187,
        214,
        74,
        5,
        16,
        15,
        105,
        36,
        24,
        156,
        229,
        232,
        31,
        129,
        51,
        10,
        236,
        137,
        109,
        29,
        71,
        79,
        108,
        205,
        90,
        235,
        21,
        64,
        34,
        78,
        7,
        9,
        32,
        141,
        163,
        63,
        8,
        190,
        76,
        96,
        247,
        21,
        100,
        115,
        244,
        41,
        32,
        81,
        79,
        157,
        68,
        140,
        114,
        197,
        52,
        105,
        236,
        100,
        116,
        61,
        32,
        29,
        84,
        201,
        216,
        164,
        211,
        50,
        172,
        132,
        130,
        82,
        189,
        149,
        209,
        19,
        114,
        35,
        132,
        130,
        98,
        142,
        190,
        26,
        92,
        231,
        232,
        203,
        65,
        21,
        71,
        95,
        76,
        159,
        165,
        171,
        62,
        1,
        100,
        80,
        16,
        64,
        42,
        72,
        228,
        232,
        51,
        64,
        23,
        115,
        223,
        77,
        117,
        142,
        229,
        18,
        64,
        154,
        136,
        186,
        136,
        240,
        16,
        219,
        201,
        29,
        59,
        243,
        119,
        176,
        159,
        185,
        39,
        215,
        223,
        28,
        202,
        152,
        101,
        6,
        23,
        77,
        136,
        204,
        20,
        102,
        129,
        99,
        32,
        195,
        65,
        127,
        9,
        164,
        146,
        165,
        10,
        184,
        200,
        177,
        59,
        74,
        135,
        106,
        143,
        204,
        20,
        246,
        130,
        107,
        224,
        9,
        163,
        35,
        175,
        216,
        197,
        92,
        179,
        178,
        24,
        236,
        243,
        148,
        92,
        238,
        52,
        184,
        193,
        209,
        119,
        201,
        100,
        4,
        146,
        76,
        217,
        21,
        28,
        253,
        6,
        176,
        199,
        213,
        169,
        207,
        123,
        80,
        171,
        243,
        131,
        190,
        165,
        240,
        150,
        220,
        26,
        61,
        228,
        95,
        62,
        248,
        110,
        182,
        93,
        8,
        242,
        20,
        148,
        91,
        196,
        36,
        176,
        100,
        52,
        123,
        174,
        192,
        102,
        178,
        59,
        66,
        110,
        10,
        197,
        105,
        54,
        226,
        112,
        61,
        205,
        96,
        15,
        217,
        253,
        125,
        200,
        179,
        27,
        228,
        95,
        130,
        143,
        74,
        55,
        103,
        9,
        192,
        19,
        155,
        195,
        245,
        39,
        5,
        54,
        33,
        96,
        186,
        171,
        67,
        238,
        48,
        40,
        81,
        105,
        243,
        153,
        46,
        221,
        157,
        73,
        38,
        93,
        103,
        105,
        10,
        57,
        171,
        15,
        69,
        156,
        149,
        132,
        156,
        197,
        135,
        26,
        212,
        75,
        66,
        142,
        236,
        222,
        15,
        128,
        73,
        42,
        141,
        201,
        177,
        75,
        146,
        130,
        114,
        228,
        84,
        224,
        47,
        189,
        158,
        42,
        13,
        159,
        114,
        40,
        121,
        182,
        90,
        33,
        253,
        179,
        195,
        180,
        177,
        225,
        15,
        185,
        105,
        150,
        140,
        59,
        204,
        154,
        13,
        62,
        50,
        91,
        95,
        109,
        6,
        189,
        231,
        101,
        217,
        18,
        115,
        212,
        200,
        160,
        80,
        43,
        185,
        238,
        116,
        206,
        40,
        169,
        101,
        55,
        73,
        42,
        4,
        46,
        197,
        221,
        69,
        37,
        59,
        177,
        214,
        131,
        215,
        96,
        129,
        151,
        122,
        231,
        3,
        120,
        200,
        78,
        172,
        228,
        103,
        17,
        93,
        255,
        123,
        163,
        156,
        168,
        88,
        102,
        30,
        114,
        156,
        88,
        175,
        128,
        44,
        47,
        236,
        75,
        173,
        224,
        194,
        255,
        141,
        70,
        105,
        116,
        27,
        149,
        180,
        109,
        7,
        176,
        233,
        220,
        30,
        118,
        37,
        36,
        192,
        118,
        87,
        46,
        55,
        219,
        228,
        114,
        185,
        167,
        32,
        135,
        184,
        80,
        224,
        23,
        60,
        196,
        228,
        124,
        33,
        130,
        189,
        83,
        84,
        29,
        107,
        174,
        115,
        150,
        109,
        159,
        4,
        49,
        32,
        69,
        208,
        75,
        183,
        26,
        20,
        106,
        183,
        65,
        174,
        146,
        108,
        219,
        78,
        43,
        17,
        170,
        112,
        86,
        119,
        135,
        52,
        130,
        100,
        48,
        56,
        110,
        121,
        44,
        19,
        155,
        253,
        32,
        9,
        84,
        121,
        96,
        191,
        105,
        4,
        113,
        192,
        98,
        87,
        185,
        124,
        32,
        255,
        130,
        178,
        30,
        156,
        51,
        48,
        108,
        212,
        202,
        45,
        234,
        153,
        94,
        217,
        13,
        12,
        39,
        95,
        99,
        16,
        108,
        3,
        153,
        96,
        192,
        205,
        158,
        41,
        4,
        107,
        65,
        47,
        171,
        215,
        186,
        98,
        37,
        7,
        81,
        77,
        160,
        76,
        26,
        222,
        148,
        119,
        165,
        144,
        237,
        226,
        205,
        160,
        70,
        73,
        97,
        53,
        71,
        146,
        13,
        96,
        33,
        56,
        239,
        66,
        175,
        144,
        62,
        28,
        9,
        106,
        228,
        202,
        140,
        111,
        144,
        186,
        4,
        176,
        7,
        236,
        4,
        43,
        65,
        139,
        129,
        137,
        102,
        59,
        72,
        6,
        73,
        156,
        243,
        164,
        49,
        232,
        241,
        16,
        203,
        3,
        16,
        77,
        251,
        214,
        47,
        129,
        30,
        33,
        253,
        35,
        31,
        204,
        7,
        229,
        74,
        108,
        244,
        122,
        136,
        197,
        6,
        74,
        65,
        4,
        200,
        7,
        191,
        117,
        60,
        203,
        10,
        74,
        232,
        179,
        242,
        64,
        159,
        82,
        91,
        81,
        30,
        98,
        33,
        243,
        65,
        30,
        8,
        7,
        57,
        160,
        67,
        133,
        109,
        55,
        40,
        160,
        182,
        89,
        224,
        167,
        218,
        247,
        27,
        209,
        160,
        17,
        122,
        64,
        17,
        136,
        0,
        169,
        160,
        126,
        130,
        178,
        77,
        52,
        17,
        158,
        9,
        114,
        65,
        167,
        214,
        247,
        142,
        27,
        182,
        37,
        241,
        91,
        193,
        253,
        224,
        42,
        101,
        30,
        157,
        148,
        211,
        232,
        223,
        136,
        238,
        50,
        120,
        101,
        212,
        24,
        255,
        15,
        82,
        33,
        36,
        13,
        34,
        43,
        165,
        244,
        0,
        0,
        0,
        0,
        73,
        69,
        78,
        68,
        174,
        66,
        96,
        130
      ]
    },
    "stat": {
      "dev": 16777220,
      "mode": 33188,
      "nlink": 1,
      "uid": 501,
      "gid": 20,
      "rdev": 0,
      "blksize": 4194304,
      "ino": 2088658,
      "size": 1960,
      "blocks": 8,
      "atime": "2018-04-17T07:59:11.790Z",
      "mtime": "2018-03-22T08:50:41.011Z",
      "ctime": "2018-03-22T08:50:41.011Z",
      "birthtime": "2018-03-22T08:50:41.011Z"
    },
    "history": [
      "/Users/jiangheng/Desktop/work-code/xxd-h5/src/mods/home/imgs/risk_management_icon@3x.png"
    ],
    "path": "/Users/jiangheng/Desktop/work-code/xxd-h5/src/mods/home/imgs/risk_management_icon@3x.png",
    "gulpCache$filePathChangedInsideTask": false,
    "gulpCache$fileBaseChangedInsideTask": false,
    "gulpCache$originalPath": "/Users/jiangheng/Desktop/work-code/xxd-h5/src/mods/home/imgs/risk_management_icon@3x.png",
    "gulpCache$originalBase": "/Users/jiangheng/Desktop/work-code/xxd-h5/src/mods/"
  }
]