[
  {
    "cwd": "/Users/jiangheng/Desktop/work-code/xxd-h5",
    "base": "/Users/jiangheng/Desktop/work-code/xxd-h5/src/mods/",
    "contents": {
      "type": "Buffer",
      "data": [
        137,
        80,
        78,
        71,
        13,
        10,
        26,
        10,
        0,
        0,
        0,
        13,
        73,
        72,
        68,
        82,
        0,
        0,
        0,
        60,
        0,
        0,
        0,
        60,
        8,
        6,
        0,
        0,
        0,
        58,
        252,
        217,
        114,
        0,
        0,
        5,
        195,
        73,
        68,
        65,
        84,
        120,
        218,
        236,
        155,
        239,
        107,
        28,
        69,
        24,
        199,
        231,
        199,
        238,
        253,
        190,
        122,
        73,
        170,
        73,
        154,
        164,
        137,
        241,
        71,
        253,
        81,
        16,
        69,
        41,
        40,
        26,
        245,
        149,
        45,
        130,
        168,
        232,
        11,
        177,
        248,
        202,
        55,
        10,
        162,
        190,
        17,
        172,
        21,
        5,
        245,
        133,
        69,
        233,
        31,
        32,
        248,
        74,
        11,
        98,
        171,
        208,
        22,
        10,
        10,
        109,
        69,
        65,
        4,
        223,
        72,
        130,
        160,
        20,
        210,
        134,
        18,
        107,
        72,
        46,
        151,
        228,
        110,
        239,
        246,
        118,
        103,
        124,
        230,
        58,
        155,
        76,
        46,
        119,
        245,
        118,
        119,
        46,
        25,
        109,
        6,
        134,
        76,
        54,
        119,
        51,
        243,
        217,
        239,
        51,
        207,
        60,
        243,
        236,
        6,
        115,
        206,
        209,
        245,
        84,
        8,
        186,
        206,
        202,
        54,
        240,
        54,
        240,
        54,
        240,
        127,
        187,
        88,
        215,
        250,
        227,
        222,
        55,
        47,
        232,
        26,
        7,
        183,
        105,
        243,
        54,
        237,
        216,
        101,
        242,
        211,
        91,
        194,
        3,
        107,
        2,
        85,
        107,
        51,
        112,
        0,
        170,
        86,
        237,
        240,
        90,
        129,
        243,
        243,
        27,
        239,
        228,
        114,
        223,
        5,
        21,
        146,
        100,
        23,
        119,
        223,
        65,
        152,
        245,
        34,
        226,
        248,
        81,
        248,
        253,
        118,
        168,
        5,
        168,
        85,
        168,
        23,
        129,
        237,
        103,
        142,
        249,
        215,
        78,
        254,
        175,
        239,
        125,
        219,
        241,
        224,
        26,
        147,
        253,
        118,
        4,
        13,
        99,
        109,
        46,
        112,
        27,
        88,
        210,
        0,
        45,
        13,
        15,
        17,
        47,
        241,
        9,
        112,
        63,
        221,
        66,
        217,
        20,
        212,
        61,
        112,
        121,
        15,
        230,
        248,
        165,
        204,
        210,
        174,
        223,
        57,
        241,
        95,
        95,
        233,
        153,
        62,
        7,
        215,
        125,
        232,
        167,
        161,
        120,
        167,
        224,
        91,
        226,
        180,
        96,
        146,
        68,
        246,
        73,
        115,
        197,
        209,
        9,
        226,
        37,
        127,
        5,
        160,
        103,
        90,
        192,
        182,
        42,
        119,
        98,
        70,
        207,
        228,
        22,
        198,
        223,
        145,
        66,
        136,
        126,
        176,
        188,
        129,
        230,
        1,
        43,
        102,
        76,
        179,
        197,
        209,
        71,
        48,
        179,
        78,
        66,
        187,
        55,
        236,
        154,
        7,
        181,
        15,
        231,
        22,
        110,
        126,
        95,
        244,
        211,
        13,
        104,
        162,
        217,
        140,
        105,
        122,
        121,
        112,
        0,
        214,
        235,
        151,
        210,
        100,
        163,
        121,
        58,
        78,
        222,
        202,
        21,
        199,
        158,
        146,
        208,
        70,
        42,
        188,
        170,
        174,
        85,
        79,
        127,
        0,
        63,
        111,
        140,
        221,
        33,
        163,
        71,
        19,
        78,
        33,
        31,
        64,
        235,
        82,
        153,
        232,
        52,
        229,
        244,
        242,
        192,
        8,
        120,
        226,
        23,
        52,
        221,
        196,
        65,
        0,
        62,
        168,
        154,
        182,
        41,
        10,
        175,
        154,
        51,
        245,
        82,
        207,
        201,
        9,
        234,
        49,
        27,
        78,
        158,
        87,
        128,
        145,
        14,
        149,
        117,
        154,
        52,
        69,
        156,
        60,
        164,
        57,
        110,
        185,
        223,
        170,
        103,
        50,
        193,
        54,
        103,
        130,
        194,
        88,
        153,
        12,
        197,
        28,
        221,
        170,
        59,
        48,
        178,
        157,
        27,
        198,
        21,
        147,
        54,
        70,
        225,
        0,
        58,
        211,
        133,
        104,
        48,
        99,
        226,
        26,
        238,
        222,
        201,
        11,
        179,
        186,
        206,
        173,
        137,
        104,
        130,
        109,
        152,
        27,
        199,
        104,
        78,
        51,
        46,
        115,
        83,
        75,
        151,
        76,
        13,
        45,
        57,
        168,
        49,
        169,
        115,
        114,
        28,
        179,
        41,
        56,
        80,
        212,
        76,
        2,
        94,
        119,
        180,
        99,
        212,
        253,
        78,
        43,
        48,
        241,
        78,
        203,
        211,
        19,
        55,
        77,
        97,
        49,
        33,
        86,
        201,
        207,
        158,
        7,
        195,
        214,
        148,
        53,
        224,
        139,
        181,
        236,
        252,
        23,
        226,
        228,
        164,
        19,
        154,
        232,
        130,
        109,
        76,
        12,
        243,
        186,
        103,
        87,
        62,
        210,
        49,
        49,
        223,
        174,
        29,
        129,
        190,
        22,
        155,
        128,
        185,
        73,
        38,
        45,
        38,
        230,
        194,
        65,
        254,
        28,
        163,
        245,
        207,
        99,
        121,
        42,
        226,
        157,
        168,
        236,
        184,
        252,
        149,
        232,
        15,
        106,
        144,
        20,
        96,
        230,
        41,
        140,
        144,
        216,
        66,
        170,
        229,
        194,
        204,
        17,
        128,
        62,
        22,
        9,
        150,
        214,
        143,
        87,
        10,
        51,
        239,
        65,
        211,
        145,
        192,
        126,
        216,
        44,
        200,
        102,
        100,
        60,
        2,
        5,
        234,
        87,
        83,
        55,
        156,
        150,
        11,
        151,
        62,
        132,
        195,
        196,
        20,
        132,
        134,
        111,
        128,
        187,
        237,
        235,
        32,
        112,
        158,
        7,
        19,
        62,
        10,
        22,
        242,
        45,
        252,
        182,
        36,
        83,
        64,
        117,
        9,
        204,
        117,
        173,
        97,
        29,
        57,
        45,
        46,
        131,
        250,
        64,
        101,
        55,
        136,
        140,
        96,
        242,
        223,
        16,
        223,
        254,
        33,
        89,
        222,
        249,
        36,
        245,
        147,
        143,
        99,
        70,
        238,
        130,
        203,
        74,
        52,
        198,
        87,
        56,
        241,
        167,
        124,
        203,
        61,
        91,
        205,
        206,
        157,
        2,
        175,
        92,
        132,
        139,
        43,
        80,
        43,
        77,
        234,
        106,
        75,
        245,
        196,
        6,
        110,
        58,
        193,
        240,
        245,
        74,
        55,
        76,
        212,
        115,
        118,
        204,
        138,
        132,
        192,
        113,
        168,
        54,
        241,
        19,
        121,
        226,
        91,
        73,
        88,
        167,
        85,
        102,
        185,
        203,
        242,
        179,
        53,
        249,
        121,
        71,
        182,
        85,
        101,
        213,
        244,
        81,
        108,
        240,
        56,
        192,
        77,
        153,
        201,
        145,
        1,
        204,
        233,
        109,
        208,
        238,
        131,
        128,
        161,
        228,
        91,
        206,
        76,
        53,
        55,
        87,
        148,
        147,
        246,
        36,
        16,
        133,
        189,
        186,
        4,
        21,
        43,
        142,
        206,
        147,
        128,
        65,
        245,
        50,
        75,
        187,
        198,
        193,
        50,
        134,
        96,
        35,
        6,
        107,
        224,
        87,
        124,
        187,
        58,
        9,
        214,
        82,
        18,
        223,
        137,
        155,
        220,
        179,
        226,
        130,
        230,
        22,
        198,
        14,
        0,
        232,
        33,
        104,
        63,
        176,
        246,
        1,
        138,
        96,
        194,
        200,
        174,
        237,
        184,
        12,
        240,
        63,
        114,
        234,
        157,
        173,
        39,
        151,
        126,
        113,
        83,
        165,
        5,
        37,
        28,
        13,
        214,
        37,
        131,
        131,
        126,
        1,
        62,
        187,
        15,
        51,
        250,
        4,
        156,
        129,
        31,
        19,
        55,
        109,
        221,
        36,
        221,
        172,
        155,
        159,
        31,
        63,
        201,
        168,
        247,
        46,
        248,
        134,
        63,
        36,
        56,
        139,
        2,
        141,
        175,
        245,
        124,
        184,
        197,
        147,
        135,
        85,
        80,
        0,
        162,
        217,
        210,
        200,
        199,
        224,
        144,
        94,
        11,
        49,
        222,
        21,
        24,
        113,
        154,
        35,
        62,
        45,
        213,
        4,
        171,
        32,
        34,
        79,
        189,
        187,
        195,
        239,
        151,
        57,
        246,
        15,
        174,
        244,
        78,
        159,
        86,
        76,
        190,
        229,
        118,
        165,
        235,
        201,
        195,
        106,
        118,
        35,
        83,
        26,
        62,
        20,
        18,
        86,
        148,
        126,
        248,
        78,
        63,
        70,
        120,
        95,
        196,
        101,
        148,
        5,
        107,
        58,
        150,
        45,
        142,
        238,
        47,
        247,
        92,
        252,
        73,
        66,
        227,
        48,
        30,
        156,
        68,
        48,
        101,
        177,
        94,
        239,
        5,
        101,
        222,
        70,
        91,
        83,
        146,
        132,
        89,
        159,
        37,
        156,
        158,
        124,
        148,
        196,
        0,
        137,
        160,
        174,
        69,
        152,
        125,
        88,
        103,
        238,
        42,
        66,
        25,
        135,
        117,
        255,
        114,
        148,
        4,
        31,
        9,
        169,
        46,
        77,
        47,
        247,
        139,
        204,
        228,
        126,
        180,
        197,
        5,
        44,
        236,
        85,
        240,
        35,
        137,
        176,
        42,
        147,
        144,
        234,
        18,
        234,
        165,
        159,
        69,
        154,
        147,
        227,
        17,
        203,
        48,
        68,
        114,
        15,
        163,
        144,
        201,
        250,
        176,
        192,
        34,
        51,
        57,
        129,
        12,
        41,
        152,
        89,
        7,
        194,
        154,
        53,
        9,
        97,
        206,
        13,
        147,
        198,
        28,
        223,
        103,
        12,
        48,
        194,
        15,
        54,
        1,
        99,
        173,
        10,
        39,
        43,
        189,
        226,
        17,
        202,
        78,
        83,
        128,
        193,
        151,
        220,
        13,
        42,
        219,
        186,
        215,
        240,
        90,
        176,
        225,
        37,
        135,
        145,
        89,
        197,
        6,
        17,
        134,
        186,
        161,
        112,
        3,
        156,
        112,
        58,
        104,
        24,
        176,
        8,
        97,
        199,
        186,
        165,
        48,
        6,
        135,
        117,
        147,
        105,
        192,
        16,
        121,
        141,
        232,
        118,
        90,
        107,
        208,
        188,
        43,
        79,
        22,
        226,
        150,
        20,
        218,
        248,
        226,
        76,
        100,
        224,
        166,
        215,
        141,
        112,
        194,
        56,
        92,
        142,
        115,
        186,
        247,
        97,
        172,
        216,
        15,
        70,
        230,
        23,
        28,
        23,
        88,
        57,
        137,
        240,
        162,
        121,
        120,
        108,
        49,
        148,
        147,
        235,
        212,
        112,
        196,
        185,
        179,
        154,
        251,
        251,
        4,
        156,
        71,
        207,
        24,
        99,
        205,
        196,
        63,
        37,
        230,
        132,
        66,
        36,
        234,
        173,
        14,
        64,
        87,
        51,
        19,
        190,
        85,
        171,
        192,
        225,
        251,
        21,
        216,
        251,
        238,
        161,
        94,
        106,
        2,
        54,
        253,
        189,
        16,
        196,
        15,
        192,
        58,
        234,
        133,
        168,
        39,
        7,
        63,
        147,
        226,
        248,
        166,
        153,
        171,
        10,
        75,
        169,
        198,
        17,
        47,
        139,
        204,
        38,
        199,
        108,
        150,
        19,
        111,
        202,
        179,
        157,
        243,
        110,
        186,
        248,
        27,
        186,
        154,
        240,
        99,
        104,
        227,
        219,
        124,
        177,
        18,
        0,
        106,
        222,
        217,
        169,
        101,
        22,
        196,
        64,
        127,
        74,
        15,
        153,
        80,
        2,
        120,
        140,
        116,
        63,
        160,
        83,
        110,
        184,
        50,
        135,
        32,
        225,
        231,
        160,
        181,
        132,
        31,
        211,
        161,
        176,
        58,
        104,
        48,
        24,
        146,
        109,
        145,
        93,
        180,
        209,
        218,
        75,
        100,
        234,
        107,
        9,
        88,
        35,
        112,
        112,
        195,
        131,
        26,
        36,
        253,
        92,
        89,
        67,
        229,
        174,
        173,
        16,
        3,
        251,
        77,
        109,
        87,
        9,
        220,
        73,
        83,
        144,
        130,
        186,
        164,
        178,
        170,
        116,
        115,
        213,
        6,
        172,
        118,
        226,
        43,
        3,
        146,
        54,
        102,
        220,
        13,
        224,
        118,
        224,
        29,
        175,
        221,
        40,
        10,
        115,
        5,
        144,
        161,
        127,
        127,
        45,
        24,
        109,
        2,
        56,
        66,
        33,
        31,
        195,
        88,
        17,
        205,
        171,
        69,
        20,
        182,
        57,
        59,
        81,
        155,
        54,
        234,
        22,
        176,
        214,
        193,
        183,
        230,
        176,
        177,
        253,
        143,
        90,
        219,
        192,
        255,
        171,
        242,
        143,
        0,
        3,
        0,
        53,
        4,
        92,
        190,
        184,
        116,
        82,
        210,
        0,
        0,
        0,
        0,
        73,
        69,
        78,
        68,
        174,
        66,
        96,
        130
      ]
    },
    "stat": {
      "dev": 16777220,
      "mode": 33188,
      "nlink": 1,
      "uid": 501,
      "gid": 20,
      "rdev": 0,
      "blksize": 4194304,
      "ino": 2088718,
      "size": 2384,
      "blocks": 8,
      "atime": "2018-04-17T07:59:11.792Z",
      "mtime": "2018-03-22T08:50:41.027Z",
      "ctime": "2018-03-22T08:50:41.027Z",
      "birthtime": "2018-03-22T08:50:41.026Z"
    },
    "history": [
      "/Users/jiangheng/Desktop/work-code/xxd-h5/src/mods/mypurse/imgs/user_icon@3x.png"
    ],
    "path": "/Users/jiangheng/Desktop/work-code/xxd-h5/src/mods/mypurse/imgs/user_icon@3x.png",
    "gulpCache$filePathChangedInsideTask": false,
    "gulpCache$fileBaseChangedInsideTask": false,
    "gulpCache$originalPath": "/Users/jiangheng/Desktop/work-code/xxd-h5/src/mods/mypurse/imgs/user_icon@3x.png",
    "gulpCache$originalBase": "/Users/jiangheng/Desktop/work-code/xxd-h5/src/mods/"
  }
]