[
  {
    "cwd": "/Users/jiangheng/Desktop/work-code/xxd-h5",
    "base": "/Users/jiangheng/Desktop/work-code/xxd-h5/src/mods/",
    "contents": {
      "type": "Buffer",
      "data": [
        60,
        33,
        68,
        79,
        67,
        84,
        89,
        80,
        69,
        32,
        104,
        116,
        109,
        108,
        62,
        10,
        60,
        104,
        116,
        109,
        108,
        32,
        108,
        97,
        110,
        103,
        61,
        34,
        101,
        110,
        34,
        62,
        10,
        60,
        104,
        101,
        97,
        100,
        62,
        10,
        32,
        32,
        32,
        32,
        60,
        109,
        101,
        116,
        97,
        32,
        99,
        104,
        97,
        114,
        115,
        101,
        116,
        61,
        34,
        85,
        84,
        70,
        45,
        56,
        34,
        62,
        10,
        32,
        32,
        32,
        32,
        60,
        109,
        101,
        116,
        97,
        32,
        110,
        97,
        109,
        101,
        61,
        34,
        114,
        111,
        98,
        111,
        116,
        115,
        34,
        32,
        99,
        111,
        110,
        116,
        101,
        110,
        116,
        61,
        34,
        110,
        111,
        102,
        111,
        108,
        108,
        111,
        119,
        34,
        32,
        47,
        62,
        10,
        32,
        32,
        32,
        32,
        60,
        109,
        101,
        116,
        97,
        32,
        110,
        97,
        109,
        101,
        61,
        34,
        97,
        112,
        112,
        108,
        105,
        99,
        97,
        98,
        108,
        101,
        45,
        100,
        101,
        118,
        105,
        99,
        101,
        34,
        32,
        99,
        111,
        110,
        116,
        101,
        110,
        116,
        61,
        34,
        109,
        111,
        98,
        105,
        108,
        101,
        34,
        62,
        10,
        32,
        32,
        32,
        32,
        60,
        109,
        101,
        116,
        97,
        32,
        99,
        111,
        110,
        116,
        101,
        110,
        116,
        61,
        34,
        119,
        105,
        100,
        116,
        104,
        61,
        100,
        101,
        118,
        105,
        99,
        101,
        45,
        119,
        105,
        100,
        116,
        104,
        44,
        32,
        105,
        110,
        105,
        116,
        105,
        97,
        108,
        45,
        115,
        99,
        97,
        108,
        101,
        61,
        49,
        46,
        48,
        44,
        32,
        109,
        97,
        120,
        105,
        109,
        117,
        109,
        45,
        115,
        99,
        97,
        108,
        101,
        61,
        49,
        46,
        48,
        44,
        32,
        117,
        115,
        101,
        114,
        45,
        115,
        99,
        97,
        108,
        97,
        98,
        108,
        101,
        61,
        48,
        59,
        34,
        32,
        110,
        97,
        109,
        101,
        61,
        34,
        118,
        105,
        101,
        119,
        112,
        111,
        114,
        116,
        34,
        47,
        62,
        10,
        32,
        32,
        32,
        32,
        60,
        116,
        105,
        116,
        108,
        101,
        62,
        230,
        150,
        176,
        230,
        150,
        176,
        232,
        180,
        183,
        233,
        166,
        150,
        233,
        161,
        181,
        60,
        47,
        116,
        105,
        116,
        108,
        101,
        62,
        10,
        32,
        32,
        32,
        32,
        60,
        108,
        105,
        110,
        107,
        32,
        114,
        101,
        108,
        61,
        34,
        115,
        116,
        121,
        108,
        101,
        115,
        104,
        101,
        101,
        116,
        34,
        32,
        104,
        114,
        101,
        102,
        61,
        34,
        46,
        46,
        47,
        99,
        115,
        115,
        47,
        98,
        97,
        115,
        101,
        46,
        99,
        115,
        115,
        34,
        62,
        10,
        32,
        32,
        32,
        32,
        60,
        108,
        105,
        110,
        107,
        32,
        114,
        101,
        108,
        61,
        34,
        115,
        116,
        121,
        108,
        101,
        115,
        104,
        101,
        101,
        116,
        34,
        32,
        104,
        114,
        101,
        102,
        61,
        34,
        105,
        110,
        100,
        101,
        120,
        46,
        99,
        115,
        115,
        34,
        62,
        10,
        32,
        32,
        32,
        32,
        60,
        115,
        99,
        114,
        105,
        112,
        116,
        32,
        115,
        114,
        99,
        61,
        34,
        46,
        46,
        47,
        98,
        97,
        115,
        101,
        46,
        106,
        115,
        34,
        62,
        60,
        47,
        115,
        99,
        114,
        105,
        112,
        116,
        62,
        10,
        60,
        47,
        104,
        101,
        97,
        100,
        62,
        10,
        60,
        98,
        111,
        100,
        121,
        62,
        10,
        32,
        32,
        32,
        32,
        60,
        33,
        45,
        45,
        104,
        101,
        97,
        100,
        101,
        114,
        32,
        115,
        116,
        97,
        114,
        116,
        45,
        45,
        62,
        10,
        32,
        32,
        32,
        32,
        60,
        100,
        105,
        118,
        32,
        99,
        108,
        97,
        115,
        115,
        61,
        34,
        104,
        111,
        109,
        101,
        45,
        104,
        101,
        97,
        100,
        101,
        114,
        32,
        104,
        101,
        97,
        100,
        101,
        114,
        34,
        62,
        10,
        32,
        32,
        32,
        32,
        32,
        32,
        32,
        32,
        60,
        100,
        105,
        118,
        32,
        99,
        108,
        97,
        115,
        115,
        61,
        34,
        108,
        111,
        103,
        111,
        45,
        119,
        114,
        97,
        112,
        112,
        101,
        114,
        34,
        62,
        10,
        32,
        32,
        32,
        32,
        32,
        32,
        32,
        32,
        32,
        32,
        32,
        32,
        60,
        100,
        105,
        118,
        32,
        99,
        108,
        97,
        115,
        115,
        61,
        34,
        108,
        111,
        103,
        111,
        34,
        62,
        60,
        47,
        100,
        105,
        118,
        62,
        10,
        32,
        32,
        32,
        32,
        32,
        32,
        32,
        32,
        32,
        32,
        32,
        32,
        60,
        100,
        105,
        118,
        32,
        99,
        108,
        97,
        115,
        115,
        61,
        34,
        104,
        101,
        97,
        100,
        101,
        114,
        45,
        116,
        105,
        116,
        34,
        62,
        10,
        32,
        32,
        32,
        32,
        32,
        32,
        32,
        32,
        32,
        32,
        32,
        32,
        32,
        32,
        32,
        32,
        60,
        112,
        32,
        99,
        108,
        97,
        115,
        115,
        61,
        34,
        97,
        112,
        112,
        45,
        110,
        97,
        109,
        101,
        34,
        62,
        230,
        150,
        176,
        230,
        150,
        176,
        232,
        180,
        183,
        231,
        144,
        134,
        232,
        180,
        162,
        60,
        47,
        112,
        62,
        10,
        32,
        32,
        32,
        32,
        32,
        32,
        32,
        32,
        32,
        32,
        32,
        32,
        32,
        32,
        32,
        32,
        60,
        112,
        32,
        99,
        108,
        97,
        115,
        115,
        61,
        34,
        97,
        112,
        112,
        45,
        115,
        108,
        111,
        103,
        97,
        110,
        34,
        62,
        228,
        187,
        165,
        228,
        191,
        161,
        231,
        155,
        184,
        232,
        180,
        183,
        239,
        188,
        140,
        231,
        148,
        168,
        230,
        150,
        176,
        230,
        156,
        141,
        229,
        138,
        161,
        60,
        47,
        112,
        62,
        10,
        32,
        32,
        32,
        32,
        32,
        32,
        32,
        32,
        32,
        32,
        32,
        32,
        60,
        47,
        100,
        105,
        118,
        62,
        10,
        32,
        32,
        32,
        32,
        32,
        32,
        32,
        32,
        60,
        47,
        100,
        105,
        118,
        62,
        10,
        32,
        32,
        32,
        32,
        32,
        32,
        32,
        32,
        60,
        100,
        105,
        118,
        32,
        99,
        108,
        97,
        115,
        115,
        61,
        34,
        104,
        101,
        97,
        100,
        101,
        114,
        45,
        114,
        105,
        103,
        104,
        116,
        34,
        62,
        10,
        32,
        32,
        32,
        32,
        32,
        32,
        32,
        32,
        32,
        32,
        32,
        32,
        60,
        98,
        117,
        116,
        116,
        111,
        110,
        32,
        99,
        108,
        97,
        115,
        115,
        61,
        34,
        111,
        112,
        101,
        110,
        45,
        97,
        112,
        112,
        45,
        98,
        116,
        110,
        34,
        62,
        230,
        137,
        147,
        229,
        188,
        128,
        65,
        112,
        112,
        60,
        47,
        98,
        117,
        116,
        116,
        111,
        110,
        62,
        10,
        32,
        32,
        32,
        32,
        32,
        32,
        32,
        32,
        60,
        47,
        100,
        105,
        118,
        62,
        10,
        32,
        32,
        32,
        32,
        60,
        47,
        100,
        105,
        118,
        62,
        10,
        32,
        32,
        32,
        32,
        60,
        33,
        45,
        45,
        104,
        101,
        97,
        100,
        101,
        114,
        32,
        101,
        110,
        100,
        45,
        45,
        62,
        10,
        10,
        32,
        32,
        32,
        32,
        60,
        100,
        105,
        118,
        32,
        99,
        108,
        97,
        115,
        115,
        61,
        34,
        104,
        111,
        109,
        101,
        45,
        99,
        111,
        110,
        116,
        97,
        105,
        110,
        101,
        114,
        34,
        62,
        10,
        32,
        32,
        32,
        32,
        32,
        32,
        32,
        32,
        60,
        33,
        45,
        45,
        98,
        97,
        110,
        110,
        101,
        114,
        32,
        115,
        116,
        97,
        114,
        116,
        45,
        45,
        62,
        10,
        32,
        32,
        32,
        32,
        32,
        32,
        32,
        32,
        60,
        100,
        105,
        118,
        32,
        99,
        108,
        97,
        115,
        115,
        61,
        34,
        98,
        97,
        110,
        110,
        101,
        114,
        45,
        119,
        114,
        97,
        112,
        112,
        101,
        114,
        34,
        62,
        10,
        32,
        32,
        32,
        32,
        32,
        32,
        32,
        32,
        32,
        32,
        32,
        32,
        60,
        105,
        109,
        103,
        32,
        115,
        114,
        99,
        61,
        34,
        105,
        109,
        103,
        115,
        47,
        98,
        97,
        110,
        110,
        110,
        101,
        114,
        46,
        112,
        110,
        103,
        34,
        32,
        97,
        108,
        116,
        61,
        34,
        34,
        62,
        10,
        32,
        32,
        32,
        32,
        32,
        32,
        32,
        32,
        60,
        47,
        100,
        105,
        118,
        62,
        10,
        32,
        32,
        32,
        32,
        32,
        32,
        32,
        32,
        60,
        33,
        45,
        45,
        98,
        97,
        110,
        110,
        101,
        114,
        32,
        101,
        110,
        100,
        45,
        45,
        62,
        10,
        10,
        32,
        32,
        32,
        32,
        32,
        32,
        32,
        32,
        60,
        33,
        45,
        45,
        109,
        101,
        110,
        117,
        32,
        115,
        116,
        97,
        114,
        116,
        45,
        45,
        62,
        10,
        32,
        32,
        32,
        32,
        32,
        32,
        32,
        32,
        60,
        100,
        105,
        118,
        32,
        99,
        108,
        97,
        115,
        115,
        61,
        34,
        109,
        101,
        110,
        117,
        45,
        119,
        114,
        97,
        112,
        112,
        101,
        114,
        34,
        62,
        10,
        32,
        32,
        32,
        32,
        32,
        32,
        32,
        32,
        32,
        32,
        32,
        32,
        60,
        117,
        108,
        32,
        99,
        108,
        97,
        115,
        115,
        61,
        34,
        109,
        101,
        110,
        117,
        34,
        62,
        10,
        32,
        32,
        32,
        32,
        32,
        32,
        32,
        32,
        32,
        32,
        32,
        32,
        32,
        32,
        32,
        32,
        60,
        108,
        105,
        32,
        99,
        108,
        97,
        115,
        115,
        61,
        34,
        109,
        101,
        110,
        117,
        45,
        105,
        116,
        101,
        109,
        34,
        62,
        10,
        32,
        32,
        32,
        32,
        32,
        32,
        32,
        32,
        32,
        32,
        32,
        32,
        32,
        32,
        32,
        32,
        32,
        32,
        32,
        32,
        60,
        115,
        112,
        97,
        110,
        32,
        99,
        108,
        97,
        115,
        115,
        61,
        34,
        109,
        101,
        110,
        117,
        45,
        105,
        99,
        111,
        110,
        32,
        97,
        115,
        115,
        111,
        99,
        105,
        97,
        116,
        105,
        111,
        110,
        45,
        105,
        99,
        111,
        110,
        34,
        62,
        60,
        47,
        115,
        112,
        97,
        110,
        62,
        10,
        32,
        32,
        32,
        32,
        32,
        32,
        32,
        32,
        32,
        32,
        32,
        32,
        32,
        32,
        32,
        32,
        32,
        32,
        32,
        32,
        60,
        115,
        112,
        97,
        110,
        32,
        99,
        108,
        97,
        115,
        115,
        61,
        34,
        109,
        101,
        110,
        117,
        45,
        116,
        120,
        116,
        34,
        62,
        228,
        186,
        146,
        233,
        135,
        145,
        229,
        141,
        143,
        228,
        188,
        154,
        230,
        136,
        144,
        229,
        145,
        152,
        60,
        47,
        115,
        112,
        97,
        110,
        62,
        10,
        32,
        32,
        32,
        32,
        32,
        32,
        32,
        32,
        32,
        32,
        32,
        32,
        32,
        32,
        32,
        32,
        60,
        47,
        108,
        105,
        62,
        10,
        32,
        32,
        32,
        32,
        32,
        32,
        32,
        32,
        32,
        32,
        32,
        32,
        32,
        32,
        32,
        32,
        60,
        108,
        105,
        32,
        99,
        108,
        97,
        115,
        115,
        61,
        34,
        109,
        101,
        110,
        117,
        45,
        105,
        116,
        101,
        109,
        34,
        62,
        10,
        32,
        32,
        32,
        32,
        32,
        32,
        32,
        32,
        32,
        32,
        32,
        32,
        32,
        32,
        32,
        32,
        32,
        32,
        32,
        32,
        60,
        115,
        112,
        97,
        110,
        32,
        99,
        108,
        97,
        115,
        115,
        61,
        34,
        109,
        101,
        110,
        117,
        45,
        105,
        99,
        111,
        110,
        32,
        115,
        97,
        115,
        97,
        99,
        45,
        105,
        99,
        111,
        110,
        34,
        62,
        60,
        47,
        115,
        112,
        97,
        110,
        62,
        10,
        32,
        32,
        32,
        32,
        32,
        32,
        32,
        32,
        32,
        32,
        32,
        32,
        32,
        32,
        32,
        32,
        32,
        32,
        32,
        32,
        60,
        115,
        112,
        97,
        110,
        32,
        99,
        108,
        97,
        115,
        115,
        61,
        34,
        109,
        101,
        110,
        117,
        45,
        116,
        120,
        116,
        34,
        62,
        229,
        155,
        189,
        232,
        181,
        132,
        231,
        179,
        187,
        230,
        150,
        176,
        229,
        174,
        158,
        229,
        138,
        155,
        60,
        47,
        115,
        112,
        97,
        110,
        62,
        10,
        32,
        32,
        32,
        32,
        32,
        32,
        32,
        32,
        32,
        32,
        32,
        32,
        32,
        32,
        32,
        32,
        60,
        47,
        108,
        105,
        62,
        10,
        32,
        32,
        32,
        32,
        32,
        32,
        32,
        32,
        32,
        32,
        32,
        32,
        32,
        32,
        32,
        32,
        60,
        108,
        105,
        32,
        99,
        108,
        97,
        115,
        115,
        61,
        34,
        109,
        101,
        110,
        117,
        45,
        105,
        116,
        101,
        109,
        34,
        62,
        10,
        32,
        32,
        32,
        32,
        32,
        32,
        32,
        32,
        32,
        32,
        32,
        32,
        32,
        32,
        32,
        32,
        32,
        32,
        32,
        32,
        60,
        115,
        112,
        97,
        110,
        32,
        99,
        108,
        97,
        115,
        115,
        61,
        34,
        109,
        101,
        110,
        117,
        45,
        105,
        99,
        111,
        110,
        32,
        100,
        101,
        112,
        111,
        115,
        105,
        116,
        111,
        114,
        121,
        45,
        105,
        99,
        111,
        110,
        34,
        62,
        60,
        47,
        115,
        112,
        97,
        110,
        62,
        10,
        32,
        32,
        32,
        32,
        32,
        32,
        32,
        32,
        32,
        32,
        32,
        32,
        32,
        32,
        32,
        32,
        32,
        32,
        32,
        32,
        60,
        115,
        112,
        97,
        110,
        32,
        99,
        108,
        97,
        115,
        115,
        61,
        34,
        109,
        101,
        110,
        117,
        45,
        116,
        120,
        116,
        34,
        62,
        232,
        181,
        132,
        233,
        135,
        145,
        233,
        147,
        182,
        232,
        161,
        140,
        229,
        173,
        152,
        231,
        174,
        161,
        60,
        47,
        115,
        112,
        97,
        110,
        62,
        10,
        32,
        32,
        32,
        32,
        32,
        32,
        32,
        32,
        32,
        32,
        32,
        32,
        32,
        32,
        32,
        32,
        60,
        47,
        108,
        105,
        62,
        10,
        32,
        32,
        32,
        32,
        32,
        32,
        32,
        32,
        32,
        32,
        32,
        32,
        32,
        32,
        32,
        32,
        60,
        108,
        105,
        32,
        99,
        108,
        97,
        115,
        115,
        61,
        34,
        109,
        101,
        110,
        117,
        45,
        105,
        116,
        101,
        109,
        34,
        62,
        10,
        32,
        32,
        32,
        32,
        32,
        32,
        32,
        32,
        32,
        32,
        32,
        32,
        32,
        32,
        32,
        32,
        32,
        32,
        32,
        32,
        60,
        115,
        112,
        97,
        110,
        32,
        99,
        108,
        97,
        115,
        115,
        61,
        34,
        109,
        101,
        110,
        117,
        45,
        105,
        99,
        111,
        110,
        32,
        114,
        105,
        115,
        107,
        45,
        109,
        97,
        110,
        97,
        103,
        101,
        109,
        101,
        110,
        116,
        45,
        105,
        99,
        111,
        110,
        34,
        62,
        60,
        47,
        115,
        112,
        97,
        110,
        62,
        10,
        32,
        32,
        32,
        32,
        32,
        32,
        32,
        32,
        32,
        32,
        32,
        32,
        32,
        32,
        32,
        32,
        32,
        32,
        32,
        32,
        60,
        115,
        112,
        97,
        110,
        32,
        99,
        108,
        97,
        115,
        115,
        61,
        34,
        109,
        101,
        110,
        117,
        45,
        116,
        120,
        116,
        34,
        62,
        233,
        147,
        182,
        232,
        161,
        140,
        231,
        186,
        167,
        229,
        136,
        171,
        233,
        163,
        142,
        230,
        142,
        167,
        60,
        47,
        115,
        112,
        97,
        110,
        62,
        10,
        32,
        32,
        32,
        32,
        32,
        32,
        32,
        32,
        32,
        32,
        32,
        32,
        32,
        32,
        32,
        32,
        60,
        47,
        108,
        105,
        62,
        10,
        32,
        32,
        32,
        32,
        32,
        32,
        32,
        32,
        32,
        32,
        32,
        32,
        60,
        47,
        117,
        108,
        62,
        10,
        32,
        32,
        32,
        32,
        32,
        32,
        32,
        32,
        60,
        47,
        100,
        105,
        118,
        62,
        10,
        32,
        32,
        32,
        32,
        32,
        32,
        32,
        32,
        60,
        33,
        45,
        45,
        109,
        101,
        110,
        117,
        32,
        101,
        110,
        100,
        45,
        45,
        62,
        10,
        10,
        32,
        32,
        32,
        32,
        32,
        32,
        32,
        32,
        60,
        33,
        45,
        45,
        109,
        97,
        105,
        110,
        32,
        115,
        116,
        97,
        114,
        116,
        45,
        45,
        62,
        10,
        32,
        32,
        32,
        32,
        32,
        32,
        32,
        32,
        60,
        100,
        105,
        118,
        32,
        99,
        108,
        97,
        115,
        115,
        61,
        34,
        104,
        111,
        109,
        101,
        45,
        109,
        97,
        105,
        110,
        34,
        62,
        10,
        10,
        32,
        32,
        32,
        32,
        32,
        32,
        32,
        32,
        32,
        32,
        32,
        32,
        60,
        100,
        105,
        118,
        32,
        99,
        108,
        97,
        115,
        115,
        61,
        34,
        112,
        114,
        111,
        100,
        117,
        99,
        116,
        45,
        97,
        100,
        34,
        62,
        10,
        32,
        32,
        32,
        32,
        32,
        32,
        32,
        32,
        32,
        32,
        32,
        32,
        32,
        32,
        32,
        32,
        60,
        33,
        45,
        45,
        233,
        187,
        152,
        232,
        174,
        164,
        230,
        152,
        190,
        231,
        164,
        186,
        230,
        156,
        170,
        231,
        153,
        187,
        229,
        189,
        149,
        239,
        188,
        140,
        231,
        153,
        187,
        233,
        153,
        134,
        231,
        138,
        182,
        230,
        128,
        129,
        229,
        155,
        190,
        231,
        137,
        135,
        239,
        188,
        154,
        97,
        100,
        95,
        108,
        111,
        103,
        105,
        110,
        95,
        98,
        103,
        46,
        112,
        110,
        103,
        45,
        45,
        62,
        10,
        32,
        32,
        32,
        32,
        32,
        32,
        32,
        32,
        32,
        32,
        32,
        32,
        32,
        32,
        32,
        32,
        60,
        105,
        109,
        103,
        32,
        115,
        114,
        99,
        61,
        34,
        46,
        46,
        47,
        104,
        111,
        109,
        101,
        47,
        105,
        109,
        103,
        115,
        47,
        97,
        100,
        95,
        114,
        101,
        100,
        95,
        112,
        97,
        99,
        107,
        101,
        116,
        46,
        112,
        110,
        103,
        34,
        32,
        97,
        108,
        116,
        61,
        34,
        34,
        47,
        62,
        10,
        32,
        32,
        32,
        32,
        32,
        32,
        32,
        32,
        32,
        32,
        32,
        32,
        60,
        47,
        100,
        105,
        118,
        62,
        10,
        10,
        32,
        32,
        32,
        32,
        32,
        32,
        32,
        32,
        32,
        32,
        32,
        32,
        60,
        33,
        45,
        45,
        228,
        186,
        167,
        229,
        147,
        129,
        230,
        142,
        168,
        232,
        141,
        144,
        32,
        115,
        116,
        97,
        114,
        116,
        45,
        45,
        62,
        10,
        32,
        32,
        32,
        32,
        32,
        32,
        32,
        32,
        32,
        32,
        32,
        32,
        60,
        100,
        105,
        118,
        32,
        99,
        108,
        97,
        115,
        115,
        61,
        34,
        112,
        114,
        111,
        100,
        117,
        99,
        116,
        45,
        119,
        114,
        97,
        112,
        112,
        101,
        114,
        34,
        62,
        10,
        32,
        32,
        32,
        32,
        32,
        32,
        32,
        32,
        32,
        32,
        32,
        32,
        32,
        32,
        32,
        32,
        60,
        100,
        105,
        118,
        32,
        99,
        108,
        97,
        115,
        115,
        61,
        34,
        112,
        114,
        111,
        100,
        117,
        99,
        116,
        45,
        99,
        111,
        110,
        116,
        101,
        110,
        116,
        34,
        62,
        10,
        32,
        32,
        32,
        32,
        32,
        32,
        32,
        32,
        32,
        32,
        32,
        32,
        32,
        32,
        32,
        32,
        32,
        32,
        32,
        32,
        60,
        100,
        105,
        118,
        32,
        99,
        108,
        97,
        115,
        115,
        61,
        34,
        112,
        114,
        111,
        100,
        117,
        99,
        116,
        45,
        116,
        105,
        116,
        34,
        62,
        10,
        32,
        32,
        32,
        32,
        32,
        32,
        32,
        32,
        32,
        32,
        32,
        32,
        32,
        32,
        32,
        32,
        32,
        32,
        32,
        32,
        32,
        32,
        32,
        32,
        60,
        115,
        112,
        97,
        110,
        32,
        99,
        108,
        97,
        115,
        115,
        61,
        34,
        99,
        105,
        114,
        99,
        108,
        101,
        34,
        62,
        60,
        47,
        115,
        112,
        97,
        110,
        62,
        10,
        32,
        32,
        32,
        32,
        32,
        32,
        32,
        32,
        32,
        32,
        32,
        32,
        32,
        32,
        32,
        32,
        32,
        32,
        32,
        32,
        32,
        32,
        32,
        32,
        60,
        115,
        112,
        97,
        110,
        32,
        99,
        108,
        97,
        115,
        115,
        61,
        34,
        116,
        105,
        116,
        45,
        116,
        120,
        116,
        34,
        62,
        230,
        150,
        176,
        230,
        137,
        139,
        228,
        186,
        167,
        229,
        147,
        129,
        60,
        47,
        115,
        112,
        97,
        110,
        62,
        10,
        32,
        32,
        32,
        32,
        32,
        32,
        32,
        32,
        32,
        32,
        32,
        32,
        32,
        32,
        32,
        32,
        32,
        32,
        32,
        32,
        32,
        32,
        32,
        32,
        60,
        33,
        45,
        45,
        230,
        152,
        175,
        229,
        144,
        166,
        229,
        138,
        160,
        229,
        133,
        165,
        232,
        191,
        135,
        230,
        150,
        176,
        230,
        137,
        139,
        228,
        186,
        167,
        229,
        147,
        129,
        239,
        188,
        140,
        230,
        178,
        161,
        230,
        156,
        137,
        229,
        138,
        160,
        229,
        133,
        165,
        232,
        191,
        135,
        239,
        188,
        154,
        230,
        150,
        176,
        230,
        137,
        139,
        228,
        186,
        167,
        229,
        147,
        129,
        45,
        45,
        62,
        10,
        32,
        32,
        32,
        32,
        32,
        32,
        32,
        32,
        32,
        32,
        32,
        32,
        32,
        32,
        32,
        32,
        32,
        32,
        32,
        32,
        32,
        32,
        32,
        32,
        60,
        115,
        112,
        97,
        110,
        32,
        99,
        108,
        97,
        115,
        115,
        61,
        34,
        99,
        105,
        114,
        99,
        108,
        101,
        34,
        62,
        60,
        47,
        115,
        112,
        97,
        110,
        62,
        10,
        32,
        32,
        32,
        32,
        32,
        32,
        32,
        32,
        32,
        32,
        32,
        32,
        32,
        32,
        32,
        32,
        32,
        32,
        32,
        32,
        60,
        47,
        100,
        105,
        118,
        62,
        10,
        32,
        32,
        32,
        32,
        32,
        32,
        32,
        32,
        32,
        32,
        32,
        32,
        32,
        32,
        32,
        32,
        32,
        32,
        32,
        32,
        60,
        100,
        105,
        118,
        32,
        99,
        108,
        97,
        115,
        115,
        61,
        34,
        112,
        114,
        111,
        100,
        117,
        99,
        116,
        45,
        100,
        101,
        116,
        97,
        105,
        108,
        34,
        62,
        10,
        32,
        32,
        32,
        32,
        32,
        32,
        32,
        32,
        32,
        32,
        32,
        32,
        32,
        32,
        32,
        32,
        32,
        32,
        32,
        32,
        32,
        32,
        32,
        32,
        60,
        112,
        32,
        99,
        108,
        97,
        115,
        115,
        61,
        34,
        112,
        114,
        111,
        100,
        117,
        99,
        116,
        45,
        110,
        97,
        109,
        101,
        34,
        62,
        228,
        184,
        131,
        229,
        164,
        169,
        229,
        164,
        167,
        232,
        131,
        156,
        60,
        47,
        112,
        62,
        10,
        32,
        32,
        32,
        32,
        32,
        32,
        32,
        32,
        32,
        32,
        32,
        32,
        32,
        32,
        32,
        32,
        32,
        32,
        32,
        32,
        32,
        32,
        32,
        32,
        60,
        100,
        105,
        118,
        32,
        99,
        108,
        97,
        115,
        115,
        61,
        34,
        112,
        114,
        111,
        100,
        117,
        99,
        116,
        45,
        101,
        97,
        114,
        110,
        105,
        110,
        103,
        115,
        34,
        62,
        10,
        32,
        32,
        32,
        32,
        32,
        32,
        32,
        32,
        32,
        32,
        32,
        32,
        32,
        32,
        32,
        32,
        32,
        32,
        32,
        32,
        32,
        32,
        32,
        32,
        32,
        32,
        32,
        32,
        60,
        100,
        105,
        118,
        32,
        99,
        108,
        97,
        115,
        115,
        61,
        34,
        101,
        97,
        114,
        110,
        105,
        110,
        103,
        115,
        45,
        97,
        112,
        121,
        34,
        62,
        10,
        32,
        32,
        32,
        32,
        32,
        32,
        32,
        32,
        32,
        32,
        32,
        32,
        32,
        32,
        32,
        32,
        32,
        32,
        32,
        32,
        32,
        32,
        32,
        32,
        32,
        32,
        32,
        32,
        32,
        32,
        32,
        32,
        60,
        115,
        112,
        97,
        110,
        32,
        99,
        108,
        97,
        115,
        115,
        61,
        34,
        112,
        101,
        114,
        99,
        101,
        110,
        116,
        77,
        34,
        62,
        49,
        48,
        37,
        60,
        47,
        115,
        112,
        97,
        110,
        62,
        60,
        115,
        112,
        97,
        110,
        32,
        99,
        108,
        97,
        115,
        115,
        61,
        34,
        112,
        101,
        114,
        99,
        101,
        110,
        116,
        83,
        34,
        62,
        43,
        51,
        37,
        60,
        47,
        115,
        112,
        97,
        110,
        62,
        10,
        32,
        32,
        32,
        32,
        32,
        32,
        32,
        32,
        32,
        32,
        32,
        32,
        32,
        32,
        32,
        32,
        32,
        32,
        32,
        32,
        32,
        32,
        32,
        32,
        32,
        32,
        32,
        32,
        32,
        32,
        32,
        32,
        60,
        105,
        32,
        99,
        108,
        97,
        115,
        115,
        61,
        34,
        116,
        111,
        97,
        115,
        116,
        34,
        62,
        233,
        153,
        144,
        230,
        151,
        182,
        229,
        138,
        160,
        230,
        129,
        175,
        60,
        47,
        105,
        62,
        10,
        32,
        32,
        32,
        32,
        32,
        32,
        32,
        32,
        32,
        32,
        32,
        32,
        32,
        32,
        32,
        32,
        32,
        32,
        32,
        32,
        32,
        32,
        32,
        32,
        32,
        32,
        32,
        32,
        60,
        47,
        100,
        105,
        118,
        62,
        10,
        32,
        32,
        32,
        32,
        32,
        32,
        32,
        32,
        32,
        32,
        32,
        32,
        32,
        32,
        32,
        32,
        32,
        32,
        32,
        32,
        32,
        32,
        32,
        32,
        32,
        32,
        32,
        32,
        60,
        112,
        62,
        229,
        142,
        134,
        229,
        143,
        178,
        229,
        185,
        180,
        229,
        140,
        150,
        230,
        148,
        182,
        231,
        155,
        138,
        60,
        47,
        112,
        62,
        10,
        32,
        32,
        32,
        32,
        32,
        32,
        32,
        32,
        32,
        32,
        32,
        32,
        32,
        32,
        32,
        32,
        32,
        32,
        32,
        32,
        32,
        32,
        32,
        32,
        60,
        47,
        100,
        105,
        118,
        62,
        10,
        10,
        32,
        32,
        32,
        32,
        32,
        32,
        32,
        32,
        32,
        32,
        32,
        32,
        32,
        32,
        32,
        32,
        32,
        32,
        32,
        32,
        32,
        32,
        32,
        32,
        60,
        112,
        32,
        99,
        108,
        97,
        115,
        115,
        61,
        34,
        112,
        114,
        111,
        100,
        117,
        99,
        116,
        45,
        114,
        101,
        113,
        117,
        105,
        114,
        101,
        34,
        62,
        10,
        32,
        32,
        32,
        32,
        32,
        32,
        32,
        32,
        32,
        32,
        32,
        32,
        32,
        32,
        32,
        32,
        32,
        32,
        32,
        32,
        32,
        32,
        32,
        32,
        32,
        32,
        32,
        32,
        60,
        115,
        112,
        97,
        110,
        62,
        49,
        48,
        48,
        229,
        133,
        131,
        232,
        181,
        183,
        230,
        138,
        149,
        60,
        47,
        115,
        112,
        97,
        110,
        62,
        60,
        115,
        112,
        97,
        110,
        62,
        233,
        153,
        144,
        232,
        180,
        173,
        228,
        184,
        128,
        230,
        172,
        161,
        60,
        47,
        115,
        112,
        97,
        110,
        62,
        60,
        115,
        112,
        97,
        110,
        62,
        55,
        229,
        164,
        169,
        233,
        148,
        129,
        229,
        174,
        154,
        60,
        47,
        115,
        112,
        97,
        110,
        62,
        10,
        32,
        32,
        32,
        32,
        32,
        32,
        32,
        32,
        32,
        32,
        32,
        32,
        32,
        32,
        32,
        32,
        32,
        32,
        32,
        32,
        32,
        32,
        32,
        32,
        60,
        47,
        112,
        62,
        10,
        32,
        32,
        32,
        32,
        32,
        32,
        32,
        32,
        32,
        32,
        32,
        32,
        32,
        32,
        32,
        32,
        32,
        32,
        32,
        32,
        32,
        32,
        32,
        32,
        60,
        98,
        117,
        116,
        116,
        111,
        110,
        32,
        99,
        108,
        97,
        115,
        115,
        61,
        34,
        112,
        117,
        114,
        99,
        104,
        97,
        115,
        101,
        45,
        98,
        116,
        110,
        34,
        62,
        10,
        32,
        32,
        32,
        32,
        32,
        32,
        32,
        32,
        32,
        32,
        32,
        32,
        32,
        32,
        32,
        32,
        32,
        32,
        32,
        32,
        32,
        32,
        32,
        32,
        32,
        32,
        32,
        32,
        60,
        115,
        112,
        97,
        110,
        32,
        99,
        108,
        97,
        115,
        115,
        61,
        34,
        112,
        117,
        114,
        99,
        104,
        97,
        115,
        101,
        45,
        116,
        120,
        116,
        34,
        62,
        231,
        171,
        139,
        229,
        141,
        179,
        229,
        138,
        160,
        229,
        133,
        165,
        60,
        47,
        115,
        112,
        97,
        110,
        62,
        10,
        32,
        32,
        32,
        32,
        32,
        32,
        32,
        32,
        32,
        32,
        32,
        32,
        32,
        32,
        32,
        32,
        32,
        32,
        32,
        32,
        32,
        32,
        32,
        32,
        32,
        32,
        32,
        32,
        60,
        115,
        112,
        97,
        110,
        32,
        99,
        108,
        97,
        115,
        115,
        61,
        34,
        112,
        117,
        114,
        99,
        104,
        97,
        115,
        101,
        45,
        110,
        117,
        109,
        34,
        62,
        231,
        180,
        175,
        232,
        174,
        161,
        229,
        138,
        160,
        229,
        133,
        165,
        239,
        188,
        154,
        53,
        46,
        52,
        57,
        228,
        184,
        135,
        228,
        186,
        186,
        60,
        47,
        115,
        112,
        97,
        110,
        62,
        10,
        32,
        32,
        32,
        32,
        32,
        32,
        32,
        32,
        32,
        32,
        32,
        32,
        32,
        32,
        32,
        32,
        32,
        32,
        32,
        32,
        32,
        32,
        32,
        32,
        60,
        47,
        98,
        117,
        116,
        116,
        111,
        110,
        62,
        10,
        32,
        32,
        32,
        32,
        32,
        32,
        32,
        32,
        32,
        32,
        32,
        32,
        32,
        32,
        32,
        32,
        32,
        32,
        32,
        32,
        60,
        47,
        100,
        105,
        118,
        62,
        10,
        32,
        32,
        32,
        32,
        32,
        32,
        32,
        32,
        32,
        32,
        32,
        32,
        32,
        32,
        32,
        32,
        60,
        47,
        100,
        105,
        118,
        62,
        10,
        32,
        32,
        32,
        32,
        32,
        32,
        32,
        32,
        32,
        32,
        32,
        32,
        60,
        47,
        100,
        105,
        118,
        62,
        10,
        32,
        32,
        32,
        32,
        32,
        32,
        32,
        32,
        32,
        32,
        32,
        32,
        60,
        33,
        45,
        45,
        228,
        186,
        167,
        229,
        147,
        129,
        230,
        142,
        168,
        232,
        141,
        144,
        32,
        101,
        110,
        100,
        45,
        45,
        62,
        10,
        10,
        32,
        32,
        32,
        32,
        32,
        32,
        32,
        32,
        32,
        32,
        32,
        32,
        60,
        33,
        45,
        45,
        97,
        100,
        32,
        115,
        116,
        97,
        114,
        116,
        45,
        45,
        62,
        10,
        32,
        32,
        32,
        32,
        32,
        32,
        32,
        32,
        32,
        32,
        32,
        32,
        60,
        100,
        105,
        118,
        32,
        99,
        108,
        97,
        115,
        115,
        61,
        34,
        120,
        120,
        100,
        45,
        97,
        100,
        45,
        119,
        114,
        97,
        112,
        112,
        101,
        114,
        34,
        62,
        10,
        32,
        32,
        32,
        32,
        32,
        32,
        32,
        32,
        32,
        32,
        32,
        32,
        32,
        32,
        32,
        32,
        60,
        100,
        105,
        118,
        32,
        99,
        108,
        97,
        115,
        115,
        61,
        34,
        97,
        100,
        45,
        116,
        105,
        116,
        34,
        62,
        60,
        115,
        112,
        97,
        110,
        32,
        99,
        108,
        97,
        115,
        115,
        61,
        34,
        98,
        105,
        103,
        34,
        62,
        228,
        191,
        161,
        60,
        47,
        115,
        112,
        97,
        110,
        62,
        230,
        129,
        175,
        230,
        138,
        171,
        233,
        156,
        178,
        60,
        47,
        100,
        105,
        118,
        62,
        10,
        32,
        32,
        32,
        32,
        32,
        32,
        32,
        32,
        32,
        32,
        32,
        32,
        32,
        32,
        32,
        32,
        60,
        100,
        105,
        118,
        32,
        99,
        108,
        97,
        115,
        115,
        61,
        34,
        97,
        100,
        45,
        119,
        111,
        114,
        100,
        115,
        34,
        62,
        229,
        167,
        139,
        231,
        187,
        136,
        229,
        157,
        154,
        230,
        140,
        129,
        228,
        184,
        147,
        228,
        184,
        154,
        227,
        128,
        129,
        233,
        128,
        143,
        230,
        152,
        142,
        227,
        128,
        129,
        232,
        167,
        132,
        232,
        140,
        131,
        227,
        128,
        129,
        229,
        191,
        171,
        228,
        185,
        144,
        230,
        160,
        184,
        229,
        191,
        131,
        228,
        187,
        183,
        229,
        128,
        188,
        232,
        167,
        130,
        60,
        47,
        100,
        105,
        118,
        62,
        10,
        32,
        32,
        32,
        32,
        32,
        32,
        32,
        32,
        32,
        32,
        32,
        32,
        32,
        32,
        32,
        32,
        60,
        100,
        105,
        118,
        62,
        10,
        32,
        32,
        32,
        32,
        32,
        32,
        32,
        32,
        32,
        32,
        32,
        32,
        32,
        32,
        32,
        32,
        32,
        32,
        32,
        32,
        60,
        98,
        117,
        116,
        116,
        111,
        110,
        32,
        99,
        108,
        97,
        115,
        115,
        61,
        34,
        102,
        105,
        110,
        100,
        45,
        109,
        111,
        114,
        101,
        45,
        98,
        116,
        110,
        34,
        62,
        228,
        186,
        134,
        232,
        167,
        163,
        230,
        155,
        180,
        229,
        164,
        154,
        60,
        47,
        98,
        117,
        116,
        116,
        111,
        110,
        62,
        10,
        32,
        32,
        32,
        32,
        32,
        32,
        32,
        32,
        32,
        32,
        32,
        32,
        32,
        32,
        32,
        32,
        60,
        47,
        100,
        105,
        118,
        62,
        10,
        10,
        32,
        32,
        32,
        32,
        32,
        32,
        32,
        32,
        32,
        32,
        32,
        32,
        60,
        47,
        100,
        105,
        118,
        62,
        10,
        32,
        32,
        32,
        32,
        32,
        32,
        32,
        32,
        32,
        32,
        32,
        32,
        60,
        33,
        45,
        45,
        97,
        100,
        32,
        101,
        110,
        100,
        45,
        45,
        62,
        10,
        10,
        32,
        32,
        32,
        32,
        32,
        32,
        32,
        32,
        32,
        32,
        32,
        32,
        60,
        33,
        45,
        45,
        97,
        98,
        111,
        117,
        116,
        32,
        115,
        116,
        97,
        114,
        116,
        45,
        45,
        62,
        10,
        32,
        32,
        32,
        32,
        32,
        32,
        32,
        32,
        32,
        32,
        32,
        32,
        60,
        100,
        105,
        118,
        32,
        99,
        108,
        97,
        115,
        115,
        61,
        34,
        109,
        97,
        105,
        110,
        45,
        98,
        111,
        116,
        116,
        111,
        109,
        34,
        62,
        10,
        32,
        32,
        32,
        32,
        32,
        32,
        32,
        32,
        32,
        32,
        32,
        32,
        32,
        32,
        32,
        32,
        60,
        112,
        32,
        99,
        108,
        97,
        115,
        115,
        61,
        34,
        98,
        111,
        116,
        116,
        111,
        109,
        45,
        108,
        105,
        110,
        107,
        34,
        62,
        10,
        32,
        32,
        32,
        32,
        32,
        32,
        32,
        32,
        32,
        32,
        32,
        32,
        32,
        32,
        32,
        32,
        32,
        32,
        32,
        32,
        60,
        97,
        32,
        104,
        114,
        101,
        102,
        61,
        34,
        35,
        34,
        62,
        229,
        174,
        162,
        230,
        136,
        183,
        231,
        171,
        175,
        60,
        47,
        97,
        62,
        10,
        32,
        32,
        32,
        32,
        32,
        32,
        32,
        32,
        32,
        32,
        32,
        32,
        32,
        32,
        32,
        32,
        32,
        32,
        32,
        32,
        60,
        97,
        32,
        104,
        114,
        101,
        102,
        61,
        34,
        35,
        34,
        62,
        231,
        148,
        181,
        232,
        132,
        145,
        231,
        137,
        136,
        60,
        47,
        97,
        62,
        10,
        32,
        32,
        32,
        32,
        32,
        32,
        32,
        32,
        32,
        32,
        32,
        32,
        32,
        32,
        32,
        32,
        32,
        32,
        32,
        32,
        60,
        97,
        32,
        104,
        114,
        101,
        102,
        61,
        34,
        35,
        34,
        62,
        232,
        129,
        148,
        231,
        179,
        187,
        230,
        136,
        145,
        228,
        187,
        172,
        60,
        47,
        97,
        62,
        10,
        32,
        32,
        32,
        32,
        32,
        32,
        32,
        32,
        32,
        32,
        32,
        32,
        32,
        32,
        32,
        32,
        32,
        32,
        32,
        32,
        60,
        97,
        32,
        104,
        114,
        101,
        102,
        61,
        34,
        35,
        34,
        62,
        233,
        151,
        174,
        231,
        173,
        148,
        60,
        47,
        97,
        62,
        10,
        32,
        32,
        32,
        32,
        32,
        32,
        32,
        32,
        32,
        32,
        32,
        32,
        32,
        32,
        32,
        32,
        60,
        47,
        112,
        62,
        10,
        32,
        32,
        32,
        32,
        32,
        32,
        32,
        32,
        32,
        32,
        32,
        32,
        32,
        32,
        32,
        32,
        60,
        112,
        32,
        99,
        108,
        97,
        115,
        115,
        61,
        34,
        99,
        111,
        109,
        112,
        97,
        110,
        121,
        45,
        110,
        97,
        109,
        101,
        34,
        62,
        230,
        150,
        176,
        230,
        150,
        176,
        232,
        180,
        183,
        239,
        188,
        136,
        228,
        184,
        138,
        230,
        181,
        183,
        239,
        188,
        137,
        233,
        135,
        145,
        232,
        158,
        141,
        228,
        191,
        161,
        230,
        129,
        175,
        230,
        156,
        141,
        229,
        138,
        161,
        230,
        156,
        137,
        233,
        153,
        144,
        229,
        133,
        172,
        229,
        143,
        184,
        60,
        47,
        112,
        62,
        10,
        32,
        32,
        32,
        32,
        32,
        32,
        32,
        32,
        32,
        32,
        32,
        32,
        32,
        32,
        32,
        32,
        60,
        112,
        32,
        99,
        108,
        97,
        115,
        115,
        61,
        34,
        99,
        111,
        109,
        112,
        97,
        110,
        121,
        45,
        116,
        105,
        112,
        115,
        34,
        62,
        229,
        184,
        130,
        229,
        156,
        186,
        230,
        156,
        137,
        233,
        163,
        142,
        233,
        153,
        169,
        239,
        188,
        140,
        229,
        135,
        186,
        229,
        128,
        159,
        233,
        156,
        128,
        232,
        176,
        168,
        230,
        133,
        142,
        60,
        47,
        112,
        62,
        10,
        32,
        32,
        32,
        32,
        32,
        32,
        32,
        32,
        32,
        32,
        32,
        32,
        60,
        47,
        100,
        105,
        118,
        62,
        10,
        32,
        32,
        32,
        32,
        32,
        32,
        32,
        32,
        32,
        32,
        32,
        32,
        60,
        33,
        45,
        45,
        97,
        98,
        111,
        117,
        116,
        32,
        115,
        116,
        97,
        114,
        116,
        45,
        45,
        62,
        10,
        32,
        32,
        32,
        32,
        32,
        32,
        32,
        32,
        60,
        47,
        100,
        105,
        118,
        62,
        10,
        32,
        32,
        32,
        32,
        32,
        32,
        32,
        32,
        60,
        33,
        45,
        45,
        109,
        97,
        105,
        110,
        32,
        101,
        110,
        100,
        45,
        45,
        62,
        10,
        32,
        32,
        32,
        32,
        60,
        47,
        100,
        105,
        118,
        62,
        10,
        10,
        10,
        32,
        32,
        32,
        32,
        60,
        33,
        45,
        45,
        102,
        111,
        111,
        116,
        101,
        114,
        32,
        110,
        97,
        118,
        32,
        115,
        116,
        97,
        114,
        116,
        45,
        45,
        62,
        10,
        32,
        32,
        32,
        32,
        60,
        100,
        105,
        118,
        32,
        99,
        108,
        97,
        115,
        115,
        61,
        34,
        102,
        111,
        111,
        116,
        101,
        114,
        34,
        62,
        10,
        32,
        32,
        32,
        32,
        32,
        32,
        32,
        32,
        60,
        117,
        108,
        32,
        99,
        108,
        97,
        115,
        115,
        61,
        34,
        102,
        111,
        111,
        116,
        101,
        114,
        45,
        116,
        97,
        98,
        34,
        62,
        10,
        32,
        32,
        32,
        32,
        32,
        32,
        32,
        32,
        32,
        32,
        32,
        32,
        60,
        33,
        45,
        45,
        116,
        97,
        98,
        45,
        108,
        105,
        110,
        107,
        45,
        97,
        99,
        116,
        32,
        97,
        99,
        116,
        105,
        118,
        101,
        231,
        138,
        182,
        230,
        128,
        129,
        231,
        177,
        187,
        229,
        144,
        141,
        45,
        45,
        62,
        10,
        32,
        32,
        32,
        32,
        32,
        32,
        32,
        32,
        32,
        32,
        32,
        32,
        60,
        108,
        105,
        32,
        99,
        108,
        97,
        115,
        115,
        61,
        34,
        116,
        97,
        98,
        45,
        108,
        105,
        110,
        107,
        32,
        34,
        62,
        10,
        32,
        32,
        32,
        32,
        32,
        32,
        32,
        32,
        32,
        32,
        32,
        32,
        32,
        32,
        32,
        32,
        60,
        115,
        112,
        97,
        110,
        32,
        99,
        108,
        97,
        115,
        115,
        61,
        34,
        116,
        97,
        98,
        45,
        108,
        105,
        110,
        107,
        45,
        105,
        99,
        111,
        110,
        32,
        116,
        97,
        98,
        45,
        104,
        111,
        109,
        101,
        34,
        62,
        60,
        47,
        115,
        112,
        97,
        110,
        62,
        10,
        32,
        32,
        32,
        32,
        32,
        32,
        32,
        32,
        32,
        32,
        32,
        32,
        32,
        32,
        32,
        32,
        60,
        115,
        112,
        97,
        110,
        32,
        99,
        108,
        97,
        115,
        115,
        61,
        34,
        116,
        97,
        98,
        45,
        108,
        105,
        110,
        107,
        45,
        116,
        120,
        116,
        34,
        62,
        233,
        166,
        150,
        233,
        161,
        181,
        60,
        47,
        115,
        112,
        97,
        110,
        62,
        10,
        32,
        32,
        32,
        32,
        32,
        32,
        32,
        32,
        32,
        32,
        32,
        32,
        60,
        47,
        108,
        105,
        62,
        10,
        32,
        32,
        32,
        32,
        32,
        32,
        32,
        32,
        32,
        32,
        32,
        32,
        60,
        108,
        105,
        32,
        99,
        108,
        97,
        115,
        115,
        61,
        34,
        116,
        97,
        98,
        45,
        108,
        105,
        110,
        107,
        32,
        34,
        62,
        10,
        32,
        32,
        32,
        32,
        32,
        32,
        32,
        32,
        32,
        32,
        32,
        32,
        32,
        32,
        32,
        32,
        60,
        115,
        112,
        97,
        110,
        32,
        99,
        108,
        97,
        115,
        115,
        61,
        34,
        116,
        97,
        98,
        45,
        108,
        105,
        110,
        107,
        45,
        105,
        99,
        111,
        110,
        32,
        116,
        97,
        98,
        45,
        102,
        105,
        110,
        97,
        110,
        99,
        105,
        97,
        108,
        34,
        62,
        60,
        47,
        115,
        112,
        97,
        110,
        62,
        10,
        32,
        32,
        32,
        32,
        32,
        32,
        32,
        32,
        32,
        32,
        32,
        32,
        32,
        32,
        32,
        32,
        60,
        115,
        112,
        97,
        110,
        32,
        99,
        108,
        97,
        115,
        115,
        61,
        34,
        116,
        97,
        98,
        45,
        108,
        105,
        110,
        107,
        45,
        116,
        120,
        116,
        34,
        62,
        228,
        186,
        167,
        229,
        147,
        129,
        229,
        136,
        151,
        232,
        161,
        168,
        60,
        47,
        115,
        112,
        97,
        110,
        62,
        10,
        32,
        32,
        32,
        32,
        32,
        32,
        32,
        32,
        32,
        32,
        32,
        32,
        60,
        47,
        108,
        105,
        62,
        10,
        32,
        32,
        32,
        32,
        32,
        32,
        32,
        32,
        32,
        32,
        32,
        32,
        60,
        108,
        105,
        32,
        99,
        108,
        97,
        115,
        115,
        61,
        34,
        116,
        97,
        98,
        45,
        108,
        105,
        110,
        107,
        34,
        62,
        10,
        32,
        32,
        32,
        32,
        32,
        32,
        32,
        32,
        32,
        32,
        32,
        32,
        32,
        32,
        32,
        32,
        60,
        115,
        112,
        97,
        110,
        32,
        99,
        108,
        97,
        115,
        115,
        61,
        34,
        116,
        97,
        98,
        45,
        108,
        105,
        110,
        107,
        45,
        105,
        99,
        111,
        110,
        32,
        116,
        97,
        98,
        45,
        109,
        121,
        45,
        120,
        120,
        100,
        34,
        62,
        60,
        47,
        115,
        112,
        97,
        110,
        62,
        10,
        32,
        32,
        32,
        32,
        32,
        32,
        32,
        32,
        32,
        32,
        32,
        32,
        32,
        32,
        32,
        32,
        60,
        115,
        112,
        97,
        110,
        32,
        99,
        108,
        97,
        115,
        115,
        61,
        34,
        116,
        97,
        98,
        45,
        108,
        105,
        110,
        107,
        45,
        116,
        120,
        116,
        34,
        62,
        230,
        136,
        145,
        231,
        154,
        132,
        230,
        150,
        176,
        233,
        146,
        177,
        232,
        162,
        139,
        60,
        47,
        115,
        112,
        97,
        110,
        62,
        10,
        32,
        32,
        32,
        32,
        32,
        32,
        32,
        32,
        32,
        32,
        32,
        32,
        60,
        47,
        108,
        105,
        62,
        10,
        32,
        32,
        32,
        32,
        32,
        32,
        32,
        32,
        60,
        47,
        117,
        108,
        62,
        10,
        32,
        32,
        32,
        32,
        60,
        47,
        100,
        105,
        118,
        62,
        10,
        32,
        32,
        32,
        32,
        60,
        33,
        45,
        45,
        102,
        111,
        111,
        116,
        101,
        114,
        32,
        110,
        97,
        118,
        32,
        101,
        110,
        100,
        45,
        45,
        62,
        10,
        60,
        47,
        98,
        111,
        100,
        121,
        62,
        10,
        60,
        47,
        104,
        116,
        109,
        108,
        62
      ]
    },
    "stat": {
      "dev": 16777220,
      "mode": 33188,
      "nlink": 1,
      "uid": 501,
      "gid": 20,
      "rdev": 0,
      "blksize": 4194304,
      "ino": 2088662,
      "size": 5592,
      "blocks": 16,
      "atime": "2018-04-17T07:59:11.780Z",
      "mtime": "2018-03-22T08:50:41.013Z",
      "ctime": "2018-03-22T08:50:41.013Z",
      "birthtime": "2018-03-22T08:50:41.013Z"
    },
    "history": [
      "/Users/jiangheng/Desktop/work-code/xxd-h5/src/mods/home/index.html"
    ],
    "path": "/Users/jiangheng/Desktop/work-code/xxd-h5/src/mods/home/index.html",
    "gulpCache$filePathChangedInsideTask": false,
    "gulpCache$fileBaseChangedInsideTask": false,
    "gulpCache$originalPath": "/Users/jiangheng/Desktop/work-code/xxd-h5/src/mods/home/index.html",
    "gulpCache$originalBase": "/Users/jiangheng/Desktop/work-code/xxd-h5/src/mods/"
  }
]