[
  {
    "cwd": "/Users/jiangheng/Desktop/work-code/xxd-h5",
    "base": "/Users/jiangheng/Desktop/work-code/xxd-h5/src/mods/",
    "contents": {
      "type": "Buffer",
      "data": [
        137,
        80,
        78,
        71,
        13,
        10,
        26,
        10,
        0,
        0,
        0,
        13,
        73,
        72,
        68,
        82,
        0,
        0,
        2,
        206,
        0,
        0,
        0,
        133,
        8,
        3,
        0,
        0,
        0,
        124,
        50,
        142,
        152,
        0,
        0,
        0,
        195,
        80,
        76,
        84,
        69,
        199,
        215,
        239,
        199,
        215,
        239,
        199,
        215,
        239,
        199,
        215,
        239,
        199,
        215,
        239,
        199,
        215,
        239,
        199,
        215,
        239,
        199,
        215,
        239,
        199,
        215,
        239,
        211,
        221,
        236,
        199,
        215,
        239,
        199,
        215,
        239,
        218,
        225,
        234,
        199,
        215,
        239,
        199,
        215,
        239,
        199,
        215,
        239,
        213,
        222,
        236,
        199,
        215,
        239,
        199,
        215,
        239,
        199,
        215,
        239,
        199,
        215,
        239,
        199,
        215,
        239,
        199,
        215,
        239,
        199,
        215,
        239,
        199,
        215,
        239,
        199,
        215,
        239,
        199,
        215,
        239,
        199,
        215,
        239,
        199,
        215,
        239,
        229,
        230,
        231,
        229,
        230,
        231,
        230,
        230,
        231,
        229,
        230,
        232,
        230,
        230,
        231,
        228,
        230,
        232,
        228,
        230,
        232,
        230,
        231,
        231,
        231,
        231,
        231,
        230,
        231,
        231,
        230,
        231,
        231,
        231,
        231,
        231,
        231,
        231,
        231,
        231,
        231,
        231,
        231,
        231,
        231,
        231,
        231,
        231,
        231,
        231,
        231,
        231,
        231,
        231,
        231,
        231,
        231,
        231,
        231,
        231,
        237,
        237,
        237,
        241,
        241,
        241,
        242,
        242,
        242,
        243,
        243,
        243,
        244,
        244,
        244,
        245,
        245,
        245,
        246,
        246,
        246,
        247,
        247,
        247,
        248,
        248,
        248,
        249,
        249,
        249,
        250,
        250,
        250,
        251,
        251,
        251,
        252,
        252,
        252,
        253,
        253,
        253,
        254,
        254,
        254,
        255,
        255,
        255,
        143,
        0,
        225,
        50,
        0,
        0,
        0,
        48,
        116,
        82,
        78,
        83,
        0,
        1,
        2,
        3,
        4,
        5,
        6,
        7,
        8,
        8,
        9,
        10,
        10,
        11,
        13,
        14,
        14,
        15,
        16,
        17,
        18,
        22,
        27,
        30,
        31,
        33,
        39,
        45,
        49,
        85,
        86,
        89,
        90,
        90,
        99,
        100,
        141,
        168,
        176,
        177,
        216,
        220,
        224,
        226,
        229,
        243,
        249,
        250,
        254,
        123,
        147,
        7,
        0,
        0,
        11,
        253,
        73,
        68,
        65,
        84,
        24,
        25,
        237,
        193,
        217,
        114,
        36,
        105,
        86,
        70,
        209,
        189,
        79,
        120,
        85,
        23,
        80,
        112,
        193,
        112,
        129,
        181,
        241,
        254,
        79,
        214,
        220,
        97,
        134,
        97,
        205,
        212,
        89,
        113,
        62,
        220,
        93,
        149,
        153,
        49,
        120,
        72,
        33,
        41,
        148,
        73,
        154,
        255,
        107,
        201,
        23,
        2,
        50,
        12,
        63,
        146,
        0,
        225,
        51,
        121,
        34,
        162,
        200,
        48,
        252,
        72,
        66,
        66,
        8,
        171,
        137,
        133,
        232,
        95,
        253,
        211,
        244,
        211,
        84,
        12,
        195,
        143,
        228,
        248,
        233,
        248,
        151,
        127,
        251,
        239,
        64,
        152,
        201,
        76,
        172,
        127,
        254,
        245,
        15,
        12,
        195,
        143,
        232,
        127,
        255,
        243,
        95,
        59,
        4,
        16,
        80,
        127,
        254,
        227,
        175,
        248,
        211,
        31,
        74,
        134,
        157,
        73,
        114,
        236,
        99,
        135,
        13,
        234,
        161,
        14,
        37,
        247,
        72,
        186,
        147,
        38,
        33,
        132,
        143,
        36,
        226,
        172,
        44,
        250,
        211,
        167,
        240,
        231,
        63,
        253,
        37,
        9,
        28,
        64,
        170,
        254,
        229,
        87,
        126,
        250,
        219,
        159,
        74,
        134,
        221,
        73,
        167,
        19,
        182,
        88,
        85,
        135,
        42,
        94,
        20,
        72,
        58,
        221,
        157,
        238,
        132,
        15,
        151,
        5,
        1,
        14,
        211,
        47,
        221,
        63,
        255,
        242,
        31,
        68,
        56,
        128,
        85,
        127,
        252,
        59,
        254,
        230,
        23,
        134,
        93,
        234,
        116,
        194,
        166,
        170,
        67,
        85,
        201,
        11,
        18,
        210,
        221,
        233,
        116,
        194,
        55,
        149,
        0,
        63,
        29,
        62,
        253,
        252,
        243,
        159,
        9,
        28,
        208,
        250,
        245,
        31,
        235,
        231,
        95,
        24,
        118,
        41,
        221,
        29,
        54,
        89,
        135,
        67,
        149,
        188,
        32,
        73,
        247,
        177,
        59,
        11,
        190,
        165,
        44,
        8,
        149,
        158,
        254,
        231,
        19,
        48,
        129,
        245,
        247,
        147,
        127,
        205,
        176,
        79,
        89,
        177,
        197,
        89,
        201,
        11,
        146,
        238,
        78,
        135,
        16,
        238,
        36,
        159,
        133,
        183,
        11,
        68,
        98,
        234,
        151,
        223,
        166,
        127,
        248,
        175,
        132,
        9,
        107,
        154,
        248,
        137,
        97,
        159,
        178,
        98,
        139,
        90,
        37,
        207,
        9,
        33,
        157,
        238,
        116,
        216,
        36,
        11,
        89,
        201,
        23,
        178,
        10,
        159,
        133,
        85,
        88,
        132,
        251,
        132,
        128,
        144,
        195,
        111,
        211,
        148,
        100,
        18,
        15,
        63,
        241,
        7,
        134,
        93,
        202,
        138,
        45,
        106,
        41,
        207,
        201,
        162,
        147,
        78,
        194,
        6,
        65,
        4,
        65,
        102,
        50,
        147,
        75,
        97,
        22,
        102,
        129,
        16,
        102,
        225,
        94,
        45,
        241,
        240,
        219,
        116,
        248,
        13,
        39,
        180,
        14,
        20,
        195,
        30,
        133,
        204,
        216,
        162,
        85,
        37,
        207,
        73,
        210,
        221,
        153,
        17,
        174,
        137,
        34,
        34,
        130,
        8,
        200,
        76,
        206,
        4,
        8,
        16,
        2,
        33,
        36,
        6,
        194,
        157,
        210,
        82,
        76,
        165,
        153,
        208,
        42,
        100,
        216,
        165,
        204,
        216,
        166,
        165,
        220,
        22,
        210,
        221,
        233,
        14,
        103,
        100,
        37,
        162,
        40,
        34,
        130,
        8,
        178,
        144,
        19,
        97,
        22,
        8,
        129,
        16,
        18,
        18,
        18,
        194,
        42,
        188,
        32,
        33,
        88,
        202,
        4,
        85,
        12,
        59,
        149,
        116,
        18,
        54,
        89,
        85,
        202,
        13,
        89,
        116,
        186,
        19,
        78,
        136,
        8,
        34,
        130,
        34,
        34,
        8,
        130,
        108,
        144,
        153,
        68,
        2,
        33,
        132,
        16,
        18,
        8,
        33,
        24,
        194,
        11,
        2,
        85,
        48,
        41,
        50,
        236,
        83,
        232,
        116,
        216,
        228,
        138,
        27,
        146,
        116,
        167,
        51,
        227,
        43,
        81,
        81,
        20,
        65,
        4,
        1,
        1,
        121,
        158,
        96,
        144,
        64,
        32,
        4,
        66,
        18,
        18,
        98,
        120,
        145,
        232,
        4,
        50,
        236,
        85,
        210,
        73,
        216,
        224,
        138,
        27,
        146,
        158,
        165,
        9,
        95,
        137,
        79,
        112,
        6,
        242,
        68,
        238,
        37,
        96,
        144,
        69,
        8,
        153,
        53,
        16,
        238,
        32,
        76,
        12,
        59,
        150,
        25,
        91,
        92,
        177,
        45,
        73,
        167,
        103,
        60,
        17,
        4,
        113,
        129,
        51,
        148,
        183,
        146,
        39,
        18,
        66,
        154,
        14,
        207,
        18,
        177,
        89,
        76,
        12,
        123,
        150,
        25,
        215,
        196,
        5,
        155,
        210,
        233,
        78,
        167,
        121,
        226,
        12,
        69,
        17,
        69,
        145,
        71,
        16,
        67,
        69,
        158,
        229,
        234,
        19,
        139,
        137,
        97,
        191,
        178,
        96,
        75,
        205,
        100,
        83,
        122,
        145,
        240,
        196,
        175,
        64,
        16,
        228,
        97,
        36,
        66,
        194,
        77,
        90,
        86,
        201,
        106,
        98,
        216,
        173,
        44,
        216,
        162,
        150,
        178,
        33,
        73,
        31,
        187,
        19,
        64,
        192,
        39,
        165,
        40,
        31,
        33,
        225,
        38,
        81,
        171,
        74,
        89,
        77,
        12,
        123,
        21,
        18,
        110,
        176,
        148,
        13,
        233,
        244,
        49,
        221,
        128,
        162,
        248,
        25,
        242,
        1,
        210,
        221,
        9,
        219,
        164,
        40,
        45,
        75,
        89,
        77,
        12,
        187,
        149,
        25,
        155,
        212,
        82,
        174,
        164,
        87,
        1,
        180,
        92,
        33,
        162,
        124,
        132,
        244,
        34,
        97,
        139,
        90,
        150,
        43,
        158,
        76,
        12,
        59,
        149,
        116,
        194,
        38,
        113,
        198,
        149,
        78,
        31,
        59,
        13,
        56,
        43,
        75,
        69,
        64,
        62,
        68,
        210,
        125,
        236,
        132,
        45,
        90,
        86,
        149,
        34,
        159,
        77,
        12,
        187,
        149,
        16,
        54,
        137,
        92,
        10,
        233,
        89,
        130,
        79,
        202,
        5,
        31,
        39,
        233,
        89,
        194,
        6,
        181,
        172,
        42,
        229,
        196,
        196,
        176,
        87,
        153,
        17,
        174,
        185,
        226,
        66,
        210,
        221,
        73,
        40,
        191,
        226,
        3,
        37,
        233,
        238,
        132,
        13,
        165,
        85,
        90,
        202,
        169,
        137,
        97,
        167,
        18,
        146,
        112,
        205,
        5,
        151,
        146,
        158,
        69,
        45,
        45,
        17,
        145,
        15,
        149,
        238,
        116,
        216,
        80,
        214,
        76,
        145,
        51,
        19,
        195,
        94,
        101,
        198,
        166,
        82,
        57,
        19,
        178,
        64,
        45,
        203,
        25,
        31,
        45,
        221,
        157,
        102,
        131,
        214,
        204,
        146,
        75,
        19,
        195,
        110,
        101,
        198,
        53,
        23,
        156,
        10,
        89,
        160,
        148,
        150,
        202,
        199,
        75,
        186,
        59,
        225,
        146,
        90,
        86,
        149,
        114,
        101,
        98,
        216,
        165,
        144,
        25,
        27,
        164,
        84,
        206,
        100,
        129,
        79,
        80,
        62,
        94,
        210,
        179,
        112,
        73,
        171,
        202,
        82,
        185,
        54,
        49,
        236,
        86,
        18,
        54,
        168,
        133,
        124,
        21,
        72,
        130,
        43,
        144,
        111,
        32,
        233,
        89,
        184,
        164,
        181,
        80,
        182,
        76,
        12,
        123,
        149,
        176,
        201,
        5,
        231,
        140,
        80,
        42,
        223,
        70,
        210,
        221,
        9,
        151,
        180,
        86,
        108,
        155,
        24,
        118,
        41,
        36,
        132,
        109,
        42,
        39,
        12,
        84,
        112,
        198,
        183,
        210,
        221,
        9,
        151,
        172,
        133,
        197,
        13,
        19,
        195,
        78,
        133,
        109,
        206,
        184,
        160,
        17,
        145,
        111,
        36,
        189,
        8,
        23,
        172,
        170,
        67,
        201,
        77,
        19,
        195,
        46,
        5,
        18,
        182,
        169,
        156,
        17,
        228,
        91,
        74,
        210,
        9,
        23,
        202,
        170,
        67,
        41,
        55,
        77,
        12,
        187,
        20,
        194,
        13,
        242,
        157,
        133,
        116,
        119,
        56,
        167,
        214,
        161,
        74,
        185,
        109,
        98,
        216,
        165,
        144,
        176,
        69,
        81,
        190,
        175,
        238,
        204,
        56,
        163,
        30,
        170,
        74,
        121,
        198,
        196,
        48,
        156,
        82,
        249,
        190,
        146,
        116,
        135,
        115,
        234,
        161,
        102,
        60,
        107,
        98,
        216,
        165,
        16,
        182,
        136,
        202,
        155,
        133,
        149,
        188,
        71,
        186,
        59,
        225,
        148,
        122,
        168,
        25,
        207,
        155,
        24,
        118,
        41,
        144,
        176,
        65,
        121,
        171,
        64,
        248,
        76,
        222,
        42,
        221,
        73,
        56,
        165,
        30,
        170,
        74,
        94,
        48,
        49,
        236,
        84,
        216,
        160,
        162,
        242,
        122,
        33,
        132,
        176,
        18,
        65,
        222,
        36,
        179,
        78,
        56,
        161,
        214,
        76,
        121,
        193,
        196,
        176,
        75,
        129,
        176,
        193,
        25,
        175,
        16,
        32,
        64,
        8,
        33,
        60,
        17,
        81,
        4,
        121,
        173,
        164,
        59,
        225,
        140,
        117,
        168,
        42,
        94,
        52,
        49,
        236,
        84,
        216,
        38,
        247,
        11,
        33,
        33,
        132,
        64,
        32,
        172,
        68,
        196,
        25,
        242,
        42,
        33,
        157,
        132,
        83,
        86,
        29,
        170,
        228,
        101,
        19,
        195,
        46,
        133,
        176,
        73,
        228,
        94,
        33,
        191,
        35,
        16,
        22,
        1,
        153,
        137,
        148,
        150,
        202,
        107,
        116,
        119,
        194,
        41,
        173,
        67,
        149,
        242,
        178,
        137,
        97,
        175,
        18,
        174,
        40,
        34,
        247,
        201,
        9,
        194,
        34,
        204,
        100,
        37,
        177,
        176,
        144,
        251,
        37,
        157,
        230,
        148,
        214,
        130,
        123,
        76,
        12,
        187,
        20,
        110,
        144,
        187,
        132,
        144,
        132,
        52,
        89,
        64,
        248,
        44,
        172,
        98,
        75,
        42,
        165,
        114,
        167,
        164,
        187,
        195,
        9,
        173,
        67,
        149,
        220,
        101,
        98,
        216,
        169,
        176,
        69,
        148,
        151,
        133,
        44,
        8,
        4,
        196,
        0,
        225,
        92,
        98,
        42,
        166,
        10,
        185,
        83,
        102,
        132,
        175,
        172,
        153,
        114,
        151,
        137,
        97,
        151,
        2,
        97,
        139,
        220,
        37,
        43,
        8,
        98,
        132,
        144,
        132,
        112,
        38,
        28,
        45,
        160,
        144,
        123,
        100,
        214,
        205,
        9,
        173,
        67,
        149,
        220,
        103,
        98,
        216,
        169,
        176,
        77,
        229,
        126,
        202,
        42,
        132,
        204,
        72,
        56,
        17,
        146,
        0,
        133,
        220,
        35,
        9,
        39,
        164,
        14,
        85,
        37,
        119,
        154,
        24,
        134,
        175,
        84,
        238,
        34,
        51,
        153,
        201,
        147,
        144,
        208,
        89,
        112,
        42,
        57,
        6,
        10,
        121,
        81,
        210,
        221,
        225,
        11,
        245,
        80,
        135,
        146,
        207,
        34,
        207,
        154,
        24,
        118,
        41,
        220,
        34,
        119,
        48,
        98,
        152,
        201,
        103,
        129,
        84,
        167,
        155,
        112,
        42,
        52,
        136,
        188,
        36,
        233,
        132,
        83,
        86,
        149,
        204,
        194,
        44,
        16,
        100,
        37,
        91,
        38,
        134,
        225,
        148,
        200,
        29,
        4,
        100,
        37,
        171,
        8,
        196,
        134,
        38,
        156,
        72,
        68,
        43,
        242,
        146,
        164,
        147,
        112,
        66,
        32,
        129,
        48,
        11,
        51,
        89,
        24,
        100,
        37,
        39,
        38,
        134,
        157,
        10,
        239,
        35,
        231,
        100,
        81,
        8,
        77,
        56,
        149,
        180,
        80,
        242,
        130,
        116,
        58,
        156,
        74,
        114,
        100,
        22,
        206,
        8,
        8,
        8,
        8,
        200,
        147,
        137,
        97,
        151,
        194,
        22,
        17,
        121,
        7,
        37,
        72,
        19,
        78,
        53,
        96,
        228,
        121,
        73,
        58,
        156,
        74,
        19,
        32,
        60,
        9,
        200,
        239,
        4,
        4,
        17,
        81,
        86,
        19,
        195,
        240,
        72,
        21,
        102,
        29,
        206,
        164,
        213,
        200,
        179,
        178,
        224,
        68,
        72,
        184,
        77,
        80,
        20,
        149,
        213,
        196,
        48,
        156,
        146,
        119,
        178,
        160,
        53,
        156,
        10,
        237,
        140,
        231,
        132,
        36,
        156,
        9,
        225,
        57,
        138,
        184,
        96,
        53,
        49,
        12,
        143,
        101,
        165,
        34,
        225,
        84,
        86,
        200,
        77,
        89,
        240,
        58,
        137,
        49,
        162,
        172,
        38,
        134,
        225,
        209,
        172,
        208,
        132,
        83,
        73,
        154,
        226,
        166,
        144,
        5,
        175,
        20,
        98,
        144,
        39,
        19,
        195,
        112,
        70,
        222,
        75,
        45,
        18,
        206,
        165,
        77,
        144,
        91,
        146,
        230,
        77,
        2,
        225,
        73,
        49,
        12,
        95,
        201,
        35,
        88,
        165,
        114,
        38,
        73,
        39,
        220,
        150,
        25,
        239,
        84,
        12,
        195,
        163,
        169,
        37,
        23,
        210,
        233,
        112,
        83,
        210,
        73,
        120,
        159,
        98,
        24,
        78,
        200,
        35,
        184,
        226,
        76,
        210,
        73,
        184,
        41,
        51,
        222,
        105,
        98,
        24,
        30,
        207,
        25,
        151,
        18,
        110,
        202,
        172,
        19,
        22,
        178,
        37,
        188,
        108,
        98,
        24,
        30,
        79,
        84,
        194,
        169,
        144,
        153,
        108,
        75,
        58,
        1,
        68,
        102,
        114,
        46,
        16,
        110,
        147,
        213,
        196,
        48,
        124,
        0,
        103,
        225,
        82,
        194,
        77,
        97,
        166,
        136,
        32,
        32,
        139,
        176,
        74,
        32,
        220,
        98,
        29,
        89,
        76,
        12,
        195,
        135,
        80,
        9,
        103,
        18,
        34,
        55,
        168,
        168,
        136,
        8,
        114,
        34,
        33,
        220,
        164,
        22,
        171,
        137,
        97,
        56,
        17,
        30,
        68,
        52,
        156,
        9,
        36,
        145,
        77,
        90,
        160,
        40,
        2,
        2,
        2,
        65,
        66,
        19,
        110,
        80,
        44,
        139,
        213,
        196,
        48,
        124,
        0,
        87,
        225,
        76,
        22,
        200,
        22,
        203,
        2,
        5,
        1,
        249,
        157,
        72,
        98,
        32,
        97,
        131,
        150,
        165,
        178,
        154,
        24,
        118,
        73,
        194,
        134,
        64,
        228,
        33,
        20,
        12,
        103,
        18,
        110,
        144,
        34,
        8,
        242,
        153,
        60,
        9,
        100,
        198,
        22,
        173,
        42,
        75,
        89,
        77,
        12,
        195,
        71,
        80,
        228,
        74,
        18,
        217,
        164,
        220,
        146,
        206,
        130,
        75,
        162,
        101,
        85,
        41,
        79,
        38,
        134,
        225,
        84,
        120,
        20,
        49,
        156,
        73,
        72,
        34,
        175,
        146,
        94,
        132,
        43,
        106,
        89,
        150,
        202,
        239,
        38,
        134,
        225,
        139,
        240,
        40,
        162,
        114,
        37,
        225,
        149,
        210,
        199,
        238,
        204,
        184,
        160,
        85,
        101,
        41,
        242,
        217,
        196,
        176,
        83,
        134,
        13,
        33,
        242,
        16,
        114,
        45,
        33,
        68,
        238,
        151,
        62,
        246,
        49,
        9,
        151,
        44,
        107,
        166,
        156,
        152,
        24,
        134,
        83,
        225,
        81,
        84,
        174,
        132,
        200,
        221,
        146,
        238,
        99,
        119,
        184,
        164,
        101,
        149,
        165,
        156,
        154,
        24,
        118,
        73,
        194,
        182,
        68,
        30,
        64,
        174,
        133,
        36,
        220,
        47,
        233,
        99,
        119,
        135,
        75,
        86,
        89,
        229,
        140,
        51,
        19,
        195,
        78,
        25,
        54,
        132,
        135,
        81,
        222,
        39,
        233,
        99,
        119,
        135,
        75,
        214,
        66,
        229,
        194,
        196,
        176,
        87,
        134,
        43,
        33,
        68,
        62,
        76,
        184,
        95,
        210,
        139,
        112,
        65,
        203,
        67,
        149,
        114,
        101,
        98,
        216,
        37,
        9,
        219,
        98,
        228,
        1,
        20,
        185,
        16,
        19,
        238,
        148,
        244,
        177,
        187,
        195,
        5,
        171,
        172,
        42,
        229,
        218,
        196,
        176,
        83,
        134,
        45,
        225,
        97,
        196,
        112,
        37,
        220,
        37,
        233,
        99,
        119,
        135,
        11,
        101,
        205,
        84,
        54,
        76,
        12,
        187,
        36,
        97,
        75,
        72,
        228,
        195,
        132,
        59,
        37,
        125,
        236,
        99,
        194,
        57,
        181,
        14,
        85,
        202,
        166,
        137,
        97,
        167,
        148,
        112,
        45,
        252,
        127,
        144,
        244,
        44,
        225,
        140,
        148,
        53,
        83,
        182,
        77,
        12,
        187,
        36,
        97,
        67,
        86,
        242,
        8,
        178,
        33,
        220,
        37,
        221,
        199,
        238,
        112,
        78,
        107,
        166,
        114,
        195,
        196,
        176,
        83,
        178,
        45,
        60,
        140,
        188,
        81,
        210,
        199,
        238,
        112,
        174,
        172,
        5,
        114,
        203,
        196,
        176,
        75,
        18,
        195,
        181,
        204,
        120,
        140,
        176,
        37,
        188,
        44,
        189,
        8,
        103,
        212,
        58,
        84,
        41,
        183,
        21,
        195,
        240,
        85,
        8,
        36,
        60,
        130,
        160,
        156,
        11,
        119,
        72,
        247,
        177,
        19,
        206,
        104,
        29,
        14,
        85,
        202,
        51,
        38,
        134,
        93,
        18,
        101,
        67,
        76,
        120,
        16,
        185,
        22,
        94,
        148,
        94,
        132,
        51,
        90,
        117,
        176,
        148,
        231,
        76,
        12,
        187,
        36,
        98,
        184,
        150,
        132,
        239,
        43,
        233,
        99,
        39,
        156,
        210,
        58,
        84,
        169,
        60,
        107,
        98,
        24,
        78,
        4,
        8,
        223,
        81,
        72,
        119,
        18,
        78,
        89,
        30,
        170,
        44,
        94,
        48,
        49,
        236,
        146,
        40,
        155,
        18,
        190,
        163,
        36,
        61,
        11,
        167,
        172,
        149,
        188,
        100,
        98,
        216,
        37,
        145,
        77,
        89,
        200,
        67,
        40,
        175,
        150,
        238,
        78,
        56,
        101,
        85,
        29,
        74,
        121,
        81,
        49,
        236,
        146,
        162,
        124,
        56,
        121,
        157,
        36,
        221,
        9,
        167,
        172,
        170,
        67,
        41,
        47,
        43,
        134,
        157,
        146,
        109,
        89,
        240,
        189,
        244,
        34,
        156,
        176,
        170,
        14,
        165,
        220,
        97,
        98,
        216,
        37,
        113,
        22,
        182,
        36,
        65,
        190,
        135,
        116,
        186,
        59,
        156,
        176,
        234,
        80,
        165,
        220,
        163,
        24,
        246,
        74,
        182,
        101,
        198,
        119,
        145,
        164,
        59,
        225,
        132,
        85,
        135,
        42,
        229,
        46,
        197,
        176,
        91,
        202,
        166,
        44,
        248,
        14,
        210,
        221,
        9,
        39,
        172,
        133,
        114,
        159,
        98,
        216,
        37,
        103,
        40,
        27,
        146,
        78,
        248,
        14,
        146,
        62,
        118,
        135,
        175,
        172,
        170,
        67,
        41,
        119,
        154,
        24,
        118,
        75,
        37,
        92,
        10,
        153,
        241,
        65,
        228,
        182,
        116,
        39,
        225,
        43,
        171,
        234,
        80,
        202,
        189,
        138,
        97,
        175,
        156,
        177,
        37,
        9,
        225,
        155,
        203,
        172,
        195,
        87,
        90,
        117,
        40,
        229,
        110,
        197,
        176,
        83,
        174,
        184,
        150,
        5,
        223,
        92,
        210,
        221,
        9,
        95,
        104,
        205,
        148,
        251,
        21,
        195,
        94,
        57,
        67,
        174,
        101,
        193,
        55,
        150,
        116,
        39,
        225,
        11,
        61,
        28,
        170,
        148,
        87,
        40,
        134,
        221,
        82,
        100,
        75,
        22,
        60,
        66,
        184,
        87,
        122,
        22,
        190,
        178,
        22,
        242,
        26,
        19,
        195,
        78,
        73,
        69,
        54,
        101,
        129,
        188,
        91,
        184,
        32,
        55,
        165,
        19,
        190,
        80,
        107,
        38,
        175,
        50,
        49,
        236,
        149,
        168,
        108,
        202,
        12,
        228,
        157,
        194,
        53,
        217,
        148,
        158,
        37,
        252,
        78,
        173,
        153,
        188,
        78,
        49,
        236,
        151,
        114,
        67,
        210,
        225,
        35,
        200,
        182,
        172,
        248,
        194,
        58,
        148,
        242,
        74,
        197,
        176,
        91,
        46,
        216,
        146,
        116,
        18,
        30,
        79,
        182,
        101,
        197,
        103,
        214,
        66,
        94,
        171,
        24,
        246,
        76,
        101,
        75,
        186,
        195,
        199,
        144,
        107,
        233,
        89,
        248,
        76,
        173,
        67,
        41,
        175,
        53,
        49,
        236,
        151,
        11,
        194,
        149,
        64,
        102,
        242,
        30,
        9,
        151,
        68,
        185,
        150,
        116,
        39,
        225,
        119,
        90,
        51,
        229,
        213,
        138,
        97,
        199,
        156,
        177,
        37,
        233,
        14,
        143,
        39,
        155,
        146,
        238,
        240,
        153,
        53,
        83,
        94,
        175,
        24,
        118,
        76,
        75,
        101,
        67,
        86,
        188,
        83,
        194,
        61,
        210,
        157,
        240,
        153,
        90,
        165,
        188,
        65,
        49,
        236,
        151,
        104,
        201,
        182,
        116,
        39,
        188,
        75,
        184,
        32,
        202,
        149,
        204,
        58,
        225,
        137,
        214,
        161,
        74,
        222,
        162,
        24,
        118,
        204,
        21,
        91,
        178,
        224,
        177,
        68,
        182,
        100,
        193,
        19,
        173,
        133,
        188,
        197,
        196,
        176,
        103,
        86,
        100,
        91,
        90,
        68,
        30,
        77,
        46,
        100,
        193,
        103,
        86,
        149,
        242,
        54,
        19,
        195,
        142,
        9,
        42,
        91,
        66,
        218,
        200,
        131,
        201,
        165,
        164,
        51,
        227,
        137,
        214,
        76,
        222,
        102,
        98,
        216,
        51,
        113,
        22,
        54,
        164,
        113,
        198,
        123,
        132,
        115,
        138,
        200,
        185,
        164,
        19,
        158,
        88,
        85,
        135,
        146,
        55,
        42,
        134,
        125,
        115,
        198,
        166,
        172,
        120,
        44,
        185,
        148,
        116,
        154,
        223,
        105,
        149,
        242,
        86,
        19,
        195,
        174,
        185,
        10,
        91,
        210,
        42,
        242,
        86,
        225,
        30,
        233,
        238,
        176,
        210,
        154,
        201,
        155,
        21,
        195,
        206,
        105,
        149,
        108,
        201,
        172,
        19,
        222,
        40,
        132,
        115,
        42,
        114,
        46,
        36,
        33,
        44,
        180,
        170,
        148,
        55,
        43,
        134,
        125,
        211,
        82,
        217,
        150,
        238,
        240,
        70,
        97,
        139,
        200,
        185,
        44,
        88,
        104,
        85,
        41,
        111,
        55,
        49,
        236,
        156,
        86,
        52,
        108,
        72,
        131,
        202,
        227,
        200,
        133,
        172,
        88,
        105,
        85,
        201,
        59,
        76,
        12,
        251,
        38,
        69,
        194,
        166,
        208,
        166,
        149,
        71,
        17,
        229,
        84,
        210,
        157,
        176,
        210,
        170,
        82,
        222,
        97,
        98,
        216,
        57,
        113,
        22,
        182,
        132,
        214,
        32,
        111,
        18,
        174,
        40,
        114,
        42,
        51,
        86,
        214,
        76,
        121,
        143,
        98,
        216,
        59,
        87,
        108,
        74,
        186,
        59,
        225,
        45,
        194,
        37,
        17,
        57,
        145,
        164,
        19,
        22,
        106,
        169,
        188,
        203,
        196,
        176,
        123,
        46,
        8,
        91,
        146,
        150,
        146,
        215,
        11,
        215,
        68,
        206,
        164,
        211,
        9,
        51,
        107,
        38,
        239,
        51,
        49,
        12,
        86,
        104,
        194,
        134,
        52,
        98,
        228,
        181,
        194,
        22,
        145,
        83,
        73,
        135,
        133,
        214,
        161,
        74,
        222,
        103,
        98,
        216,
        61,
        181,
        98,
        216,
        148,
        52,
        42,
        175,
        23,
        194,
        25,
        17,
        57,
        149,
        21,
        51,
        103,
        37,
        239,
        52,
        49,
        12,
        90,
        137,
        97,
        83,
        26,
        69,
        121,
        165,
        16,
        46,
        136,
        92,
        72,
        194,
        76,
        171,
        74,
        222,
        107,
        130,
        4,
        254,
        157,
        97,
        248,
        112,
        71,
        110,
        58,
        126,
        226,
        157,
        18,
        168,
        164,
        155,
        97,
        248,
        225,
        117,
        39,
        19,
        228,
        248,
        167,
        67,
        41,
        195,
        240,
        163,
        74,
        250,
        120,
        12,
        76,
        36,
        199,
        35,
        109,
        49,
        12,
        63,
        170,
        78,
        142,
        199,
        132,
        137,
        244,
        39,
        14,
        135,
        146,
        97,
        248,
        81,
        165,
        143,
        199,
        79,
        29,
        68,
        171,
        180,
        100,
        24,
        126,
        84,
        233,
        164,
        59,
        17,
        81,
        145,
        97,
        248,
        113,
        133,
        36,
        68,
        64,
        64,
        134,
        225,
        199,
        21,
        32,
        240,
        127,
        160,
        228,
        36,
        233,
        171,
        193,
        17,
        100,
        0,
        0,
        0,
        0,
        73,
        69,
        78,
        68,
        174,
        66,
        96,
        130
      ]
    },
    "stat": {
      "dev": 16777220,
      "mode": 33188,
      "nlink": 1,
      "uid": 501,
      "gid": 20,
      "rdev": 0,
      "blksize": 4194304,
      "ino": 2088755,
      "size": 5781,
      "blocks": 16,
      "atime": "2018-04-17T07:59:11.793Z",
      "mtime": "2018-03-22T08:50:41.035Z",
      "ctime": "2018-03-22T08:50:41.035Z",
      "birthtime": "2018-03-22T08:50:41.035Z"
    },
    "history": [
      "/Users/jiangheng/Desktop/work-code/xxd-h5/src/mods/openaccount/yhimgs/hsyh_bg@2x.png"
    ],
    "path": "/Users/jiangheng/Desktop/work-code/xxd-h5/src/mods/openaccount/yhimgs/hsyh_bg@2x.png",
    "gulpCache$filePathChangedInsideTask": false,
    "gulpCache$fileBaseChangedInsideTask": false,
    "gulpCache$originalPath": "/Users/jiangheng/Desktop/work-code/xxd-h5/src/mods/openaccount/yhimgs/hsyh_bg@2x.png",
    "gulpCache$originalBase": "/Users/jiangheng/Desktop/work-code/xxd-h5/src/mods/"
  }
]