[
  {
    "cwd": "/Users/jiangheng/Desktop/work-code/xxd-h5",
    "base": "/Users/jiangheng/Desktop/work-code/xxd-h5/src/mods/",
    "contents": {
      "type": "Buffer",
      "data": [
        137,
        80,
        78,
        71,
        13,
        10,
        26,
        10,
        0,
        0,
        0,
        13,
        73,
        72,
        68,
        82,
        0,
        0,
        0,
        29,
        0,
        0,
        0,
        25,
        8,
        6,
        0,
        0,
        0,
        205,
        2,
        37,
        25,
        0,
        0,
        3,
        40,
        73,
        68,
        65,
        84,
        120,
        218,
        172,
        150,
        125,
        104,
        205,
        81,
        24,
        199,
        127,
        247,
        222,
        113,
        179,
        238,
        254,
        224,
        230,
        45,
        97,
        94,
        18,
        165,
        141,
        53,
        92,
        133,
        38,
        45,
        243,
        90,
        40,
        37,
        47,
        41,
        18,
        69,
        209,
        154,
        81,
        67,
        51,
        97,
        68,
        68,
        203,
        219,
        254,
        65,
        243,
        7,
        145,
        172,
        76,
        90,
        246,
        199,
        66,
        119,
        127,
        76,
        76,
        98,
        161,
        144,
        104,
        102,
        44,
        54,
        151,
        174,
        249,
        62,
        235,
        123,
        234,
        120,
        156,
        187,
        59,
        220,
        167,
        62,
        157,
        243,
        123,
        126,
        47,
        223,
        243,
        156,
        243,
        156,
        231,
        252,
        124,
        185,
        101,
        31,
        188,
        255,
        177,
        134,
        146,
        240,
        111,
        215,
        83,
        246,
        181,
        6,
        209,
        12,
        1,
        113,
        240,
        22,
        247,
        127,
        234,
        119,
        210,
        188,
        20,
        25,
        196,
        242,
        209,
        156,
        1,
        153,
        150,
        187,
        13,
        254,
        203,
        104,
        15,
        65,
        252,
        185,
        113,
        250,
        189,
        212,
        217,
        74,
        37,
        40,
        214,
        31,
        108,
        0,
        79,
        32,
        94,
        12,
        124,
        41,
        141,
        20,
        86,
        6,
        222,
        129,
        38,
        208,
        14,
        178,
        193,
        42,
        48,
        14,
        244,
        1,
        7,
        57,
        136,
        29,
        190,
        94,
        174,
        105,
        22,
        88,
        12,
        198,
        128,
        143,
        224,
        24,
        120,
        237,
        90,
        83,
        53,
        229,
        18,
        217,
        58,
        112,
        18,
        4,
        233,
        142,
        36,
        139,
        116,
        42,
        56,
        12,
        102,
        41,
        255,
        66,
        48,
        30,
        116,
        41,
        145,
        217,
        104,
        202,
        121,
        217,
        8,
        142,
        96,
        80,
        231,
        224,
        111,
        69,
        255,
        42,
        253,
        91,
        19,
        173,
        105,
        0,
        236,
        7,
        247,
        28,
        130,
        30,
        167,
        108,
        180,
        195,
        63,
        0,
        100,
        176,
        47,
        17,
        70,
        33,
        152,
        9,
        225,
        107,
        232,
        223,
        164,
        63,
        207,
        21,
        105,
        95,
        112,
        5,
        44,
        74,
        50,
        11,
        63,
        24,
        93,
        8,
        77,
        46,
        147,
        168,
        13,
        228,
        64,
        164,
        19,
        126,
        89,
        142,
        235,
        20,
        223,
        69,
        209,
        121,
        178,
        157,
        210,
        254,
        81,
        208,
        227,
        26,
        23,
        128,
        124,
        190,
        103,
        236,
        33,
        4,
        35,
        104,
        171,
        65,
        140,
        179,
        34,
        246,
        134,
        237,
        119,
        123,
        122,
        165,
        95,
        213,
        75,
        65,
        177,
        19,
        96,
        129,
        18,
        52,
        73,
        151,
        199,
        162,
        32,
        203,
        244,
        153,
        254,
        177,
        108,
        95,
        218,
        145,
        202,
        26,
        46,
        75,
        209,
        246,
        49,
        85,
        72,
        102,
        225,
        41,
        251,
        51,
        216,
        214,
        27,
        209,
        153,
        96,
        187,
        227,
        101,
        201,
        206,
        6,
        112,
        23,
        72,
        69,
        121,
        207,
        242,
        54,
        16,
        140,
        226,
        123,
        17,
        85,
        100,
        90,
        192,
        29,
        110,
        167,
        58,
        203,
        95,
        11,
        134,
        130,
        179,
        178,
        79,
        69,
        248,
        177,
        53,
        247,
        98,
        223,
        192,
        113,
        80,
        1,
        94,
        37,
        137,
        106,
        36,
        7,
        188,
        9,
        248,
        232,
        147,
        65,
        94,
        148,
        178,
        8,
        225,
        184,
        126,
        65,
        68,
        165,
        106,
        92,
        176,
        124,
        143,
        192,
        18,
        70,
        102,
        62,
        186,
        2,
        76,
        0,
        33,
        86,
        156,
        74,
        51,
        24,
        83,
        28,
        144,
        60,
        5,
        204,
        86,
        123,
        141,
        111,
        75,
        142,
        224,
        153,
        152,
        167,
        146,
        103,
        141,
        117,
        221,
        196,
        41,
        51,
        130,
        235,
        65,
        51,
        56,
        192,
        231,
        150,
        130,
        221,
        224,
        25,
        152,
        171,
        78,
        155,
        26,
        52,
        71,
        85,
        80,
        178,
        166,
        219,
        116,
        164,
        126,
        107,
        129,
        187,
        171,
        133,
        149,
        109,
        178,
        247,
        78,
        177,
        110,
        106,
        11,
        242,
        68,
        9,
        40,
        127,
        149,
        227,
        217,
        249,
        46,
        209,
        126,
        236,
        127,
        226,
        98,
        27,
        219,
        98,
        125,
        244,
        171,
        21,
        249,
        3,
        246,
        71,
        128,
        201,
        234,
        123,
        95,
        18,
        36,
        227,
        31,
        162,
        205,
        236,
        183,
        171,
        123,
        217,
        140,
        58,
        139,
        165,
        109,
        15,
        171,
        203,
        68,
        235,
        153,
        12,
        245,
        78,
        142,
        67,
        244,
        190,
        75,
        180,
        154,
        253,
        97,
        96,
        176,
        170,
        191,
        117,
        76,
        172,
        46,
        174,
        227,
        116,
        235,
        56,
        140,
        89,
        81,
        75,
        34,
        201,
        243,
        69,
        142,
        82,
        121,
        218,
        37,
        42,
        199,
        84,
        7,
        69,
        74,
        172,
        123,
        183,
        88,
        43,
        165,
        110,
        238,
        228,
        246,
        177,
        173,
        136,
        181,
        214,
        28,
        97,
        242,
        157,
        105,
        234,
        153,
        82,
        36,
        216,
        11,
        215,
        239,
        138,
        164,
        254,
        70,
        112,
        30,
        108,
        230,
        135,
        74,
        57,
        128,
        0,
        247,
        96,
        200,
        122,
        71,
        206,
        209,
        98,
        112,
        137,
        130,
        97,
        14,
        104,
        185,
        250,
        118,
        5,
        171,
        156,
        231,
        218,
        167,
        166,
        191,
        154,
        15,
        138,
        64,
        20,
        236,
        5,
        53,
        204,
        94,
        73,
        152,
        65,
        44,
        218,
        141,
        44,
        115,
        97,
        38,
        86,
        33,
        43,
        148,
        49,
        201,
        131,
        66,
        68,
        88,
        153,
        168,
        154,
        232,
        63,
        135,
        225,
        242,
        59,
        1,
        214,
        130,
        116,
        32,
        55,
        235,
        185,
        158,
        157,
        140,
        92,
        74,
        217,
        36,
        14,
        196,
        175,
        50,
        87,
        214,
        175,
        28,
        130,
        45,
        61,
        149,
        176,
        68,
        191,
        43,
        33,
        158,
        32,
        115,
        152,
        145,
        153,
        140,
        204,
        182,
        56,
        7,
        19,
        229,
        89,
        121,
        3,
        98,
        29,
        189,
        57,
        13,
        124,
        127,
        241,
        223,
        155,
        206,
        41,
        238,
        62,
        19,
        77,
        241,
        239,
        233,
        31,
        41,
        145,
        253,
        18,
        96,
        0,
        163,
        131,
        220,
        248,
        152,
        135,
        135,
        45,
        0,
        0,
        0,
        0,
        73,
        69,
        78,
        68,
        174,
        66,
        96,
        130
      ]
    },
    "stat": {
      "dev": 16777220,
      "mode": 33188,
      "nlink": 1,
      "uid": 501,
      "gid": 20,
      "rdev": 0,
      "blksize": 4194304,
      "ino": 2088611,
      "size": 1722,
      "blocks": 8,
      "atime": "2018-04-17T07:59:11.786Z",
      "mtime": "2018-03-22T08:50:40.991Z",
      "ctime": "2018-03-22T08:50:40.991Z",
      "birthtime": "2018-03-22T08:50:40.991Z"
    },
    "history": [
      "/Users/jiangheng/Desktop/work-code/xxd-h5/src/mods/contactus/imgs/wb_icon@2x.png"
    ],
    "path": "/Users/jiangheng/Desktop/work-code/xxd-h5/src/mods/contactus/imgs/wb_icon@2x.png",
    "gulpCache$filePathChangedInsideTask": false,
    "gulpCache$fileBaseChangedInsideTask": false,
    "gulpCache$originalPath": "/Users/jiangheng/Desktop/work-code/xxd-h5/src/mods/contactus/imgs/wb_icon@2x.png",
    "gulpCache$originalBase": "/Users/jiangheng/Desktop/work-code/xxd-h5/src/mods/"
  }
]