[
  {
    "cwd": "/Users/jiangheng/Desktop/work-code/xxd-h5",
    "base": "/Users/jiangheng/Desktop/work-code/xxd-h5/src/mods/",
    "contents": {
      "type": "Buffer",
      "data": [
        137,
        80,
        78,
        71,
        13,
        10,
        26,
        10,
        0,
        0,
        0,
        13,
        73,
        72,
        68,
        82,
        0,
        0,
        0,
        71,
        0,
        0,
        0,
        86,
        4,
        3,
        0,
        0,
        0,
        111,
        20,
        150,
        18,
        0,
        0,
        0,
        18,
        80,
        76,
        84,
        69,
        250,
        250,
        250,
        251,
        251,
        251,
        252,
        252,
        252,
        253,
        253,
        253,
        254,
        254,
        254,
        255,
        255,
        255,
        51,
        6,
        8,
        193,
        0,
        0,
        1,
        144,
        73,
        68,
        65,
        84,
        72,
        199,
        221,
        215,
        193,
        110,
        131,
        48,
        12,
        6,
        96,
        39,
        221,
        238,
        176,
        182,
        247,
        168,
        107,
        239,
        172,
        30,
        119,
        86,
        145,
        123,
        215,
        242,
        191,
        255,
        171,
        236,
        144,
        0,
        133,
        36,
        14,
        149,
        54,
        181,
        154,
        79,
        8,
        62,
        69,
        74,
        226,
        56,
        134,
        232,
        142,
        80,
        109,
        219,
        182,
        69,
        14,
        1,
        192,
        157,
        168,
        198,
        77,
        24,
        82,
        101,
        89,
        150,
        35,
        42,
        203,
        178,
        44,
        136,
        236,
        20,
        173,
        0,
        92,
        70,
        116,
        0,
        80,
        5,
        35,
        221,
        131,
        200,
        163,
        109,
        18,
        117,
        204,
        12,
        0,
        204,
        108,
        147,
        104,
        22,
        191,
        142,
        78,
        59,
        31,
        133,
        128,
        170,
        113,
        169,
        211,
        168,
        249,
        11,
        164,
        118,
        65,
        20,
        1,
        138,
        71,
        136,
        222,
        153,
        185,
        34,
        34,
        90,
        49,
        243,
        49,
        129,
        14,
        0,
        190,
        137,
        220,
        198,
        93,
        18,
        232,
        181,
        255,
        54,
        232,
        9,
        82,
        69,
        63,
        193,
        142,
        200,
        165,
        90,
        51,
        71,
        170,
        54,
        68,
        68,
        186,
        79,
        93,
        183,
        81,
        83,
        164,
        173,
        127,
        229,
        63,
        42,
        0,
        152,
        205,
        110,
        109,
        1,
        67,
        138,
        249,
        8,
        0,
        39,
        230,
        189,
        207,
        41,
        51,
        162,
        117,
        50,
        11,
        154,
        1,
        237,
        179,
        169,
        210,
        168,
        207,
        124,
        62,
        53,
        91,
        60,
        51,
        210,
        173,
        11,
        0,
        240,
        143,
        61,
        218,
        248,
        215,
        70,
        168,
        42,
        77,
        191,
        99,
        207,
        137,
        34,
        179,
        51,
        1,
        146,
        207,
        221,
        63,
        68,
        77,
        184,
        78,
        236,
        194,
        159,
        20,
        158,
        158,
        150,
        7,
        109,
        112,
        120,
        75,
        81,
        116,
        118,
        221,
        136,
        234,
        228,
        18,
        220,
        32,
        27,
        69,
        58,
        63,
        82,
        177,
        0,
        117,
        5,
        169,
        60,
        114,
        53,
        80,
        70,
        87,
        55,
        91,
        25,
        93,
        92,
        201,
        149,
        209,
        217,
        21,
        111,
        25,
        85,
        174,
        64,
        203,
        168,
        112,
        187,
        38,
        162,
        142,
        92,
        137,
        23,
        145,
        187,
        71,
        182,
        50,
        114,
        53,
        255,
        69,
        70,
        198,
        167,
        146,
        132,
        174,
        253,
        85,
        38,
        161,
        115,
        127,
        13,
        75,
        104,
        200,
        214,
        54,
        141,
        46,
        67,
        70,
        235,
        52,
        170,
        98,
        237,
        90,
        29,
        189,
        242,
        31,
        131,
        200,
        46,
        65,
        218,
        46,
        64,
        164,
        103,
        168,
        139,
        246,
        175,
        235,
        41,
        50,
        241,
        46,
        102,
        115,
        139,
        62,
        50,
        237,
        78,
        69,
        100,
        191,
        40,
        143,
        142,
        98,
        227,
        100,
        167,
        29,
        159,
        56,
        146,
        28,
        218,
        46,
        232,
        211,
        104,
        133,
        206,
        228,
        255,
        22,
        222,
        194,
        69,
        252,
        1,
        35,
        96,
        250,
        88,
        157,
        89,
        119,
        176,
        0,
        0,
        0,
        0,
        73,
        69,
        78,
        68,
        174,
        66,
        96,
        130
      ]
    },
    "stat": {
      "dev": 16777220,
      "mode": 33188,
      "nlink": 1,
      "uid": 501,
      "gid": 20,
      "rdev": 0,
      "blksize": 4194304,
      "ino": 2088740,
      "size": 16020,
      "blocks": 32,
      "atime": "2018-04-17T07:59:11.792Z",
      "mtime": "2018-03-22T08:50:41.032Z",
      "ctime": "2018-03-22T08:50:41.032Z",
      "birthtime": "2018-03-22T08:50:41.031Z"
    },
    "history": [
      "/Users/jiangheng/Desktop/work-code/xxd-h5/src/mods/openaccount/imgs/xin.png"
    ],
    "path": "/Users/jiangheng/Desktop/work-code/xxd-h5/src/mods/openaccount/imgs/xin.png",
    "gulpCache$filePathChangedInsideTask": false,
    "gulpCache$fileBaseChangedInsideTask": false,
    "gulpCache$originalPath": "/Users/jiangheng/Desktop/work-code/xxd-h5/src/mods/openaccount/imgs/xin.png",
    "gulpCache$originalBase": "/Users/jiangheng/Desktop/work-code/xxd-h5/src/mods/"
  }
]