[
  {
    "cwd": "/Users/jiangheng/Desktop/work-code/xxd-h5",
    "base": "/Users/jiangheng/Desktop/work-code/xxd-h5/src/mods/",
    "contents": {
      "type": "Buffer",
      "data": [
        137,
        80,
        78,
        71,
        13,
        10,
        26,
        10,
        0,
        0,
        0,
        13,
        73,
        72,
        68,
        82,
        0,
        0,
        0,
        26,
        0,
        0,
        0,
        26,
        8,
        6,
        0,
        0,
        0,
        169,
        74,
        76,
        206,
        0,
        0,
        0,
        253,
        73,
        68,
        65,
        84,
        120,
        218,
        188,
        150,
        177,
        10,
        194,
        48,
        16,
        134,
        147,
        219,
        139,
        171,
        143,
        224,
        232,
        170,
        22,
        212,
        181,
        232,
        82,
        241,
        25,
        187,
        245,
        41,
        42,
        117,
        43,
        116,
        234,
        99,
        216,
        217,
        33,
        254,
        145,
        19,
        20,
        210,
        146,
        139,
        36,
        63,
        124,
        75,
        219,
        220,
        95,
        142,
        228,
        191,
        104,
        99,
        140,
        154,
        145,
        6,
        27,
        80,
        130,
        28,
        172,
        192,
        130,
        223,
        141,
        96,
        0,
        13,
        168,
        65,
        11,
        166,
        139,
        89,
        163,
        9,
        10,
        208,
        25,
        127,
        117,
        188,
        198,
        89,
        207,
        245,
        48,
        3,
        149,
        9,
        87,
        197,
        53,
        102,
        141,
        150,
        160,
        55,
        255,
        171,
        231,
        90,
        78,
        163,
        204,
        211,
        228,
        201,
        248,
        152,
        101,
        46,
        35,
        223,
        118,
        93,
        192,
        89,
        208,
        198,
        31,
        163,
        66,
        208,
        150,
        3,
        88,
        11,
        190,
        47,
        62,
        70,
        90,
        184,
        187,
        164,
        70,
        182,
        182,
        182,
        38,
        91,
        236,
        242,
        155,
        242,
        215,
        17,
        60,
        64,
        39,
        88,
        179,
        35,
        62,
        140,
        177,
        85,
        18,
        159,
        248,
        216,
        202,
        109,
        235,
        30,
        95,
        177,
        18,
        171,
        117,
        163,
        53,
        50,
        194,
        191,
        11,
        49,
        82,
        164,
        18,
        137,
        56,
        133,
        99,
        107,
        36,
        142,
        250,
        216,
        26,
        136,
        231,
        73,
        108,
        53,
        196,
        67,
        75,
        162,
        61,
        56,
        9,
        215,
        212,
        33,
        17,
        36,
        213,
        59,
        130,
        66,
        66,
        245,
        14,
        218,
        144,
        80,
        149,
        142,
        137,
        43,
        40,
        67,
        199,
        68,
        210,
        193,
        151,
        108,
        148,
        39,
        189,
        156,
        68,
        187,
        110,
        233,
        84,
        23,
        200,
        151,
        0,
        3,
        0,
        135,
        23,
        111,
        106,
        35,
        28,
        126,
        102,
        0,
        0,
        0,
        0,
        73,
        69,
        78,
        68,
        174,
        66,
        96,
        130
      ]
    },
    "stat": {
      "dev": 16777220,
      "mode": 33188,
      "nlink": 1,
      "uid": 501,
      "gid": 20,
      "rdev": 0,
      "blksize": 4194304,
      "ino": 2088705,
      "size": 1167,
      "blocks": 8,
      "atime": "2018-04-17T07:59:11.792Z",
      "mtime": "2018-03-22T08:50:41.022Z",
      "ctime": "2018-03-22T08:50:41.022Z",
      "birthtime": "2018-03-22T08:50:41.021Z"
    },
    "history": [
      "/Users/jiangheng/Desktop/work-code/xxd-h5/src/mods/mypurse/imgs/notice_icon@2x.png"
    ],
    "path": "/Users/jiangheng/Desktop/work-code/xxd-h5/src/mods/mypurse/imgs/notice_icon@2x.png",
    "gulpCache$filePathChangedInsideTask": false,
    "gulpCache$fileBaseChangedInsideTask": false,
    "gulpCache$originalPath": "/Users/jiangheng/Desktop/work-code/xxd-h5/src/mods/mypurse/imgs/notice_icon@2x.png",
    "gulpCache$originalBase": "/Users/jiangheng/Desktop/work-code/xxd-h5/src/mods/"
  }
]