[
  {
    "cwd": "/Users/jiangheng/Desktop/work-code/xxd-h5",
    "base": "/Users/jiangheng/Desktop/work-code/xxd-h5/src/mods/",
    "contents": {
      "type": "Buffer",
      "data": [
        137,
        80,
        78,
        71,
        13,
        10,
        26,
        10,
        0,
        0,
        0,
        13,
        73,
        72,
        68,
        82,
        0,
        0,
        0,
        79,
        0,
        0,
        0,
        79,
        8,
        6,
        0,
        0,
        0,
        170,
        52,
        152,
        134,
        0,
        0,
        10,
        49,
        73,
        68,
        65,
        84,
        120,
        218,
        236,
        156,
        105,
        144,
        21,
        213,
        21,
        199,
        127,
        61,
        3,
        3,
        51,
        236,
        171,
        32,
        196,
        0,
        66,
        88,
        34,
        138,
        97,
        138,
        50,
        4,
        144,
        24,
        75,
        173,
        66,
        131,
        126,
        136,
        224,
        70,
        166,
        144,
        136,
        89,
        48,
        130,
        98,
        140,
        128,
        154,
        24,
        18,
        131,
        89,
        8,
        149,
        68,
        52,
        144,
        173,
        76,
        8,
        164,
        194,
        98,
        162,
        152,
        34,
        133,
        6,
        172,
        68,
        202,
        72,
        144,
        37,
        130,
        128,
        3,
        146,
        97,
        34,
        34,
        12,
        12,
        200,
        38,
        115,
        242,
        161,
        47,
        216,
        180,
        119,
        235,
        126,
        253,
        230,
        61,
        40,
        186,
        170,
        171,
        224,
        245,
        61,
        231,
        158,
        251,
        159,
        219,
        247,
        156,
        243,
        191,
        231,
        118,
        32,
        34,
        156,
        191,
        210,
        93,
        65,
        99,
        119,
        40,
        97,
        159,
        253,
        128,
        74,
        224,
        82,
        160,
        15,
        208,
        3,
        184,
        0,
        232,
        0,
        52,
        141,
        52,
        255,
        0,
        120,
        15,
        216,
        3,
        236,
        0,
        182,
        3,
        235,
        129,
        215,
        128,
        141,
        1,
        52,
        156,
        243,
        127,
        33,
        129,
        246,
        2,
        85,
        2,
        11,
        5,
        246,
        10,
        72,
        6,
        247,
        1,
        129,
        165,
        2,
        119,
        9,
        116,
        62,
        215,
        0,
        43,
        21,
        184,
        65,
        96,
        153,
        192,
        241,
        140,
        0,
        51,
        221,
        39,
        5,
        86,
        8,
        220,
        44,
        80,
        118,
        54,
        131,
        86,
        46,
        48,
        73,
        160,
        58,
        207,
        128,
        153,
        238,
        221,
        2,
        223,
        16,
        104,
        121,
        182,
        205,
        180,
        137,
        2,
        181,
        5,
        2,
        45,
        126,
        239,
        21,
        184,
        191,
        232,
        103,
        162,
        192,
        80,
        129,
        245,
        69,
        2,
        90,
        252,
        222,
        38,
        112,
        77,
        49,
        130,
        214,
        92,
        224,
        39,
        2,
        13,
        69,
        10,
        92,
        244,
        254,
        181,
        64,
        235,
        162,
        8,
        85,
        4,
        250,
        3,
        127,
        4,
        62,
        153,
        82,
        197,
        38,
        96,
        53,
        240,
        6,
        176,
        25,
        120,
        11,
        216,
        15,
        212,
        7,
        161,
        131,
        105,
        74,
        184,
        110,
        181,
        87,
        161,
        76,
        63,
        117,
        15,
        87,
        33,
        78,
        26,
        219,
        171,
        129,
        49,
        1,
        188,
        90,
        200,
        25,
        55,
        90,
        160,
        62,
        133,
        71,
        92,
        46,
        112,
        187,
        64,
        151,
        28,
        251,
        239,
        160,
        60,
        235,
        146,
        20,
        158,
        252,
        168,
        64,
        85,
        161,
        128,
        187,
        87,
        1,
        225,
        107,
        236,
        187,
        2,
        15,
        229,
        10,
        152,
        3,
        200,
        201,
        2,
        111,
        39,
        4,
        241,
        49,
        105,
        204,
        36,
        65,
        224,
        219,
        9,
        140,
        219,
        163,
        128,
        46,
        111,
        36,
        219,
        202,
        84,
        192,
        188,
        43,
        129,
        141,
        79,
        54,
        10,
        128,
        9,
        128,
        107,
        16,
        152,
        43,
        208,
        174,
        64,
        111,
        70,
        11,
        129,
        89,
        2,
        39,
        138,
        2,
        64,
        53,
        131,
        124,
        12,
        121,
        91,
        96,
        104,
        145,
        68,
        2,
        3,
        5,
        54,
        121,
        218,
        253,
        221,
        124,
        58,
        7,
        159,
        53,
        110,
        153,
        132,
        158,
        177,
        152,
        66,
        169,
        22,
        42,
        68,
        241,
        1,
        112,
        66,
        214,
        157,
        247,
        247,
        244,
        170,
        51,
        165,
        0,
        12,
        77,
        130,
        113,
        76,
        246,
        152,
        0,
        199,
        5,
        174,
        200,
        50,
        0,
        222,
        232,
        1,
        220,
        164,
        179,
        36,
        125,
        188,
        205,
        3,
        192,
        93,
        153,
        172,
        213,
        42,
        115,
        56,
        39,
        128,
        75,
        8,
        224,
        31,
        178,
        200,
        85,
        93,
        41,
        215,
        204,
        60,
        15,
        180,
        181,
        64,
        71,
        129,
        30,
        234,
        238,
        38,
        208,
        42,
        3,
        189,
        247,
        120,
        76,
        138,
        209,
        169,
        210,
        51,
        129,
        82,
        224,
        223,
        192,
        64,
        139,
        220,
        159,
        129,
        209,
        1,
        72,
        142,
        3,
        41,
        33,
        76,
        243,
        6,
        43,
        102,
        249,
        19,
        192,
        199,
        129,
        139,
        128,
        10,
        179,
        24,
        53,
        192,
        155,
        42,
        173,
        219,
        4,
        172,
        2,
        54,
        249,
        218,
        35,
        48,
        31,
        24,
        111,
        105,
        178,
        11,
        232,
        27,
        192,
        145,
        164,
        3,
        154,
        232,
        17,
        142,
        180,
        207,
        1,
        176,
        206,
        17,
        86,
        121,
        95,
        134,
        137,
        255,
        30,
        129,
        5,
        2,
        99,
        93,
        92,
        158,
        226,
        28,
        55,
        56,
        244,
        205,
        72,
        67,
        100,
        214,
        58,
        2,
        224,
        161,
        41,
        0,
        43,
        87,
        131,
        122,
        62,
        97,
        106,
        151,
        246,
        174,
        23,
        152,
        47,
        48,
        200,
        98,
        83,
        63,
        149,
        231,
        218,
        104,
        254,
        142,
        73,
        6,
        57,
        201,
        97,
        212,
        220,
        20,
        179,
        236,
        177,
        12,
        247,
        45,
        210,
        220,
        43,
        76,
        33,
        136,
        192,
        183,
        50,
        89,
        215,
        21,
        19,
        92,
        237,
        120,
        45,
        218,
        121,
        234,
        234,
        36,
        240,
        83,
        129,
        35,
        41,
        6,
        123,
        68,
        160,
        78,
        253,
        229,
        179,
        4,
        113,
        169,
        64,
        79,
        77,
        56,
        182,
        221,
        34,
        243,
        158,
        64,
        11,
        159,
        1,
        223,
        224,
        232,
        252,
        94,
        207,
        216,
        112,
        154,
        192,
        65,
        139,
        158,
        255,
        9,
        60,
        39,
        240,
        132,
        192,
        157,
        2,
        87,
        171,
        96,
        188,
        131,
        64,
        19,
        141,
        206,
        54,
        2,
        189,
        4,
        134,
        11,
        220,
        161,
        2,
        242,
        103,
        5,
        222,
        73,
        249,
        135,
        153,
        170,
        156,
        226,
        41,
        253,
        99,
        29,
        50,
        119,
        250,
        128,
        183,
        204,
        177,
        31,
        80,
        238,
        144,
        31,
        38,
        176,
        89,
        35,
        187,
        85,
        224,
        103,
        202,
        200,
        174,
        25,
        135,
        51,
        61,
        5,
        190,
        36,
        240,
        82,
        2,
        210,
        98,
        137,
        132,
        94,
        253,
        180,
        199,
        87,
        84,
        189,
        73,
        102,
        141,
        203,
        136,
        246,
        14,
        22,
        226,
        33,
        7,
        21,
        244,
        195,
        88,
        92,
        248,
        138,
        192,
        125,
        2,
        189,
        27,
        33,
        240,
        173,
        16,
        88,
        235,
        0,
        237,
        3,
        129,
        121,
        241,
        215,
        54,
        162,
        99,
        188,
        67,
        254,
        98,
        155,
        1,
        85,
        14,
        6,
        184,
        171,
        65,
        174,
        187,
        192,
        63,
        35,
        51,
        108,
        186,
        132,
        113,
        90,
        99,
        102,
        13,
        139,
        28,
        3,
        127,
        65,
        66,
        250,
        222,
        69,
        32,
        28,
        178,
        232,
        120,
        192,
        38,
        188,
        208,
        34,
        184,
        220,
        32,
        51,
        68,
        237,
        145,
        46,
        22,
        184,
        74,
        10,
        83,
        186,
        241,
        53,
        139,
        221,
        251,
        5,
        198,
        37,
        208,
        101,
        99,
        95,
        94,
        50,
        9,
        5,
        202,
        171,
        152,
        4,
        111,
        55,
        164,
        111,
        51,
        27,
        123,
        150,
        197,
        108,
        24,
        36,
        112,
        204,
        96,
        243,
        90,
        129,
        94,
        9,
        245,
        93,
        227,
        96,
        92,
        42,
        76,
        180,
        147,
        109,
        218,
        119,
        209,
        173,
        51,
        5,
        78,
        240,
        155,
        10,
        172,
        179,
        240,
        138,
        21,
        41,
        116,
        54,
        119,
        4,
        205,
        87,
        234,
        132,
        238,
        176,
        8,
        108,
        44,
        82,
        118,
        228,
        65,
        131,
        189,
        191,
        139,
        134,
        33,
        41,
        244,
        190,
        104,
        193,
        226,
        190,
        120,
        251,
        38,
        132,
        123,
        160,
        166,
        107,
        117,
        142,
        131,
        188,
        80,
        37,
        251,
        221,
        35,
        9,
        247,
        218,
        0,
        234,
        115,
        208,
        217,
        13,
        152,
        174,
        121,
        180,
        8,
        24,
        23,
        192,
        201,
        28,
        76,
        94,
        5,
        140,
        52,
        60,
        187,
        84,
        103,
        204,
        82,
        11,
        218,
        247,
        36,
        28,
        88,
        160,
        156,
        199,
        207,
        45,
        217,
        202,
        49,
        149,
        192,
        247,
        78,
        9,
        222,
        211,
        26,
        157,
        171,
        178,
        168,
        73,
        17,
        24,
        99,
        193,
        226,
        31,
        31,
        161,
        164,
        4,
        214,
        1,
        151,
        25,
        244,
        93,
        23,
        192,
        95,
        61,
        59,
        238,
        13,
        220,
        74,
        200,
        184,
        212,
        169,
        159,
        59,
        2,
        159,
        6,
        62,
        165,
        17,
        57,
        12,
        220,
        18,
        132,
        244,
        150,
        239,
        224,
        46,
        6,
        182,
        112,
        230,
        171,
        185,
        19,
        168,
        12,
        96,
        111,
        22,
        78,
        72,
        209,
        113,
        186,
        171,
        54,
        8,
        223,
        164,
        51,
        4,
        108,
        44,
        74,
        159,
        140,
        214,
        168,
        97,
        2,
        59,
        12,
        94,
        236,
        51,
        57,
        176,
        219,
        199,
        85,
        218,
        214,
        77,
        121,
        223,
        74,
        129,
        145,
        2,
        151,
        11,
        92,
        34,
        208,
        37,
        201,
        26,
        40,
        208,
        202,
        22,
        104,
        235,
        4,
        108,
        229,
        10,
        29,
        50,
        78,
        165,
        234,
        52,
        125,
        108,
        247,
        121,
        229,
        4,
        90,
        166,
        40,
        241,
        16,
        149,
        57,
        109,
        18,
        120,
        70,
        113,
        149,
        23,
        58,
        250,
        177,
        49,
        232,
        109,
        226,
        141,
        109,
        29,
        55,
        203,
        216,
        75,
        222,
        111,
        232,
        231,
        171,
        158,
        251,
        15,
        89,
        176,
        43,
        13,
        2,
        43,
        5,
        70,
        25,
        250,
        169,
        243,
        13,
        219,
        74,
        28,
        28,
        253,
        177,
        140,
        163,
        140,
        95,
        168,
        181,
        46,
        126,
        125,
        217,
        67,
        246,
        230,
        140,
        108,
        8,
        128,
        163,
        192,
        65,
        195,
        243,
        131,
        22,
        217,
        230,
        113,
        135,
        33,
        150,
        94,
        50,
        79,
        185,
        4,
        150,
        162,
        223,
        96,
        233,
        27,
        132,
        251,
        18,
        90,
        242,
        129,
        176,
        34,
        190,
        70,
        45,
        232,
        255,
        5,
        106,
        129,
        3,
        106,
        175,
        163,
        130,
        176,
        154,
        126,
        2,
        208,
        214,
        210,
        253,
        74,
        224,
        129,
        32,
        172,
        166,
        55,
        217,
        87,
        71,
        252,
        245,
        252,
        240,
        234,
        116,
        134,
        99,
        114,
        76,
        211,
        182,
        121,
        0,
        239,
        235,
        134,
        190,
        38,
        90,
        100,
        154,
        216,
        72,
        73,
        149,
        216,
        219,
        242,
        243,
        183,
        76,
        175,
        169,
        70,
        215,
        9,
        111,
        60,
        28,
        222,
        182,
        87,
        30,
        192,
        187,
        210,
        208,
        215,
        188,
        148,
        250,
        58,
        9,
        188,
        102,
        97,
        132,
        102,
        249,
        166,
        107,
        106,
        175,
        197,
        200,
        46,
        233,
        4,
        108,
        92,
        216,
        85,
        121,
        0,
        175,
        187,
        161,
        175,
        85,
        41,
        117,
        153,
        136,
        204,
        157,
        2,
        35,
        18,
        234,
        27,
        104,
        193,
        162,
        38,
        222,
        190,
        132,
        176,
        156,
        213,
        116,
        245,
        204,
        67,
        106,
        90,
        131,
        222,
        17,
        117,
        77,
        10,
        28,
        33,
        85,
        164,
        35,
        42,
        95,
        0,
        6,
        5,
        201,
        255,
        32,
        182,
        172,
        103,
        151,
        14,
        188,
        106,
        139,
        64,
        101,
        214,
        200,
        169,
        141,
        105,
        93,
        110,
        219,
        38,
        1,
        112,
        45,
        129,
        191,
        24,
        128,
        251,
        30,
        48,
        42,
        8,
        235,
        155,
        147,
        94,
        151,
        88,
        158,
        109,
        213,
        17,
        3,
        27,
        27,
        19,
        60,
        117,
        29,
        226,
        163,
        123,
        162,
        109,
        61,
        129,
        11,
        128,
        5,
        154,
        148,
        178,
        1,
        184,
        59,
        8,
        195,
        161,
        180,
        215,
        48,
        203,
        179,
        215,
        117,
        198,
        244,
        117,
        80,
        240,
        237,
        242,
        176,
        238,
        105,
        185,
        184,
        28,
        232,
        168,
        227,
        190,
        245,
        37,
        22,
        189,
        165,
        14,
        42,
        254,
        234,
        52,
        76,
        242,
        152,
        98,
        1,
        79,
        224,
        10,
        181,
        153,
        19,
        7,
        238,
        243,
        25,
        216,
        244,
        57,
        7,
        147,
        220,
        194,
        36,
        184,
        216,
        34,
        184,
        168,
        145,
        192,
        59,
        224,
        144,
        105,
        166,
        169,
        23,
        60,
        41,
        112,
        83,
        70,
        54,
        205,
        181,
        96,
        176,
        218,
        38,
        248,
        69,
        139,
        224,
        177,
        172,
        95,
        93,
        3,
        120,
        117,
        14,
        153,
        105,
        26,
        153,
        241,
        25,
        217,
        83,
        166,
        142,
        60,
        152,
        48,
        152,
        110,
        19,
        110,
        239,
        40,
        192,
        153,
        156,
        49,
        120,
        58,
        162,
        116,
        155,
        35,
        158,
        59,
        156,
        175,
        250,
        64,
        199,
        228,
        145,
        232,
        38,
        185,
        73,
        193,
        243,
        142,
        178,
        178,
        166,
        25,
        26,
        187,
        59,
        73,
        144,
        172,
        97,
        143,
        255,
        148,
        229,
        86,
        167,
        101,
        51,
        73,
        196,
        146,
        7,
        71,
        21,
        220,
        232,
        64,
        127,
        124,
        134,
        198,
        190,
        175,
        209,
        191,
        192,
        194,
        3,
        70,
        157,
        196,
        27,
        89,
        158,
        165,
        245,
        168,
        209,
        249,
        138,
        143,
        146,
        38,
        142,
        211,
        51,
        53,
        94,
        21,
        67,
        126,
        235,
        139,
        78,
        255,
        19,
        134,
        246,
        179,
        35,
        109,
        14,
        75,
        250,
        131,
        130,
        166,
        49,
        111,
        182,
        140,
        249,
        160,
        119,
        41,
        175,
        133,
        172,
        60,
        125,
        94,
        43,
        3,
        131,
        59,
        251,
        18,
        162,
        170,
        46,
        185,
        222,
        135,
        121,
        73,
        105,
        139,
        171,
        62,
        249,
        71,
        73,
        148,
        185,
        42,
        67,
        79,
        216,
        170,
        45,
        61,
        251,
        48,
        5,
        229,
        35,
        53,
        109,
        167,
        68,
        158,
        63,
        155,
        49,
        112,
        125,
        28,
        65,
        241,
        161,
        196,
        31,
        126,
        240,
        56,
        42,
        181,
        62,
        151,
        138,
        1,
        129,
        17,
        6,
        189,
        157,
        52,
        109,
        223,
        84,
        207,
        246,
        101,
        121,
        106,
        82,
        101,
        19,
        47,
        103,
        126,
        164,
        74,
        173,
        73,
        255,
        113,
        40,
        254,
        109,
        14,
        134,
        235,
        138,
        9,
        223,
        213,
        180,
        27,
        18,
        121,
        94,
        149,
        241,
        172,
        251,
        177,
        99,
        124,
        181,
        169,
        79,
        133,
        171,
        237,
        59,
        215,
        70,
        202,
        212,
        148,
        186,
        167,
        104,
        116,
        253,
        77,
        211,
        110,
        142,
        122,
        182,
        50,
        99,
        224,
        174,
        83,
        219,
        160,
        182,
        123,
        108,
        174,
        157,
        204,
        243,
        0,
        176,
        42,
        133,
        222,
        89,
        174,
        194,
        105,
        229,
        5,
        247,
        168,
        53,
        118,
        0,
        103,
        219,
        165,
        246,
        73,
        55,
        123,
        28,
        125,
        175,
        74,
        168,
        247,
        25,
        141,
        158,
        235,
        99,
        109,
        62,
        155,
        216,
        219,
        21,
        33,
        128,
        131,
        28,
        101,
        87,
        137,
        211,
        55,
        67,
        253,
        112,
        103,
        205,
        154,
        180,
        175,
        80,
        7,
        158,
        179,
        4,
        240,
        214,
        4,
        159,
        222,
        104,
        230,
        161,
        47,
        254,
        45,
        128,
        173,
        154,
        54,
        91,
        5,
        166,
        20,
        96,
        172,
        3,
        85,
        80,
        126,
        234,
        190,
        41,
        11,
        165,
        211,
        60,
        1,
        92,
        39,
        150,
        51,
        107,
        170,
        40,
        49,
        78,
        64,
        60,
        21,
        107,
        211,
        79,
        121,
        187,
        242,
        2,
        128,
        23,
        79,
        81,
        103,
        219,
        218,
        151,
        120,
        238,
        59,
        204,
        4,
        158,
        244,
        104,
        122,
        25,
        240,
        47,
        129,
        25,
        134,
        193,
        95,
        164,
        233,
        115,
        69,
        236,
        255,
        215,
        2,
        223,
        79,
        124,
        104,
        174,
        200,
        95,
        223,
        192,
        224,
        41,
        77,
        119,
        181,
        192,
        45,
        18,
        1,
        75,
        29,
        88,
        137,
        215,
        141,
        116,
        136,
        245,
        243,
        148,
        109,
        214,
        169,
        242,
        215,
        182,
        146,
        96,
        195,
        40,
        38,
        95,
        97,
        202,
        87,
        243,
        50,
        243,
        212,
        236,
        147,
        32,
        44,
        169,
        247,
        205,
        111,
        123,
        0,
        191,
        7,
        182,
        168,
        131,
        38,
        173,
        212,
        111,
        209,
        107,
        93,
        16,
        126,
        92,
        240,
        116,
        136,
        2,
        172,
        137,
        207,
        58,
        129,
        193,
        138,
        50,
        59,
        64,
        248,
        108,
        63,
        97,
        165,
        195,
        81,
        85,
        10,
        59,
        66,
        3,
        196,
        250,
        72,
        220,
        246,
        176,
        192,
        181,
        2,
        27,
        8,
        107,
        101,
        14,
        10,
        188,
        42,
        230,
        186,
        196,
        184,
        174,
        254,
        42,
        242,
        136,
        198,
        130,
        119,
        231,
        226,
        68,
        146,
        158,
        43,
        171,
        215,
        132,
        62,
        143,
        198,
        244,
        246,
        136,
        207,
        58,
        181,
        136,
        191,
        239,
        241,
        125,
        128,
        254,
        49,
        185,
        104,
        25,
        201,
        235,
        6,
        178,
        119,
        71,
        244,
        200,
        150,
        110,
        230,
        41,
        34,
        163,
        218,
        247,
        80,
        143,
        47,
        128,
        67,
        84,
        13,
        72,
        46,
        229,
        94,
        131,
        60,
        250,
        153,
        163,
        249,
        18,
        79,
        165,
        230,
        212,
        206,
        15,
        44,
        224,
        157,
        138,
        73,
        117,
        27,
        93,
        149,
        22,
        240,
        158,
        22,
        88,
        19,
        251,
        237,
        193,
        172,
        214,
        193,
        86,
        2,
        191,
        76,
        9,
        220,
        206,
        4,
        253,
        180,
        17,
        24,
        160,
        118,
        184,
        74,
        85,
        229,
        231,
        140,
        152,
        190,
        197,
        14,
        240,
        134,
        171,
        117,
        123,
        73,
        236,
        247,
        27,
        45,
        224,
        197,
        11,
        63,
        127,
        149,
        15,
        103,
        50,
        74,
        197,
        102,
        73,
        192,
        155,
        147,
        64,
        255,
        0,
        129,
        71,
        4,
        254,
        174,
        217,
        203,
        56,
        125,
        36,
        212,
        2,
        222,
        238,
        200,
        239,
        83,
        19,
        128,
        167,
        59,
        177,
        217,
        58,
        177,
        195,
        112,
        56,
        147,
        231,
        8,
        25,
        222,
        111,
        226,
        216,
        66,
        140,
        92,
        139,
        60,
        129,
        155,
        64,
        88,
        213,
        240,
        40,
        161,
        99,
        40,
        83,
        225,
        77,
        146,
        47,
        107,
        68,
        89,
        155,
        19,
        57,
        12,
        245,
        2,
        224,
        225,
        124,
        134,
        52,
        109,
        213,
        174,
        190,
        237,
        116,
        247,
        78,
        223,
        13,
        28,
        213,
        246,
        148,
        220,
        59,
        2,
        31,
        51,
        48,
        210,
        182,
        153,
        183,
        206,
        194,
        87,
        218,
        102,
        222,
        73,
        181,
        179,
        182,
        45,
        246,
        42,
        247,
        205,
        108,
        230,
        197,
        102,
        97,
        93,
        0,
        143,
        19,
        14,
        114,
        28,
        240,
        162,
        166,
        217,
        130,
        4,
        95,
        198,
        136,
        230,
        189,
        165,
        64,
        59,
        129,
        203,
        85,
        24,
        148,
        239,
        107,
        126,
        0,
        191,
        1,
        190,
        19,
        249,
        173,
        41,
        142,
        248,
        47,
        235,
        217,
        216,
        67,
        237,
        23,
        44,
        87,
        244,
        246,
        192,
        4,
        178,
        11,
        45,
        140,
        78,
        116,
        118,
        189,
        156,
        135,
        153,
        55,
        91,
        253,
        94,
        162,
        33,
        136,
        175,
        111,
        210,
        24,
        224,
        5,
        225,
        215,
        181,
        231,
        16,
        134,
        29,
        165,
        9,
        143,
        56,
        221,
        165,
        214,
        209,
        47,
        16,
        86,
        82,
        29,
        2,
        94,
        33,
        44,
        37,
        27,
        12,
        220,
        166,
        218,
        149,
        9,
        148,
        71,
        2,
        236,
        13,
        124,
        152,
        73,
        108,
        137,
        173,
        127,
        209,
        138,
        167,
        3,
        177,
        127,
        71,
        159,
        213,
        40,
        251,
        27,
        4,
        166,
        1,
        143,
        68,
        158,
        85,
        5,
        231,
        191,
        13,
        159,
        254,
        42,
        57,
        15,
        193,
        121,
        240,
        10,
        114,
        253,
        127,
        0,
        162,
        180,
        78,
        12,
        12,
        141,
        5,
        125,
        0,
        0,
        0,
        0,
        73,
        69,
        78,
        68,
        174,
        66,
        96,
        130
      ]
    },
    "stat": {
      "dev": 16777220,
      "mode": 33188,
      "nlink": 1,
      "uid": 501,
      "gid": 20,
      "rdev": 0,
      "blksize": 4194304,
      "ino": 2088754,
      "size": 20183,
      "blocks": 40,
      "atime": "2018-04-17T07:59:11.793Z",
      "mtime": "2018-03-22T08:50:41.035Z",
      "ctime": "2018-03-22T08:50:41.035Z",
      "birthtime": "2018-03-22T08:50:41.035Z"
    },
    "history": [
      "/Users/jiangheng/Desktop/work-code/xxd-h5/src/mods/openaccount/yhimgs/hsyh@2x.png"
    ],
    "path": "/Users/jiangheng/Desktop/work-code/xxd-h5/src/mods/openaccount/yhimgs/hsyh@2x.png",
    "gulpCache$filePathChangedInsideTask": false,
    "gulpCache$fileBaseChangedInsideTask": false,
    "gulpCache$originalPath": "/Users/jiangheng/Desktop/work-code/xxd-h5/src/mods/openaccount/yhimgs/hsyh@2x.png",
    "gulpCache$originalBase": "/Users/jiangheng/Desktop/work-code/xxd-h5/src/mods/"
  }
]