[
  {
    "cwd": "/Users/jiangheng/Desktop/work-code/xxd-h5",
    "base": "/Users/jiangheng/Desktop/work-code/xxd-h5/src/mods/",
    "contents": {
      "type": "Buffer",
      "data": [
        137,
        80,
        78,
        71,
        13,
        10,
        26,
        10,
        0,
        0,
        0,
        13,
        73,
        72,
        68,
        82,
        0,
        0,
        0,
        24,
        0,
        0,
        0,
        24,
        8,
        6,
        0,
        0,
        0,
        224,
        119,
        61,
        248,
        0,
        0,
        2,
        34,
        73,
        68,
        65,
        84,
        120,
        218,
        180,
        149,
        77,
        72,
        84,
        81,
        20,
        199,
        231,
        233,
        104,
        146,
        232,
        40,
        137,
        146,
        3,
        57,
        11,
        193,
        77,
        65,
        180,
        168,
        200,
        160,
        108,
        145,
        38,
        8,
        131,
        9,
        9,
        130,
        32,
        17,
        213,
        172,
        218,
        181,
        139,
        192,
        162,
        47,
        130,
        22,
        37,
        24,
        34,
        132,
        24,
        4,
        137,
        164,
        98,
        52,
        153,
        72,
        184,
        16,
        65,
        55,
        26,
        25,
        4,
        109,
        102,
        91,
        72,
        36,
        214,
        224,
        215,
        239,
        192,
        25,
        185,
        220,
        238,
        83,
        135,
        121,
        30,
        248,
        241,
        238,
        199,
        204,
        255,
        255,
        238,
        61,
        247,
        220,
        231,
        253,
        41,
        56,
        24,
        210,
        56,
        1,
        71,
        66,
        185,
        199,
        6,
        44,
        20,
        167,
        87,
        126,
        72,
        199,
        83,
        131,
        126,
        232,
        10,
        5,
        23,
        155,
        112,
        19,
        147,
        94,
        49,
        168,
        163,
        179,
        4,
        125,
        48,
        24,
        128,
        184,
        7,
        221,
        112,
        20,
        131,
        178,
        48,
        141,
        195,
        58,
        241,
        26,
        166,
        178,
        85,
        67,
        228,
        191,
        177,
        149,
        194,
        226,
        9,
        30,
        245,
        210,
        206,
        179,
        150,
        21,
        120,
        228,
        133,
        246,
        57,
        194,
        57,
        252,
        247,
        5,
        68,
        217,
        14,
        115,
        108,
        134,
        45,
        123,
        24,
        148,
        65,
        20,
        98,
        218,
        174,
        149,
        116,
        104,
        63,
        48,
        131,
        184,
        62,
        155,
        97,
        68,
        219,
        233,
        108,
        115,
        32,
        71,
        248,
        25,
        228,
        251,
        204,
        159,
        134,
        183,
        240,
        13,
        134,
        224,
        170,
        142,
        203,
        41,
        90,
        221,
        109,
        5,
        213,
        240,
        1,
        106,
        148,
        118,
        248,
        103,
        153,
        143,
        194,
        47,
        104,
        132,
        159,
        236,
        255,
        170,
        30,
        221,
        105,
        114,
        211,
        180,
        211,
        10,
        34,
        240,
        30,
        42,
        181,
        0,
        227,
        218,
        47,
        181,
        204,
        229,
        5,
        27,
        17,
        76,
        101,
        196,
        141,
        250,
        248,
        236,
        103,
        80,
        8,
        239,
        164,
        18,
        161,
        3,
        174,
        193,
        13,
        56,
        7,
        159,
        52,
        161,
        25,
        243,
        22,
        132,
        190,
        104,
        113,
        69,
        96,
        10,
        158,
        131,
        183,
        83,
        146,
        7,
        84,
        236,
        58,
        12,
        235,
        88,
        47,
        44,
        235,
        220,
        146,
        94,
        7,
        109,
        48,
        157,
        17,
        231,
        145,
        132,
        42,
        56,
        41,
        57,
        99,
        44,
        129,
        249,
        102,
        216,
        81,
        23,
        103,
        224,
        14,
        188,
        180,
        230,
        222,
        168,
        137,
        152,
        222,
        202,
        152,
        27,
        226,
        21,
        154,
        139,
        152,
        49,
        151,
        176,
        13,
        214,
        224,
        56,
        148,
        24,
        103,
        220,
        12,
        57,
        45,
        103,
        97,
        222,
        200,
        85,
        82,
        107,
        226,
        60,
        60,
        130,
        114,
        184,
        15,
        247,
        100,
        171,
        93,
        43,
        72,
        65,
        145,
        79,
        242,
        127,
        195,
        69,
        151,
        56,
        219,
        241,
        157,
        55,
        190,
        75,
        123,
        18,
        26,
        244,
        242,
        252,
        232,
        90,
        193,
        101,
        77,
        160,
        43,
        230,
        228,
        99,
        226,
        18,
        55,
        46,
        204,
        43,
        112,
        10,
        30,
        51,
        190,
        238,
        74,
        242,
        248,
        46,
        197,
        231,
        20,
        231,
        237,
        47,
        240,
        24,
        131,
        219,
        140,
        61,
        200,
        229,
        54,
        125,
        101,
        236,
        185,
        45,
        46,
        201,
        237,
        177,
        175,
        138,
        13,
        109,
        31,
        216,
        163,
        65,
        76,
        139,
        207,
        37,
        222,
        41,
        219,
        98,
        39,
        245,
        43,
        252,
        133,
        167,
        112,
        201,
        33,
        40,
        201,
        154,
        181,
        198,
        138,
        212,
        232,
        152,
        30,
        95,
        167,
        184,
        249,
        209,
        111,
        133,
        39,
        112,
        200,
        97,
        144,
        80,
        147,
        237,
        59,
        95,
        147,
        104,
        190,
        128,
        83,
        220,
        52,
        200,
        38,
        42,
        245,
        46,
        146,
        16,
        209,
        69,
        169,
        88,
        191,
        31,
        111,
        9,
        48,
        0,
        180,
        10,
        172,
        90,
        173,
        32,
        194,
        44,
        0,
        0,
        0,
        0,
        73,
        69,
        78,
        68,
        174,
        66,
        96,
        130
      ]
    },
    "stat": {
      "dev": 16777220,
      "mode": 33188,
      "nlink": 1,
      "uid": 501,
      "gid": 20,
      "rdev": 0,
      "blksize": 4194304,
      "ino": 2088785,
      "size": 1460,
      "blocks": 8,
      "atime": "2018-04-17T07:59:11.794Z",
      "mtime": "2018-03-22T08:50:41.042Z",
      "ctime": "2018-03-22T08:50:41.042Z",
      "birthtime": "2018-03-22T08:50:41.042Z"
    },
    "history": [
      "/Users/jiangheng/Desktop/work-code/xxd-h5/src/mods/personal/imgs/graph_icon@2x.png"
    ],
    "path": "/Users/jiangheng/Desktop/work-code/xxd-h5/src/mods/personal/imgs/graph_icon@2x.png",
    "gulpCache$filePathChangedInsideTask": false,
    "gulpCache$fileBaseChangedInsideTask": false,
    "gulpCache$originalPath": "/Users/jiangheng/Desktop/work-code/xxd-h5/src/mods/personal/imgs/graph_icon@2x.png",
    "gulpCache$originalBase": "/Users/jiangheng/Desktop/work-code/xxd-h5/src/mods/"
  }
]