[
  {
    "cwd": "/Users/jiangheng/Desktop/work-code/xxd-h5",
    "base": "/Users/jiangheng/Desktop/work-code/xxd-h5/src/mods/",
    "contents": {
      "type": "Buffer",
      "data": [
        137,
        80,
        78,
        71,
        13,
        10,
        26,
        10,
        0,
        0,
        0,
        13,
        73,
        72,
        68,
        82,
        0,
        0,
        0,
        46,
        0,
        0,
        0,
        37,
        8,
        6,
        0,
        0,
        0,
        61,
        126,
        219,
        244,
        0,
        0,
        5,
        69,
        73,
        68,
        65,
        84,
        120,
        218,
        204,
        89,
        125,
        108,
        142,
        87,
        20,
        127,
        219,
        161,
        58,
        138,
        80,
        234,
        99,
        86,
        106,
        217,
        58,
        236,
        31,
        97,
        43,
        29,
        169,
        250,
        216,
        214,
        118,
        62,
        102,
        66,
        134,
        166,
        36,
        43,
        137,
        152,
        100,
        38,
        83,
        52,
        106,
        172,
        232,
        102,
        9,
        155,
        45,
        98,
        241,
        185,
        89,
        182,
        217,
        38,
        205,
        108,
        106,
        241,
        157,
        168,
        164,
        74,
        131,
        101,
        82,
        132,
        84,
        108,
        54,
        31,
        77,
        71,
        148,
        210,
        190,
        126,
        39,
        251,
        221,
        229,
        184,
        158,
        214,
        251,
        60,
        239,
        243,
        138,
        147,
        252,
        114,
        239,
        123,
        239,
        125,
        206,
        249,
        61,
        247,
        158,
        123,
        207,
        185,
        207,
        27,
        21,
        12,
        6,
        3,
        225,
        72,
        255,
        156,
        107,
        250,
        103,
        87,
        96,
        34,
        144,
        10,
        60,
        13,
        68,
        3,
        23,
        129,
        195,
        192,
        119,
        192,
        25,
        251,
        249,
        35,
        27,
        219,
        123,
        178,
        219,
        44,
        224,
        143,
        196,
        1,
        133,
        192,
        116,
        160,
        185,
        213,
        215,
        15,
        120,
        29,
        88,
        10,
        108,
        5,
        222,
        5,
        254,
        9,
        215,
        160,
        31,
        196,
        19,
        129,
        93,
        192,
        179,
        170,
        77,
        150,
        161,
        18,
        144,
        229,
        76,
        2,
        18,
        128,
        40,
        96,
        18,
        144,
        14,
        188,
        2,
        156,
        8,
        199,
        104,
        148,
        27,
        87,
        129,
        91,
        136,
        209,
        55,
        165,
        10,
        44,
        6,
        14,
        1,
        101,
        64,
        47,
        14,
        57,
        10,
        44,
        0,
        126,
        3,
        234,
        141,
        13,
        186,
        206,
        18,
        32,
        141,
        109,
        87,
        128,
        23,
        129,
        231,
        129,
        2,
        241,
        24,
        96,
        27,
        220,
        102,
        143,
        175,
        196,
        65,
        248,
        57,
        20,
        27,
        128,
        129,
        108,
        218,
        1,
        35,
        89,
        104,
        255,
        138,
        179,
        40,
        178,
        9,
        200,
        5,
        234,
        26,
        179,
        5,
        44,
        3,
        222,
        231,
        239,
        253,
        192,
        80,
        160,
        24,
        200,
        98,
        155,
        236,
        133,
        169,
        208,
        125,
        42,
        108,
        226,
        32,
        55,
        68,
        136,
        2,
        173,
        217,
        36,
        15,
        12,
        0,
        238,
        2,
        21,
        138,
        196,
        48,
        53,
        203,
        77,
        201,
        215,
        192,
        91,
        172,
        11,
        225,
        191,
        184,
        106,
        209,
        108,
        187,
        1,
        100,
        130,
        252,
        129,
        166,
        148,
        68,
        63,
        132,
        116,
        34,
        103,
        196,
        144,
        222,
        34,
        62,
        11,
        165,
        229,
        202,
        184,
        200,
        172,
        16,
        73,
        139,
        188,
        7,
        212,
        178,
        62,
        9,
        186,
        196,
        189,
        122,
        0,
        235,
        56,
        41,
        98,
        171,
        24,
        182,
        123,
        120,
        38,
        14,
        249,
        8,
        104,
        203,
        122,
        46,
        140,
        100,
        3,
        231,
        249,
        251,
        85,
        150,
        229,
        46,
        55,
        154,
        204,
        240,
        78,
        214,
        95,
        227,
        145,
        120,
        1,
        200,
        229,
        233,
        83,
        75,
        155,
        69,
        158,
        136,
        227,
        141,
        59,
        161,
        24,
        199,
        159,
        171,
        161,
        120,
        157,
        53,
        36,
        153,
        101,
        153,
        135,
        67,
        193,
        60,
        211,
        14,
        118,
        58,
        170,
        51,
        125,
        7,
        143,
        84,
        145,
        113,
        228,
        224,
        122,
        198,
        83,
        217,
        47,
        203,
        183,
        194,
        161,
        191,
        5,
        203,
        26,
        15,
        196,
        175,
        171,
        250,
        147,
        86,
        64,
        18,
        119,
        252,
        157,
        182,
        83,
        189,
        16,
        239,
        202,
        242,
        18,
        148,
        253,
        233,
        208,
        111,
        66,
        230,
        83,
        30,
        136,
        235,
        103,
        46,
        59,
        244,
        151,
        91,
        28,
        92,
        17,
        55,
        196,
        218,
        99,
        201,
        156,
        2,
        213,
        113,
        150,
        195,
        67,
        216,
        43,
        182,
        140,
        96,
        121,
        22,
        147,
        114,
        211,
        161,
        191,
        29,
        203,
        106,
        47,
        196,
        205,
        81,
        23,
        195,
        72,
        103,
        75,
        49,
        75,
        137,
        138,
        83,
        92,
        144,
        78,
        103,
        26,
        160,
        117,
        232,
        189,
        213,
        150,
        99,
        68,
        142,
        185,
        38,
        142,
        153,
        248,
        67,
        61,
        88,
        4,
        133,
        173,
        172,
        33,
        27,
        149,
        127,
        127,
        2,
        244,
        12,
        129,
        116,
        7,
        224,
        75,
        214,
        37,
        14,
        124,
        238,
        48,
        102,
        57,
        143,
        196,
        99,
        228,
        224,
        233,
        56,
        156,
        203,
        178,
        55,
        80,
        2,
        242,
        221,
        213,
        139,
        201,
        50,
        206,
        51,
        238,
        4,
        28,
        4,
        94,
        106,
        66,
        151,
        156,
        66,
        7,
        212,
        11,
        22,
        233,
        108,
        17,
        186,
        99,
        128,
        85,
        168,
        206,
        176,
        108,
        187,
        39,
        14,
        114,
        187,
        81,
        44,
        84,
        167,
        76,
        37,
        148,
        47,
        86,
        67,
        214,
        2,
        235,
        89,
        239,
        6,
        148,
        2,
        223,
        2,
        99,
        73,
        84,
        18,
        175,
        12,
        206,
        242,
        113,
        78,
        128,
        200,
        175,
        204,
        81,
        12,
        105,
        137,
        9,
        167,
        129,
        119,
        216,
        148,
        79,
        219,
        222,
        66,
        62,
        20,
        246,
        229,
        81,
        152,
        161,
        154,
        27,
        228,
        8,
        131,
        226,
        219,
        28,
        35,
        57,
        200,
        167,
        192,
        204,
        16,
        125,
        252,
        7,
        70,
        221,
        58,
        147,
        143,
        67,
        71,
        9,
        170,
        35,
        213,
        152,
        95,
        36,
        167,
        65,
        223,
        73,
        87,
        51,
        14,
        69,
        79,
        0,
        5,
        220,
        160,
        25,
        138,
        240,
        62,
        49,
        170,
        72,
        139,
        207,
        46,
        2,
        38,
        187,
        216,
        156,
        153,
        116,
        147,
        46,
        150,
        75,
        126,
        15,
        252,
        203,
        223,
        98,
        179,
        66,
        56,
        8,
        151,
        144,
        102,
        28,
        3,
        91,
        80,
        201,
        40,
        54,
        93,
        5,
        62,
        150,
        92,
        2,
        132,
        175,
        170,
        113,
        185,
        76,
        9,
        218,
        56,
        232,
        189,
        192,
        212,
        181,
        129,
        254,
        159,
        232,
        48,
        73,
        183,
        128,
        15,
        228,
        37,
        160,
        183,
        222,
        248,
        57,
        138,
        55,
        196,
        85,
        152,
        242,
        154,
        147,
        103,
        60,
        198,
        212,
        53,
        74,
        156,
        203,
        254,
        35,
        48,
        70,
        45,
        89,
        14,
        30,
        186,
        172,
        198,
        196,
        50,
        197,
        157,
        160,
        244,
        212,
        211,
        5,
        182,
        114,
        85,
        236,
        104,
        42,
        209,
        241,
        101,
        62,
        35,
        110,
        210,
        82,
        245,
        237,
        38,
        177,
        106,
        189,
        226,
        36,
        159,
        207,
        23,
        222,
        46,
        47,
        132,
        49,
        193,
        198,
        136,
        207,
        71,
        241,
        33,
        127,
        126,
        33,
        126,
        171,
        7,
        163,
        95,
        8,
        252,
        204,
        60,
        218,
        200,
        54,
        96,
        14,
        80,
        21,
        162,
        171,
        36,
        112,
        166,
        223,
        102,
        142,
        46,
        34,
        190,
        156,
        174,
        39,
        136,
        246,
        70,
        115,
        245,
        229,
        58,
        184,
        0,
        253,
        133,
        15,
        16,
        103,
        26,
        121,
        138,
        1,
        71,
        102,
        58,
        203,
        34,
        45,
        70,
        126,
        2,
        70,
        179,
        169,
        150,
        9,
        209,
        22,
        143,
        183,
        47,
        57,
        73,
        190,
        81,
        81,
        82,
        46,
        17,
        67,
        97,
        243,
        150,
        69,
        94,
        82,
        230,
        213,
        128,
        236,
        171,
        100,
        147,
        157,
        106,
        191,
        203,
        35,
        233,
        26,
        222,
        66,
        130,
        14,
        103,
        186,
        38,
        157,
        201,
        132,
        200,
        171,
        72,
        106,
        59,
        132,
        123,
        65,
        36,
        165,
        145,
        84,
        246,
        51,
        96,
        15,
        185,
        229,
        221,
        55,
        227,
        116,
        129,
        75,
        188,
        173,
        175,
        0,
        161,
        121,
        214,
        91,
        63,
        195,
        229,
        140,
        97,
        211,
        88,
        140,
        217,
        238,
        240,
        121,
        194,
        139,
        12,
        228,
        13,
        202,
        124,
        29,
        72,
        133,
        238,
        67,
        150,
        253,
        193,
        12,
        94,
        114,
        59,
        74,
        144,
        252,
        38,
        90,
        61,
        28,
        167,
        66,
        185,
        45,
        75,
        21,
        233,
        181,
        134,
        180,
        31,
        2,
        93,
        165,
        58,
        24,
        241,
        164,
        178,
        199,
        72,
        84,
        62,
        199,
        84,
        32,
        69,
        187,
        74,
        127,
        115,
        59,
        177,
        47,
        170,
        188,
        190,
        141,
        87,
        185,
        119,
        94,
        192,
        127,
        17,
        178,
        103,
        89,
        31,
        4,
        155,
        131,
        28,
        198,
        236,
        101,
        57,
        64,
        19,
        143,
        103,
        233,
        116,
        50,
        76,
        86,
        227,
        214,
        232,
        99,
        203,
        199,
        89,
        191,
        131,
        98,
        165,
        106,
        202,
        118,
        24,
        86,
        165,
        185,
        26,
        66,
        205,
        85,
        80,
        176,
        101,
        184,
        170,
        111,
        10,
        68,
        78,
        36,
        6,
        220,
        177,
        242,
        117,
        45,
        53,
        154,
        171,
        29,
        205,
        226,
        177,
        76,
        99,
        128,
        52,
        186,
        73,
        51,
        149,
        241,
        157,
        199,
        204,
        84,
        70,
        138,
        53,
        116,
        215,
        240,
        3,
        147,
        72,
        18,
        108,
        119,
        38,
        135,
        52,
        225,
        132,
        234,
        11,
        78,
        185,
        74,
        3,
        203,
        62,
        60,
        171,
        103,
        243,
        183,
        156,
        237,
        177,
        15,
        75,
        234,
        125,
        148,
        10,
        85,
        55,
        33,
        127,
        54,
        57,
        77,
        211,
        92,
        205,
        149,
        108,
        51,
        157,
        62,
        206,
        186,
        133,
        119,
        176,
        242,
        143,
        72,
        75,
        149,
        117,
        233,
        48,
        92,
        122,
        170,
        75,
        246,
        230,
        255,
        137,
        99,
        153,
        228,
        77,
        7,
        59,
        40,
        138,
        117,
        240,
        177,
        72,
        202,
        13,
        85,
        111,
        77,
        110,
        133,
        252,
        18,
        236,
        234,
        6,
        20,
        176,
        242,
        240,
        72,
        75,
        93,
        36,
        62,
        51,
        231,
        152,
        77,
        235,
        167,
        88,
        145,
        183,
        179,
        95,
        196,
        27,
        172,
        239,
        224,
        137,
        129,
        71,
        39,
        245,
        225,
        16,
        63,
        194,
        29,
        157,
        20,
        120,
        180,
        242,
        119,
        224,
        191,
        63,
        11,
        188,
        127,
        102,
        126,
        92,
        229,
        158,
        0,
        3,
        0,
        214,
        196,
        195,
        235,
        93,
        240,
        193,
        204,
        0,
        0,
        0,
        0,
        73,
        69,
        78,
        68,
        174,
        66,
        96,
        130
      ]
    },
    "stat": {
      "dev": 16777220,
      "mode": 33188,
      "nlink": 1,
      "uid": 501,
      "gid": 20,
      "rdev": 0,
      "blksize": 4194304,
      "ino": 2088788,
      "size": 2263,
      "blocks": 8,
      "atime": "2018-04-17T07:59:11.795Z",
      "mtime": "2018-03-22T08:50:41.043Z",
      "ctime": "2018-03-22T08:50:41.043Z",
      "birthtime": "2018-03-22T08:50:41.043Z"
    },
    "history": [
      "/Users/jiangheng/Desktop/work-code/xxd-h5/src/mods/personal/imgs/group_icon@3x.png"
    ],
    "path": "/Users/jiangheng/Desktop/work-code/xxd-h5/src/mods/personal/imgs/group_icon@3x.png",
    "gulpCache$filePathChangedInsideTask": false,
    "gulpCache$fileBaseChangedInsideTask": false,
    "gulpCache$originalPath": "/Users/jiangheng/Desktop/work-code/xxd-h5/src/mods/personal/imgs/group_icon@3x.png",
    "gulpCache$originalBase": "/Users/jiangheng/Desktop/work-code/xxd-h5/src/mods/"
  }
]