[
  {
    "cwd": "/Users/jiangheng/Desktop/work-code/xxd-h5",
    "base": "/Users/jiangheng/Desktop/work-code/xxd-h5/src/mods/",
    "contents": {
      "type": "Buffer",
      "data": [
        137,
        80,
        78,
        71,
        13,
        10,
        26,
        10,
        0,
        0,
        0,
        13,
        73,
        72,
        68,
        82,
        0,
        0,
        0,
        67,
        0,
        0,
        0,
        80,
        8,
        6,
        0,
        0,
        0,
        66,
        136,
        200,
        70,
        0,
        0,
        12,
        239,
        73,
        68,
        65,
        84,
        120,
        218,
        229,
        156,
        121,
        88,
        212,
        199,
        25,
        199,
        103,
        119,
        217,
        101,
        89,
        88,
        92,
        142,
        229,
        150,
        211,
        3,
        140,
        18,
        17,
        143,
        120,
        163,
        68,
        69,
        96,
        97,
        1,
        15,
        60,
        139,
        87,
        80,
        107,
        68,
        241,
        192,
        179,
        18,
        91,
        173,
        34,
        136,
        145,
        128,
        120,
        17,
        53,
        213,
        24,
        143,
        196,
        163,
        213,
        38,
        85,
        147,
        212,
        219,
        28,
        106,
        27,
        99,
        213,
        199,
        54,
        70,
        159,
        166,
        245,
        168,
        152,
        26,
        163,
        62,
        77,
        210,
        119,
        214,
        119,
        200,
        184,
        236,
        254,
        14,
        206,
        21,
        255,
        248,
        62,
        176,
        48,
        199,
        111,
        62,
        191,
        119,
        102,
        222,
        119,
        142,
        37,
        25,
        197,
        63,
        146,
        26,
        74,
        225,
        148,
        92,
        220,
        134,
        12,
        44,
        248,
        204,
        158,
        20,
        137,
        43,
        82,
        105,
        58,
        248,
        157,
        56,
        170,
        248,
        54,
        145,
        90,
        192,
        80,
        58,
        167,
        190,
        209,
        19,
        10,
        252,
        201,
        158,
        84,
        73,
        43,
        167,
        67,
        58,
        85,
        109,
        129,
        40,
        147,
        138,
        90,
        40,
        18,
        11,
        227,
        64,
        189,
        235,
        88,
        113,
        80,
        246,
        11,
        181,
        133,
        161,
        0,
        169,
        221,
        7,
        111,
        236,
        33,
        4,
        67,
        107,
        46,
        157,
        2,
        233,
        52,
        181,
        129,
        65,
        161,
        131,
        133,
        109,
        20,
        170,
        167,
        150,
        58,
        72,
        235,
        176,
        60,
        35,
        107,
        28,
        80,
        138,
        135,
        74,
        183,
        218,
        208,
        54,
        208,
        22,
        85,
        114,
        113,
        128,
        21,
        12,
        103,
        239,
        225,
        219,
        250,
        10,
        85,
        228,
        154,
        190,
        150,
        90,
        134,
        11,
        173,
        140,
        53,
        46,
        106,
        202,
        49,
        218,
        184,
        2,
        44,
        183,
        90,
        93,
        96,
        77,
        221,
        24,
        60,
        6,
        29,
        254,
        86,
        94,
        95,
        48,
        192,
        50,
        246,
        226,
        11,
        83,
        178,
        10,
        85,
        240,
        199,
        57,
        66,
        153,
        160,
        75,
        188,
        136,
        4,
        89,
        30,
        173,
        239,
        200,
        29,
        253,
        132,
        242,
        232,
        7,
        109,
        152,
        9,
        233,
        92,
        25,
        12,
        154,
        175,
        239,
        107,
        223,
        168,
        225,
        247,
        251,
        118,
        187,
        86,
        114,
        113,
        54,
        151,
        158,
        214,
        231,
        162,
        54,
        189,
        190,
        190,
        190,
        96,
        192,
        184,
        183,
        31,
        234,
        208,
        81,
        6,
        172,
        97,
        26,
        77,
        202,
        234,
        28,
        129,
        76,
        143,
        59,
        207,
        190,
        224,
        1,
        233,
        156,
        120,
        24,
        109,
        167,
        158,
        108,
        35,
        84,
        145,
        103,
        230,
        91,
        89,
        86,
        48,
        232,
        248,
        225,
        162,
        76,
        44,
        252,
        66,
        160,
        107,
        209,
        60,
        106,
        246,
        146,
        64,
        110,
        240,
        34,
        222,
        172,
        47,
        24,
        208,
        110,
        218,
        77,
        244,
        180,
        109,
        85,
        244,
        117,
        233,
        229,
        179,
        4,
        50,
        253,
        224,
        156,
        82,
        178,
        216,
        201,
        180,
        106,
        2,
        52,
        100,
        28,
        21,
        188,
        173,
        87,
        224,
        193,
        139,
        68,
        42,
        218,
        1,
        202,
        166,
        233,
        161,
        11,
        140,
        133,
        183,
        62,
        30,
        242,
        252,
        18,
        186,
        228,
        77,
        187,
        93,
        43,
        99,
        221,
        4,
        10,
        26,
        159,
        139,
        194,
        208,
        67,
        158,
        205,
        245,
        8,
        227,
        143,
        80,
        71,
        51,
        30,
        134,
        171,
        91,
        198,
        186,
        57,
        245,
        56,
        72,
        73,
        150,
        251,
        224,
        138,
        73,
        104,
        182,
        13,
        9,
        195,
        221,
        10,
        198,
        250,
        185,
        142,
        0,
        163,
        217,
        144,
        55,
        39,
        55,
        36,
        12,
        176,
        246,
        83,
        54,
        44,
        227,
        217,
        132,
        1,
        93,
        240,
        251,
        136,
        236,
        67,
        101,
        173,
        38,
        125,
        184,
        18,
        84,
        36,
        85,
        45,
        39,
        30,
        46,
        8,
        25,
        247,
        135,
        121,
        205,
        199,
        236,
        51,
        55,
        25,
        203,
        128,
        89,
        240,
        30,
        164,
        73,
        2,
        197,
        131,
        122,
        131,
        122,
        73,
        84,
        119,
        80,
        59,
        80,
        0,
        14,
        242,
        170,
        166,
        96,
        25,
        247,
        226,
        22,
        221,
        160,
        190,
        73,
        24,
        40,
        72,
        134,
        40,
        4,
        35,
        90,
        69,
        149,
        159,
        97,
        129,
        1,
        14,
        210,
        107,
        142,
        0,
        67,
        63,
        104,
        227,
        116,
        57,
        48,
        96,
        102,
        170,
        236,
        58,
        247,
        82,
        20,
        246,
        123,
        29,
        58,
        121,
        82,
        165,
        197,
        105,
        188,
        202,
        3,
        181,
        192,
        48,
        12,
        221,
        156,
        173,
        54,
        173,
        186,
        2,
        163,
        235,
        53,
        152,
        215,
        191,
        70,
        93,
        147,
        160,
        175,
        69,
        36,
        41,
        191,
        38,
        165,
        228,
        43,
        24,
        204,
        254,
        238,
        53,
        236,
        119,
        195,
        229,
        194,
        232,
        48,
        243,
        60,
        181,
        10,
        103,
        204,
        35,
        71,
        10,
        84,
        85,
        108,
        162,
        68,
        74,
        254,
        160,
        14,
        233,
        43,
        255,
        151,
        0,
        63,
        205,
        168,
        84,
        9,
        50,
        139,
        72,
        106,
        254,
        254,
        230,
        194,
        71,
        177,
        240,
        211,
        151,
        185,
        240,
        82,
        97,
        180,
        207,
        253,
        44,
        132,
        154,
        250,
        207,
        49,
        205,
        114,
        66,
        76,
        171,
        9,
        49,
        151,
        147,
        136,
        184,
        60,
        50,
        162,
        195,
        112,
        98,
        234,
        50,
        142,
        84,
        132,
        118,
        34,
        135,
        2,
        162,
        200,
        69,
        79,
        95,
        242,
        173,
        206,
        153,
        252,
        91,
        175,
        175,
        22,
        181,
        42,
        145,
        170,
        1,
        20,
        12,
        138,
        194,
        129,
        37,
        58,
        116,
        252,
        193,
        209,
        198,
        225,
        111,
        47,
        52,
        142,
        216,
        62,
        255,
        105,
        189,
        189,
        0,
        92,
        113,
        234,
        106,
        191,
        136,
        105,
        237,
        41,
        58,
        120,
        236,
        254,
        9,
        246,
        202,
        240,
        31,
        189,
        59,
        135,
        43,
        35,
        18,
        212,
        28,
        159,
        67,
        195,
        121,
        160,
        162,
        48,
        98,
        114,
        207,
        134,
        254,
        12,
        3,
        64,
        164,
        174,
        33,
        109,
        123,
        229,
        146,
        189,
        193,
        49,
        228,
        180,
        49,
        24,
        26,
        174,
        37,
        223,
        232,
        221,
        201,
        85,
        131,
        23,
        185,
        108,
        240,
        38,
        103,
        189,
        2,
        201,
        73,
        159,
        16,
        203,
        255,
        172,
        97,
        176,
        74,
        41,
        16,
        55,
        124,
        24,
        79,
        144,
        55,
        152,
        238,
        106,
        17,
        119,
        219,
        4,
        233,
        188,
        64,
        30,
        152,
        143,
        137,
        126,
        246,
        140,
        201,
        253,
        60,
        92,
        36,
        196,
        63,
        142,
        131,
        152,
        39,
        246,
        121,
        55,
        124,
        14,
        21,
        231,
        190,
        75,
        135,
        145,
        240,
        4,
        132,
        38,
        169,
        136,
        156,
        129,
        134,
        222,
        113,
        117,
        33,
        95,
        120,
        250,
        145,
        227,
        62,
        161,
        150,
        134,
        219,
        146,
        173,
        245,
        12,
        5,
        90,
        136,
        19,
        14,
        40,
        244,
        205,
        232,
        224,
        237,
        119,
        17,
        106,
        12,
        184,
        228,
        5,
        104,
        210,
        106,
        27,
        210,
        186,
        164,
        173,
        25,
        38,
        148,
        95,
        151,
        190,
        118,
        34,
        7,
        64,
        141,
        245,
        43,
        185,
        168,
        85,
        30,
        140,
        196,
        34,
        128,
        81,
        70,
        230,
        70,
        13,
        32,
        55,
        220,
        13,
        85,
        111,
        95,
        64,
        58,
        80,
        180,
        216,
        122,
        6,
        235,
        58,
        94,
        240,
        246,
        46,
        10,
        76,
        107,
        231,
        89,
        28,
        97,
        181,
        6,
        97,
        9,
        254,
        32,
        34,
        20,
        242,
        28,
        31,
        130,
        243,
        19,
        109,
        29,
        226,
        91,
        149,
        35,
        15,
        70,
        122,
        5,
        233,
        216,
        99,
        42,
        185,
        11,
        22,
        241,
        169,
        49,
        136,
        156,
        178,
        3,
        225,
        207,
        65,
        47,
        120,
        156,
        244,
        13,
        159,
        126,
        218,
        24,
        114,
        21,
        244,
        39,
        235,
        245,
        12,
        91,
        139,
        55,
        20,
        134,
        17,
        194,
        240,
        181,
        2,
        13,
        250,
        17,
        70,
        255,
        182,
        204,
        172,
        249,
        5,
        25,
        218,
        72,
        8,
        206,
        174,
        9,
        44,
        9,
        28,
        199,
        185,
        190,
        14,
        96,
        124,
        110,
        129,
        97,
        24,
        176,
        148,
        28,
        133,
        46,
        241,
        37,
        12,
        144,
        182,
        64,
        28,
        11,
        104,
        29,
        123,
        202,
        39,
        236,
        13,
        0,
        112,
        11,
        62,
        255,
        68,
        5,
        80,
        246,
        176,
        233,
        181,
        26,
        8,
        168,
        128,
        173,
        89,
        208,
        4,
        158,
        224,
        178,
        142,
        22,
        14,
        116,
        74,
        230,
        211,
        180,
        86,
        141,
        112,
        2,
        39,
        46,
        81,
        100,
        188,
        89,
        6,
        233,
        124,
        16,
        58,
        91,
        9,
        83,
        213,
        8,
        198,
        140,
        115,
        22,
        24,
        249,
        145,
        47,
        91,
        172,
        130,
        31,
        35,
        104,
        217,
        0,
        32,
        3,
        0,
        252,
        158,
        1,
        224,
        5,
        128,
        246,
        241,
        235,
        25,
        184,
        210,
        181,
        34,
        19,
        10,
        191,
        2,
        250,
        7,
        232,
        50,
        21,
        84,
        116,
        25,
        220,
        221,
        171,
        34,
        142,
        210,
        3,
        200,
        123,
        137,
        229,
        121,
        146,
        207,
        242,
        249,
        174,
        200,
        10,
        211,
        117,
        90,
        62,
        151,
        143,
        214,
        125,
        13,
        242,
        38,
        201,
        30,
        51,
        102,
        95,
        176,
        192,
        184,
        15,
        211,
        229,
        25,
        132,
        112,
        52,
        48,
        202,
        7,
        187,
        194,
        95,
        109,
        65,
        96,
        130,
        46,
        115,
        128,
        95,
        207,
        176,
        204,
        38,
        48,
        54,
        204,
        116,
        4,
        15,
        84,
        149,
        92,
        60,
        86,
        214,
        108,
        146,
        84,
        92,
        217,
        126,
        198,
        217,
        48,
        54,
        29,
        31,
        245,
        111,
        221,
        25,
        44,
        161,
        4,
        26,
        122,
        71,
        8,
        2,
        211,
        199,
        193,
        209,
        213,
        66,
        120,
        103,
        232,
        195,
        211,
        29,
        1,
        6,
        204,
        64,
        99,
        101,
        249,
        25,
        105,
        27,
        42,
        211,
        242,
        111,
        248,
        21,
        142,
        218,
        172,
        63,
        227,
        19,
        186,
        83,
        10,
        0,
        49,
        24,
        46,
        48,
        205,
        205,
        118,
        140,
        216,
        100,
        67,
        182,
        44,
        15,
        52,
        99,
        83,
        37,
        29,
        123,
        14,
        118,
        31,
        27,
        124,
        210,
        24,
        242,
        83,
        93,
        192,
        112,
        152,
        168,
        85,
        238,
        74,
        151,
        34,
        189,
        130,
        194,
        240,
        219,
        144,
        186,
        44,
        2,
        198,
        135,
        239,
        154,
        20,
        12,
        185,
        33,
        60,
        194,
        8,
        40,
        201,
        44,
        143,
        60,
        229,
        19,
        250,
        125,
        157,
        192,
        128,
        110,
        178,
        212,
        65,
        186,
        201,
        44,
        89,
        48,
        158,
        116,
        147,
        160,
        53,
        67,
        75,
        219,
        157,
        240,
        169,
        163,
        110,
        2,
        193,
        211,
        16,
        0,
        114,
        16,
        204,
        244,
        99,
        195,
        144,
        77,
        199,
        196,
        4,
        126,
        194,
        17,
        176,
        166,
        115,
        130,
        131,
        161,
        185,
        236,
        10,
        56,
        101,
        135,
        165,
        148,
        231,
        62,
        120,
        227,
        71,
        186,
        244,
        242,
        131,
        126,
        163,
        118,
        37,
        203,
        130,
        97,
        46,
        175,
        52,
        229,
        223,
        8,
        155,
        145,
        123,
        42,
        226,
        131,
        168,
        62,
        165,
        123,
        162,
        77,
        239,
        238,
        232,
        60,
        124,
        47,
        213,
        59,
        157,
        71,
        236,
        123,
        55,
        38,
        237,
        16,
        88,
        204,
        15,
        178,
        6,
        80,
        12,
        157,
        169,
        123,
        220,
        7,
        52,
        80,
        130,
        76,
        61,
        23,
        126,
        149,
        45,
        4,
        35,
        34,
        251,
        80,
        33,
        164,
        75,
        1,
        37,
        74,
        40,
        175,
        15,
        70,
        175,
        62,
        114,
        182,
        10,
        168,
        159,
        17,
        155,
        247,
        183,
        214,
        248,
        252,
        45,
        65,
        93,
        65,
        253,
        232,
        146,
        0,
        150,
        155,
        6,
        83,
        237,
        35,
        169,
        48,
        20,
        56,
        149,
        185,
        163,
        123,
        28,
        1,
        106,
        37,
        65,
        237,
        218,
        76,
        57,
        254,
        11,
        33,
        24,
        126,
        163,
        119,
        45,
        195,
        16,
        61,
        82,
        66,
        121,
        225,
        184,
        166,
        226,
        110,
        181,
        137,
        36,
        2,
        99,
        69,
        101,
        167,
        57,
        151,
        90,
        96,
        180,
        108,
        196,
        101,
        128,
        112,
        108,
        71,
        100,
        126,
        214,
        246,
        20,
        176,
        12,
        201,
        48,
        152,
        115,
        163,
        65,
        243,
        212,
        227,
        63,
        197,
        100,
        12,
        25,
        119,
        192,
        44,
        4,
        195,
        35,
        115,
        203,
        2,
        58,
        210,
        227,
        131,
        138,
        149,
        167,
        199,
        250,
        53,
        86,
        59,
        112,
        226,
        43,
        93,
        51,
        206,
        133,
        97,
        94,
        45,
        46,
        238,
        186,
        97,
        121,
        94,
        197,
        105,
        133,
        221,
        229,
        194,
        80,
        112,
        102,
        169,
        194,
        80,
        90,
        72,
        244,
        205,
        185,
        182,
        203,
        57,
        29,
        45,
        4,
        195,
        107,
        216,
        214,
        113,
        220,
        155,
        22,
        43,
        147,
        213,
        93,
        211,
        16,
        158,
        95,
        246,
        99,
        101,
        185,
        148,
        15,
        152,
        23,
        43,
        27,
        6,
        184,
        227,
        61,
        192,
        228,
        86,
        131,
        74,
        65,
        171,
        132,
        85,
        248,
        58,
        164,
        47,
        81,
        155,
        94,
        127,
        79,
        100,
        83,
        247,
        40,
        184,
        215,
        37,
        52,
        189,
        120,
        153,
        150,
        186,
        203,
        33,
        125,
        108,
        141,
        215,
        51,
        82,
        203,
        73,
        203,
        184,
        60,
        114,
        201,
        195,
        8,
        49,
        74,
        115,
        154,
        223,
        121,
        253,
        203,
        179,
        98,
        228,
        194,
        80,
        66,
        224,
        148,
        231,
        32,
        177,
        201,
        43,
        114,
        187,
        201,
        207,
        48,
        214,
        144,
        216,
        30,
        57,
        228,
        50,
        192,
        96,
        203,
        16,
        114,
        97,
        72,
        217,
        133,
        111,
        48,
        217,
        216,
        133,
        111,
        80,
        24,
        82,
        118,
        225,
        27,
        76,
        114,
        119,
        225,
        235,
        3,
        134,
        238,
        89,
        221,
        133,
        175,
        15,
        24,
        207,
        110,
        108,
        82,
        31,
        48,
        28,
        104,
        123,
        113,
        90,
        163,
        195,
        0,
        243,
        204,
        129,
        25,
        229,
        54,
        140,
        230,
        119,
        97,
        74,
        172,
        20,
        147,
        218,
        180,
        234,
        22,
        76,
        175,
        255,
        21,
        89,
        218,
        123,
        0,
        211,
        239,
        77,
        41,
        229,
        209,
        122,
        105,
        253,
        134,
        161,
        155,
        199,
        52,
        54,
        12,
        151,
        126,
        191,
        190,
        25,
        220,
        55,
        255,
        159,
        189,
        250,
        255,
        230,
        246,
        160,
        132,
        165,
        119,
        71,
        138,
        201,
        92,
        244,
        56,
        179,
        93,
        206,
        169,
        197,
        66,
        48,
        130,
        198,
        236,
        221,
        4,
        101,
        15,
        149,
        82,
        30,
        212,
        155,
        17,
        183,
        232,
        70,
        175,
        1,
        75,
        254,
        19,
        36,
        119,
        123,
        177,
        174,
        97,
        56,
        227,
        174,
        86,
        24,
        6,
        75,
        29,
        4,
        20,
        131,
        63,
        95,
        130,
        135,
        24,
        43,
        2,
        99,
        57,
        164,
        163,
        199,
        5,
        98,
        185,
        124,
        246,
        68,
        183,
        28,
        66,
        209,
        117,
        119,
        110,
        172,
        169,
        149,
        85,
        170,
        197,
        63,
        122,
        226,
        150,
        161,
        144,
        188,
        65,
        129,
        225,
        175,
        124,
        48,
        88,
        8,
        134,
        247,
        176,
        173,
        249,
        24,
        56,
        25,
        37,
        148,
        233,
        137,
        245,
        107,
        217,
        169,
        226,
        198,
        128,
        97,
        201,
        8,
        126,
        134,
        63,
        56,
        94,
        47,
        105,
        205,
        101,
        221,
        93,
        204,
        101,
        93,
        153,
        224,
        115,
        55,
        122,
        44,
        218,
        123,
        248,
        54,
        127,
        12,
        162,
        52,
        248,
        230,
        220,
        3,
        179,
        246,
        36,
        138,
        204,
        12,
        115,
        240,
        77,
        107,
        89,
        222,
        160,
        172,
        189,
        158,
        180,
        14,
        90,
        46,
        95,
        15,
        21,
        212,
        223,
        29,
        102,
        53,
        239,
        154,
        187,
        227,
        53,
        130,
        241,
        126,
        117,
        119,
        60,
        177,
        112,
        146,
        224,
        96,
        152,
        88,
        56,
        222,
        250,
        80,
        172,
        223,
        168,
        157,
        253,
        101,
        30,
        138,
        85,
        194,
        96,
        217,
        91,
        100,
        51,
        122,
        68,
        99,
        187,
        227,
        78,
        48,
        234,
        103,
        9,
        111,
        50,
        175,
        154,
        130,
        209,
        165,
        162,
        22,
        39,
        132,
        85,
        96,
        17,
        253,
        68,
        54,
        179,
        199,
        112,
        245,
        212,
        59,
        140,
        15,
        67,
        99,
        246,
        86,
        27,
        64,
        13,
        67,
        54,
        37,
        65,
        212,
        120,
        79,
        96,
        63,
        227,
        85,
        46,
        76,
        150,
        109,
        25,
        44,
        6,
        130,
        174,
        147,
        32,
        114,
        222,
        124,
        124,
        67,
        14,
        160,
        135,
        34,
        186,
        84,
        84,
        155,
        90,
        195,
        39,
        188,
        223,
        17,
        76,
        216,
        238,
        142,
        59,
        244,
        229,
        92,
        110,
        254,
        175,
        41,
        12,
        45,
        12,
        170,
        38,
        97,
        119,
        124,
        227,
        196,
        134,
        156,
        90,
        15,
        68,
        197,
        231,
        91,
        119,
        19,
        109,
        114,
        193,
        119,
        254,
        240,
        246,
        15,
        8,
        60,
        100,
        181,
        134,
        213,
        0,
        134,
        139,
        113,
        196,
        246,
        84,
        71,
        114,
        199,
        183,
        244,
        156,
        152,
        142,
        43,
        99,
        42,
        126,
        13,
        212,
        203,
        99,
        232,
        230,
        101,
        207,
        19,
        140,
        147,
        190,
        225,
        247,
        178,
        231,
        93,
        140,
        168,
        26,
        215,
        112,
        118,
        160,
        3,
        86,
        179,
        150,
        19,
        143,
        36,
        62,
        79,
        48,
        14,
        135,
        117,
        58,
        140,
        139,
        208,
        90,
        254,
        176,
        138,
        18,
        31,
        58,
        24,
        70,
        243,
        203,
        207,
        11,
        140,
        29,
        157,
        50,
        231,
        163,
        195,
        167,
        177,
        62,
        211,
        69,
        233,
        248,
        122,
        102,
        190,
        85,
        252,
        60,
        192,
        128,
        46,
        114,
        127,
        250,
        180,
        19,
        237,
        217,
        224,
        105,
        125,
        166,
        139,
        46,
        181,
        121,
        116,
        206,
        251,
        146,
        46,
        12,
        63,
        106,
        234,
        48,
        14,
        68,
        246,
        217,
        141,
        161,
        2,
        171,
        235,
        41,
        24,
        42,
        28,
        85,
        67,
        160,
        225,
        187,
        154,
        58,
        140,
        101,
        153,
        235,
        146,
        49,
        198,
        98,
        62,
        13,
        177,
        121,
        168,
        173,
        219,
        188,
        43,
        125,
        161,
        146,
        135,
        77,
        21,
        6,
        88,
        197,
        126,
        220,
        113,
        115,
        231,
        174,
        154,
        85,
        59,
        250,
        232,
        132,
        9,
        34,
        124,
        71,
        237,
        92,
        217,
        20,
        97,
        156,
        240,
        139,
        184,
        255,
        234,
        204,
        79,
        123,
        227,
        222,
        172,
        150,
        139,
        183,
        136,
        189,
        243,
        159,
        52,
        228,
        110,
        15,
        78,
        216,
        167,
        77,
        4,
        198,
        67,
        6,
        99,
        99,
        124,
        238,
        66,
        91,
        86,
        97,
        239,
        80,
        172,
        19,
        142,
        29,
        193,
        113,
        139,
        110,
        36,
        40,
        147,
        138,
        42,
        113,
        213,
        122,
        250,
        179,
        8,
        99,
        93,
        191,
        188,
        246,
        167,
        141,
        33,
        143,
        41,
        136,
        61,
        209,
        166,
        221,
        184,
        17,
        110,
        228,
        226,
        44,
        65,
        24,
        204,
        35,
        165,
        231,
        191,
        91,
        179,
        157,
        118,
        176,
        146,
        229,
        207,
        34,
        140,
        138,
        62,
        211,
        58,
        82,
        16,
        71,
        66,
        99,
        207,
        208,
        213,
        57,
        188,
        120,
        99,
        185,
        121,
        100,
        239,
        236,
        184,
        173,
        238,
        162,
        69,
        130,
        173,
        188,
        134,
        109,
        157,
        5,
        13,
        155,
        90,
        7,
        129,
        90,
        253,
        194,
        48,
        175,
        37,
        93,
        187,
        77,
        38,
        215,
        155,
        25,
        170,
        96,
        236,
        138,
        29,
        220,
        239,
        163,
        144,
        246,
        7,
        71,
        46,
        185,
        221,
        17,
        151,
        53,
        155,
        177,
        29,
        59,
        169,
        48,
        216,
        84,
        235,
        138,
        64,
        2,
        209,
        83,
        115,
        113,
        104,
        24,
        41,
        111,
        144,
        200,
        184,
        57,
        228,
        47,
        94,
        254,
        85,
        22,
        254,
        219,
        97,
        235,
        3,
        209,
        159,
        8,
        66,
        107,
        183,
        116,
        15,
        161,
        91,
        5,
        118,
        47,
        255,
        35,
        0,
        119,
        108,
        148,
        198,
        161,
        97,
        208,
        187,
        38,
        105,
        235,
        201,
        156,
        168,
        129,
        252,
        243,
        235,
        112,
        233,
        81,
        111,
        13,
        66,
        14,
        12,
        126,
        177,
        88,
        205,
        223,
        229,
        226,
        86,
        186,
        6,
        58,
        22,
        140,
        2,
        66,
        82,
        75,
        73,
        243,
        248,
        133,
        228,
        115,
        239,
        64,
        214,
        221,
        213,
        220,
        21,
        14,
        165,
        148,
        251,
        38,
        98,
        64,
        20,
        86,
        247,
        185,
        44,
        48,
        252,
        71,
        239,
        142,
        119,
        56,
        24,
        84,
        212,
        58,
        218,
        12,
        228,
        159,
        93,
        201,
        198,
        136,
        218,
        194,
        176,
        123,
        5,
        131,
        46,
        8,
        249,
        141,
        222,
        53,
        15,
        34,
        221,
        235,
        141,
        5,
        131,
        42,
        122,
        218,
        39,
        225,
        79,
        193,
        72,
        45,
        35,
        254,
        96,
        29,
        159,
        24,
        155,
        147,
        115,
        94,
        1,
        130,
        23,
        112,
        234,
        10,
        6,
        155,
        126,
        163,
        82,
        11,
        31,
        37,
        192,
        248,
        177,
        93,
        153,
        88,
        248,
        160,
        161,
        97,
        192,
        139,
        56,
        11,
        225,
        67,
        224,
        211,
        23,
        246,
        86,
        128,
        117,
        108,
        32,
        121,
        109,
        18,
        45,
        119,
        211,
        234,
        27,
        6,
        155,
        109,
        116,
        232,
        214,
        182,
        1,
        197,
        117,
        157,
        123,
        105,
        34,
        56,
        103,
        199,
        56,
        24,
        179,
        235,
        11,
        134,
        42,
        105,
        229,
        183,
        48,
        102,
        109,
        48,
        21,
        60,
        136,
        198,
        151,
        162,
        126,
        234,
        246,
        98,
        122,
        5,
        153,
        20,
        157,
        78,
        110,
        233,
        221,
        26,
        4,
        134,
        2,
        189,
        85,
        29,
        78,
        187,
        97,
        184,
        141,
        216,
        191,
        229,
        164,
        35,
        11,
        224,
        97,
        175,
        235,
        210,
        215,
        230,
        215,
        13,
        140,
        178,
        55,
        173,
        46,
        238,
        124,
        208,
        251,
        87,
        95,
        103,
        161,
        19,
        21,
        130,
        30,
        179,
        211,
        83,
        55,
        153,
        192,
        50,
        166,
        181,
        77,
        177,
        92,
        215,
        108,
        8,
        24,
        214,
        55,
        31,
        245,
        104,
        37,
        244,
        76,
        103,
        76,
        252,
        107,
        223,
        196,
        182,
        158,
        252,
        209,
        139,
        86,
        190,
        73,
        141,
        96,
        104,
        82,
        74,
        246,
        63,
        185,
        224,
        87,
        126,
        30,
        198,
        7,
        186,
        75,
        247,
        50,
        238,
        221,
        6,
        115,
        123,
        179,
        202,
        198,
        134,
        193,
        95,
        208,
        115,
        194,
        134,
        27,
        16,
        138,
        63,
        255,
        160,
        181,
        129,
        1,
        16,
        10,
        12,
        67,
        54,
        173,
        199,
        203,
        255,
        93,
        64,
        45,
        240,
        36,
        177,
        27,
        127,
        110,
        212,
        33,
        96,
        88,
        93,
        212,
        99,
        142,
        26,
        59,
        164,
        202,
        239,
        194,
        185,
        128,
        137,
        103,
        202,
        132,
        225,
        138,
        96,
        91,
        225,
        113,
        232,
        0,
        116,
        169,
        171,
        202,
        182,
        249,
        77,
        78,
        141,
        13,
        131,
        179,
        18,
        165,
        141,
        3,
        174,
        22,
        24,
        45,
        178,
        15,
        197,
        170,
        77,
        171,
        46,
        8,
        156,
        233,
        202,
        225,
        96,
        176,
        37,
        133,
        102,
        56,
        46,
        25,
        240,
        127,
        106,
        123,
        55,
        30,
        29,
        10,
        134,
        192,
        247,
        109,
        41,
        184,
        181,
        146,
        152,
        192,
        172,
        247,
        74,
        157,
        146,
        139,
        239,
        84,
        59,
        98,
        61,
        116,
        243,
        120,
        171,
        128,
        80,
        197,
        237,
        252,
        171,
        121,
        192,
        207,
        58,
        12,
        53,
        198,
        57,
        116,
        230,
        233,
        58,
        96,
        201,
        157,
        76,
        152,
        30,
        223,
        113,
        203,
        88,
        119,
        14,
        116,
        2,
        60,
        218,
        5,
        241,
        139,
        255,
        21,
        194,
        223,
        117,
        229,
        44,
        77,
        26,
        132,
        198,
        132,
        33,
        247,
        43,
        240,
        184,
        47,
        33,
        104,
        142,
        87,
        58,
        122,
        226,
        149,
        136,
        94,
        248,
        165,
        4,
        94,
        252,
        34,
        109,
        67,
        170,
        161,
        97,
        176,
        183,
        172,
        193,
        153,
        192,
        27,
        161,
        68,
        224,
        17,
        38,
        31,
        28,
        48,
        157,
        158,
        7,
        24,
        182,
        252,
        19,
        29,
        130,
        113,
        227,
        190,
        100,
        64,
        217,
        24,
        207,
        213,
        88,
        48,
        236,
        93,
        237,
        80,
        54,
        134,
        69,
        48,
        253,
        31,
        47,
        248,
        120,
        90,
        94,
        86,
        40,
        39,
        0,
        0,
        0,
        0,
        73,
        69,
        78,
        68,
        174,
        66,
        96,
        130
      ]
    },
    "stat": {
      "dev": 16777220,
      "mode": 33188,
      "nlink": 1,
      "uid": 501,
      "gid": 20,
      "rdev": 0,
      "blksize": 4194304,
      "ino": 2088678,
      "size": 4578,
      "blocks": 16,
      "atime": "2018-04-17T07:59:11.791Z",
      "mtime": "2018-03-22T08:50:41.016Z",
      "ctime": "2018-03-22T08:50:41.016Z",
      "birthtime": "2018-03-22T08:50:41.016Z"
    },
    "history": [
      "/Users/jiangheng/Desktop/work-code/xxd-h5/src/mods/login/imgs/logo@2x.png"
    ],
    "path": "/Users/jiangheng/Desktop/work-code/xxd-h5/src/mods/login/imgs/logo@2x.png",
    "gulpCache$filePathChangedInsideTask": false,
    "gulpCache$fileBaseChangedInsideTask": false,
    "gulpCache$originalPath": "/Users/jiangheng/Desktop/work-code/xxd-h5/src/mods/login/imgs/logo@2x.png",
    "gulpCache$originalBase": "/Users/jiangheng/Desktop/work-code/xxd-h5/src/mods/"
  }
]