[
  {
    "cwd": "/Users/jiangheng/Desktop/work-code/xxd-h5",
    "base": "/Users/jiangheng/Desktop/work-code/xxd-h5/src/mods/",
    "contents": {
      "type": "Buffer",
      "data": [
        137,
        80,
        78,
        71,
        13,
        10,
        26,
        10,
        0,
        0,
        0,
        13,
        73,
        72,
        68,
        82,
        0,
        0,
        0,
        44,
        0,
        0,
        0,
        36,
        8,
        6,
        0,
        0,
        0,
        242,
        215,
        216,
        108,
        0,
        0,
        4,
        170,
        73,
        68,
        65,
        84,
        120,
        218,
        188,
        152,
        119,
        104,
        20,
        81,
        16,
        198,
        239,
        206,
        88,
        16,
        99,
        141,
        53,
        54,
        236,
        21,
        19,
        43,
        246,
        138,
        136,
        61,
        26,
        75,
        52,
        22,
        68,
        197,
        104,
        20,
        44,
        136,
        138,
        216,
        187,
        40,
        136,
        5,
        11,
        34,
        152,
        40,
        86,
        72,
        44,
        145,
        216,
        34,
        98,
        176,
        197,
        94,
        136,
        196,
        36,
        250,
        71,
        236,
        133,
        40,
        104,
        44,
        24,
        191,
        129,
        111,
        225,
        185,
        236,
        222,
        190,
        219,
        228,
        28,
        248,
        177,
        111,
        247,
        54,
        187,
        95,
        102,
        103,
        230,
        205,
        123,
        222,
        132,
        132,
        4,
        79,
        49,
        91,
        95,
        112,
        4,
        164,
        130,
        88,
        167,
        155,
        99,
        99,
        99,
        3,
        122,
        184,
        207,
        83,
        252,
        54,
        4,
        132,
        129,
        241,
        65,
        120,
        118,
        80,
        4,
        7,
        213,
        156,
        4,
        87,
        6,
        101,
        255,
        151,
        152,
        196,
        196,
        196,
        106,
        160,
        180,
        91,
        193,
        109,
        193,
        27,
        144,
        9,
        170,
        252,
        7,
        177,
        35,
        248,
        190,
        27,
        24,
        251,
        220,
        8,
        14,
        7,
        37,
        65,
        29,
        176,
        53,
        200,
        98,
        43,
        224,
        176,
        19,
        120,
        65,
        107,
        80,
        218,
        141,
        224,
        179,
        32,
        157,
        227,
        137,
        96,
        64,
        16,
        53,
        175,
        5,
        53,
        56,
        222,
        135,
        202,
        241,
        221,
        141,
        224,
        63,
        96,
        42,
        248,
        193,
        243,
        189,
        32,
        212,
        207,
        253,
        165,
        64,
        3,
        229,
        197,
        98,
        109,
        64,
        37,
        7,
        239,
        182,
        199,
        33,
        142,
        167,
        239,
        192,
        146,
        162,
        36,
        157,
        196,
        239,
        74,
        142,
        37,
        52,
        54,
        40,
        191,
        149,
        164,
        215,
        119,
        129,
        251,
        64,
        188,
        146,
        13,
        198,
        40,
        247,
        200,
        245,
        79,
        20,
        146,
        4,
        102,
        131,
        90,
        202,
        239,
        37,
        192,
        110,
        69,
        199,
        124,
        120,
        247,
        179,
        63,
        65,
        94,
        141,
        137,
        35,
        4,
        220,
        2,
        145,
        160,
        16,
        140,
        230,
        120,
        6,
        171,
        72,
        160,
        38,
        207,
        184,
        0,
        54,
        129,
        230,
        96,
        59,
        175,
        167,
        201,
        164,
        3,
        193,
        133,
        69,
        21,
        44,
        22,
        1,
        50,
        232,
        17,
        43,
        19,
        207,
        222,
        228,
        23,
        121,
        5,
        190,
        49,
        113,
        42,
        130,
        250,
        160,
        29,
        232,
        96,
        145,
        76,
        133,
        76,
        180,
        159,
        18,
        62,
        16,
        155,
        169,
        227,
        61,
        249,
        180,
        146,
        165,
        31,
        252,
        220,
        87,
        6,
        124,
        230,
        12,
        102,
        216,
        75,
        73,
        16,
        78,
        195,
        217,
        26,
        255,
        180,
        212,
        243,
        129,
        96,
        50,
        143,
        94,
        34,
        118,
        29,
        100,
        233,
        120,
        78,
        60,
        124,
        139,
        53,
        55,
        142,
        2,
        204,
        54,
        157,
        37,
        39,
        132,
        231,
        226,
        193,
        165,
        64,
        62,
        205,
        111,
        151,
        85,
        161,
        5,
        88,
        15,
        134,
        42,
        215,
        46,
        131,
        17,
        240,
        114,
        190,
        69,
        98,
        74,
        232,
        44,
        6,
        41,
        18,
        236,
        77,
        148,
        224,
        55,
        207,
        255,
        139,
        192,
        30,
        69,
        236,
        126,
        198,
        221,
        129,
        34,
        136,
        21,
        123,
        10,
        134,
        129,
        40,
        240,
        145,
        215,
        250,
        128,
        107,
        16,
        87,
        213,
        36,
        182,
        41,
        14,
        87,
        193,
        4,
        209,
        232,
        227,
        224,
        23,
        51,
        245,
        32,
        24,
        107,
        100,
        44,
        189,
        224,
        225,
        239,
        147,
        89,
        230,
        190,
        20,
        99,
        253,
        77,
        98,
        126,
        220,
        227,
        121,
        43,
        112,
        145,
        19,
        137,
        136,
        109,
        132,
        195,
        37,
        37,
        20,
        143,
        27,
        73,
        55,
        18,
        28,
        163,
        104,
        17,
        183,
        141,
        130,
        37,
        198,
        10,
        192,
        40,
        112,
        70,
        67,
        64,
        109,
        118,
        107,
        13,
        149,
        178,
        120,
        138,
        101,
        205,
        182,
        189,
        132,
        176,
        80,
        182,
        163,
        157,
        121,
        57,
        5,
        204,
        101,
        152,
        132,
        243,
        218,
        81,
        137,
        0,
        181,
        74,
        140,
        167,
        135,
        125,
        166,
        44,
        22,
        177,
        39,
        29,
        132,
        74,
        82,
        110,
        102,
        30,
        152,
        43,
        137,
        252,
        195,
        147,
        232,
        16,
        219,
        126,
        152,
        94,
        189,
        70,
        47,
        27,
        127,
        87,
        134,
        227,
        211,
        32,
        26,
        247,
        254,
        84,
        197,
        29,
        2,
        83,
        56,
        195,
        25,
        182,
        78,
        67,
        172,
        148,
        170,
        243,
        32,
        222,
        66,
        172,
        76,
        26,
        221,
        236,
        196,
        154,
        132,
        231,
        51,
        174,
        191,
        40,
        78,
        248,
        71,
        172,
        213,
        76,
        151,
        171,
        92,
        187,
        3,
        86,
        104,
        132,
        129,
        196,
        121,
        119,
        155,
        223,
        54,
        242,
        57,
        90,
        6,
        81,
        57,
        56,
        204,
        81,
        46,
        229,
        168,
        98,
        173,
        4,
        175,
        81,
        198,
        113,
        26,
        149,
        32,
        140,
        158,
        181,
        179,
        92,
        23,
        137,
        120,
        144,
        161,
        225,
        97,
        111,
        18,
        97,
        215,
        75,
        68,
        42,
        158,
        74,
        6,
        183,
        53,
        30,
        62,
        128,
        19,
        143,
        157,
        69,
        153,
        206,
        203,
        115,
        198,
        243,
        231,
        101,
        201,
        155,
        101,
        202,
        165,
        120,
        59,
        193,
        49,
        202,
        56,
        89,
        211,
        27,
        245,
        28,
        126,
        143,
        97,
        151,
        215,
        133,
        241,
        121,
        133,
        99,
        167,
        208,
        144,
        190,
        226,
        33,
        79,
        199,
        34,
        33,
        235,
        89,
        9,
        78,
        85,
        198,
        61,
        53,
        5,
        255,
        210,
        184,
        103,
        26,
        251,
        234,
        36,
        126,
        197,
        2,
        205,
        103,
        191,
        85,
        186,
        194,
        242,
        86,
        130,
        47,
        177,
        193,
        17,
        27,
        7,
        234,
        106,
        60,
        244,
        161,
        139,
        24,
        125,
        172,
        177,
        2,
        145,
        169,
        187,
        31,
        79,
        51,
        224,
        241,
        71,
        118,
        73,
        183,
        69,
        249,
        175,
        86,
        107,
        188,
        60,
        141,
        235,
        48,
        93,
        203,
        101,
        163,
        227,
        100,
        27,
        149,
        198,
        104,
        147,
        191,
        6,
        254,
        152,
        226,
        181,
        137,
        202,
        127,
        105,
        103,
        178,
        26,
        89,
        24,
        128,
        224,
        121,
        166,
        58,
        111,
        229,
        221,
        104,
        28,
        6,
        243,
        244,
        174,
        121,
        30,
        240,
        89,
        44,
        139,
        102,
        154,
        74,
        76,
        117,
        7,
        17,
        50,
        85,
        174,
        210,
        16,
        187,
        128,
        113,
        236,
        79,
        108,
        125,
        38,
        169,
        49,
        203,
        206,
        65,
        56,
        252,
        113,
        90,
        34,
        165,
        43,
        161,
        81,
        147,
        21,
        195,
        105,
        111,
        98,
        57,
        24,
        196,
        37,
        145,
        217,
        110,
        114,
        251,
        106,
        139,
        198,
        202,
        249,
        172,
        178,
        6,
        220,
        10,
        177,
        233,
        86,
        13,
        188,
        149,
        201,
        66,
        176,
        35,
        235,
        114,
        39,
        54,
        62,
        82,
        83,
        243,
        253,
        188,
        51,
        133,
        212,
        101,
        203,
        42,
        158,
        121,
        6,
        242,
        52,
        146,
        44,
        140,
        98,
        91,
        240,
        210,
        85,
        246,
        191,
        1,
        45,
        145,
        194,
        152,
        84,
        173,
        148,
        236,
        30,
        174,
        185,
        186,
        8,
        196,
        90,
        242,
        43,
        26,
        29,
        222,
        19,
        208,
        3,
        222,
        253,
        20,
        232,
        170,
        89,
        150,
        76,
        253,
        193,
        35,
        165,
        87,
        189,
        199,
        21,
        136,
        183,
        24,
        132,
        150,
        96,
        11,
        153,
        161,
        136,
        149,
        119,
        245,
        182,
        19,
        171,
        179,
        204,
        127,
        205,
        176,
        56,
        199,
        243,
        80,
        174,
        64,
        50,
        152,
        201,
        110,
        132,
        251,
        216,
        127,
        63,
        224,
        142,
        146,
        218,
        149,
        117,
        131,
        216,
        247,
        69,
        221,
        189,
        204,
        103,
        66,
        45,
        224,
        222,
        131,
        177,
        239,
        38,
        47,
        120,
        206,
        10,
        209,
        209,
        79,
        62,
        24,
        117,
        189,
        11,
        59,
        59,
        169,
        197,
        39,
        24,
        10,
        30,
        62,
        83,
        60,
        61,
        12,
        98,
        29,
        87,
        51,
        222,
        0,
        55,
        180,
        27,
        240,
        165,
        163,
        44,
        188,
        91,
        192,
        21,
        70,
        30,
        87,
        216,
        133,
        220,
        68,
        12,
        231,
        58,
        176,
        148,
        197,
        18,
        95,
        86,
        220,
        75,
        32,
        244,
        133,
        174,
        0,
        175,
        203,
        29,
        248,
        102,
        220,
        197,
        137,
        113,
        218,
        138,
        178,
        48,
        137,
        207,
        195,
        96,
        135,
        84,
        145,
        64,
        119,
        224,
        67,
        92,
        38,
        140,
        120,
        114,
        22,
        63,
        101,
        87,
        208,
        139,
        155,
        37,
        141,
        185,
        21,
        85,
        142,
        247,
        125,
        229,
        182,
        64,
        22,
        103,
        173,
        52,
        246,
        186,
        174,
        87,
        220,
        127,
        5,
        24,
        0,
        60,
        67,
        65,
        209,
        51,
        151,
        231,
        248,
        0,
        0,
        0,
        0,
        73,
        69,
        78,
        68,
        174,
        66,
        96,
        130
      ]
    },
    "stat": {
      "dev": 16777220,
      "mode": 33188,
      "nlink": 1,
      "uid": 501,
      "gid": 20,
      "rdev": 0,
      "blksize": 4194304,
      "ino": 2088675,
      "size": 2108,
      "blocks": 8,
      "atime": "2018-04-17T07:59:11.790Z",
      "mtime": "2018-03-22T08:50:41.016Z",
      "ctime": "2018-03-22T08:50:41.016Z",
      "birthtime": "2018-03-22T08:50:41.016Z"
    },
    "history": [
      "/Users/jiangheng/Desktop/work-code/xxd-h5/src/mods/login/imgs/eye_icon@3x.png"
    ],
    "path": "/Users/jiangheng/Desktop/work-code/xxd-h5/src/mods/login/imgs/eye_icon@3x.png",
    "gulpCache$filePathChangedInsideTask": false,
    "gulpCache$fileBaseChangedInsideTask": false,
    "gulpCache$originalPath": "/Users/jiangheng/Desktop/work-code/xxd-h5/src/mods/login/imgs/eye_icon@3x.png",
    "gulpCache$originalBase": "/Users/jiangheng/Desktop/work-code/xxd-h5/src/mods/"
  },
  {
    "cwd": "/Users/jiangheng/Desktop/work-code/xxd-h5",
    "base": "/Users/jiangheng/Desktop/work-code/xxd-h5/src/mods/",
    "contents": {
      "type": "Buffer",
      "data": [
        137,
        80,
        78,
        71,
        13,
        10,
        26,
        10,
        0,
        0,
        0,
        13,
        73,
        72,
        68,
        82,
        0,
        0,
        0,
        44,
        0,
        0,
        0,
        36,
        8,
        6,
        0,
        0,
        0,
        242,
        215,
        216,
        108,
        0,
        0,
        4,
        170,
        73,
        68,
        65,
        84,
        120,
        218,
        188,
        152,
        119,
        104,
        20,
        81,
        16,
        198,
        239,
        206,
        88,
        16,
        99,
        141,
        53,
        54,
        236,
        21,
        19,
        43,
        246,
        138,
        136,
        61,
        26,
        75,
        52,
        22,
        68,
        197,
        104,
        20,
        44,
        136,
        138,
        216,
        187,
        40,
        136,
        5,
        11,
        34,
        152,
        40,
        86,
        72,
        44,
        145,
        216,
        34,
        98,
        176,
        197,
        94,
        136,
        196,
        36,
        250,
        71,
        236,
        133,
        40,
        104,
        44,
        24,
        191,
        129,
        111,
        225,
        185,
        236,
        222,
        190,
        219,
        228,
        28,
        248,
        177,
        111,
        247,
        54,
        187,
        95,
        102,
        103,
        230,
        205,
        123,
        222,
        132,
        132,
        4,
        79,
        49,
        91,
        95,
        112,
        4,
        164,
        130,
        88,
        167,
        155,
        99,
        99,
        99,
        3,
        122,
        184,
        207,
        83,
        252,
        54,
        4,
        132,
        129,
        241,
        65,
        120,
        118,
        80,
        4,
        7,
        213,
        156,
        4,
        87,
        6,
        101,
        255,
        151,
        152,
        196,
        196,
        196,
        106,
        160,
        180,
        91,
        193,
        109,
        193,
        27,
        144,
        9,
        170,
        252,
        7,
        177,
        35,
        248,
        190,
        27,
        24,
        251,
        220,
        8,
        14,
        7,
        37,
        65,
        29,
        176,
        53,
        200,
        98,
        43,
        224,
        176,
        19,
        120,
        65,
        107,
        80,
        218,
        141,
        224,
        179,
        32,
        157,
        227,
        137,
        96,
        64,
        16,
        53,
        175,
        5,
        53,
        56,
        222,
        135,
        202,
        241,
        221,
        141,
        224,
        63,
        96,
        42,
        248,
        193,
        243,
        189,
        32,
        212,
        207,
        253,
        165,
        64,
        3,
        229,
        197,
        98,
        109,
        64,
        37,
        7,
        239,
        182,
        199,
        33,
        142,
        167,
        239,
        192,
        146,
        162,
        36,
        157,
        196,
        239,
        74,
        142,
        37,
        52,
        54,
        40,
        191,
        149,
        164,
        215,
        119,
        129,
        251,
        64,
        188,
        146,
        13,
        198,
        40,
        247,
        200,
        245,
        79,
        20,
        146,
        4,
        102,
        131,
        90,
        202,
        239,
        37,
        192,
        110,
        69,
        199,
        124,
        120,
        247,
        179,
        63,
        65,
        94,
        141,
        137,
        35,
        4,
        220,
        2,
        145,
        160,
        16,
        140,
        230,
        120,
        6,
        171,
        72,
        160,
        38,
        207,
        184,
        0,
        54,
        129,
        230,
        96,
        59,
        175,
        167,
        201,
        164,
        3,
        193,
        133,
        69,
        21,
        44,
        22,
        1,
        50,
        232,
        17,
        43,
        19,
        207,
        222,
        228,
        23,
        121,
        5,
        190,
        49,
        113,
        42,
        130,
        250,
        160,
        29,
        232,
        96,
        145,
        76,
        133,
        76,
        180,
        159,
        18,
        62,
        16,
        155,
        169,
        227,
        61,
        249,
        180,
        146,
        165,
        31,
        252,
        220,
        87,
        6,
        124,
        230,
        12,
        102,
        216,
        75,
        73,
        16,
        78,
        195,
        217,
        26,
        255,
        180,
        212,
        243,
        129,
        96,
        50,
        143,
        94,
        34,
        118,
        29,
        100,
        233,
        120,
        78,
        60,
        124,
        139,
        53,
        55,
        142,
        2,
        204,
        54,
        157,
        37,
        39,
        132,
        231,
        226,
        193,
        165,
        64,
        62,
        205,
        111,
        151,
        85,
        161,
        5,
        88,
        15,
        134,
        42,
        215,
        46,
        131,
        17,
        240,
        114,
        190,
        69,
        98,
        74,
        232,
        44,
        6,
        41,
        18,
        236,
        77,
        148,
        224,
        55,
        207,
        255,
        139,
        192,
        30,
        69,
        236,
        126,
        198,
        221,
        129,
        34,
        136,
        21,
        123,
        10,
        134,
        129,
        40,
        240,
        145,
        215,
        250,
        128,
        107,
        16,
        87,
        213,
        36,
        182,
        41,
        14,
        87,
        193,
        4,
        209,
        232,
        227,
        224,
        23,
        51,
        245,
        32,
        24,
        107,
        100,
        44,
        189,
        224,
        225,
        239,
        147,
        89,
        230,
        190,
        20,
        99,
        253,
        77,
        98,
        126,
        220,
        227,
        121,
        43,
        112,
        145,
        19,
        137,
        136,
        109,
        132,
        195,
        37,
        37,
        20,
        143,
        27,
        73,
        55,
        18,
        28,
        163,
        104,
        17,
        183,
        141,
        130,
        37,
        198,
        10,
        192,
        40,
        112,
        70,
        67,
        64,
        109,
        118,
        107,
        13,
        149,
        178,
        120,
        138,
        101,
        205,
        182,
        189,
        132,
        176,
        80,
        182,
        163,
        157,
        121,
        57,
        5,
        204,
        101,
        152,
        132,
        243,
        218,
        81,
        137,
        0,
        181,
        74,
        140,
        167,
        135,
        125,
        166,
        44,
        22,
        177,
        39,
        29,
        132,
        74,
        82,
        110,
        102,
        30,
        152,
        43,
        137,
        252,
        195,
        147,
        232,
        16,
        219,
        126,
        152,
        94,
        189,
        70,
        47,
        27,
        127,
        87,
        134,
        227,
        211,
        32,
        26,
        247,
        254,
        84,
        197,
        29,
        2,
        83,
        56,
        195,
        25,
        182,
        78,
        67,
        172,
        148,
        170,
        243,
        32,
        222,
        66,
        172,
        76,
        26,
        221,
        236,
        196,
        154,
        132,
        231,
        51,
        174,
        191,
        40,
        78,
        248,
        71,
        172,
        213,
        76,
        151,
        171,
        92,
        187,
        3,
        86,
        104,
        132,
        129,
        196,
        121,
        119,
        155,
        223,
        54,
        242,
        57,
        90,
        6,
        81,
        57,
        56,
        204,
        81,
        46,
        229,
        168,
        98,
        173,
        4,
        175,
        81,
        198,
        113,
        26,
        149,
        32,
        140,
        158,
        181,
        179,
        92,
        23,
        137,
        120,
        144,
        161,
        225,
        97,
        111,
        18,
        97,
        215,
        75,
        68,
        42,
        158,
        74,
        6,
        183,
        53,
        30,
        62,
        128,
        19,
        143,
        157,
        69,
        153,
        206,
        203,
        115,
        198,
        243,
        231,
        101,
        201,
        155,
        101,
        202,
        165,
        120,
        59,
        193,
        49,
        202,
        56,
        89,
        211,
        27,
        245,
        28,
        126,
        143,
        97,
        151,
        215,
        133,
        241,
        121,
        133,
        99,
        167,
        208,
        144,
        190,
        226,
        33,
        79,
        199,
        34,
        33,
        235,
        89,
        9,
        78,
        85,
        198,
        61,
        53,
        5,
        255,
        210,
        184,
        103,
        26,
        251,
        234,
        36,
        126,
        197,
        2,
        205,
        103,
        191,
        85,
        186,
        194,
        242,
        86,
        130,
        47,
        177,
        193,
        17,
        27,
        7,
        234,
        106,
        60,
        244,
        161,
        139,
        24,
        125,
        172,
        177,
        2,
        145,
        169,
        187,
        31,
        79,
        51,
        224,
        241,
        71,
        118,
        73,
        183,
        69,
        249,
        175,
        86,
        107,
        188,
        60,
        141,
        235,
        48,
        93,
        203,
        101,
        163,
        227,
        100,
        27,
        149,
        198,
        104,
        147,
        191,
        6,
        254,
        152,
        226,
        181,
        137,
        202,
        127,
        105,
        103,
        178,
        26,
        89,
        24,
        128,
        224,
        121,
        166,
        58,
        111,
        229,
        221,
        104,
        28,
        6,
        243,
        244,
        174,
        121,
        30,
        240,
        89,
        44,
        139,
        102,
        154,
        74,
        76,
        117,
        7,
        17,
        50,
        85,
        174,
        210,
        16,
        187,
        128,
        113,
        236,
        79,
        108,
        125,
        38,
        169,
        49,
        203,
        206,
        65,
        56,
        252,
        113,
        90,
        34,
        165,
        43,
        161,
        81,
        147,
        21,
        195,
        105,
        111,
        98,
        57,
        24,
        196,
        37,
        145,
        217,
        110,
        114,
        251,
        106,
        139,
        198,
        202,
        249,
        172,
        178,
        6,
        220,
        10,
        177,
        233,
        86,
        13,
        188,
        149,
        201,
        66,
        176,
        35,
        235,
        114,
        39,
        54,
        62,
        82,
        83,
        243,
        253,
        188,
        51,
        133,
        212,
        101,
        203,
        42,
        158,
        121,
        6,
        242,
        52,
        146,
        44,
        140,
        98,
        91,
        240,
        210,
        85,
        246,
        191,
        1,
        45,
        145,
        194,
        152,
        84,
        173,
        148,
        236,
        30,
        174,
        185,
        186,
        8,
        196,
        90,
        242,
        43,
        26,
        29,
        222,
        19,
        208,
        3,
        222,
        253,
        20,
        232,
        170,
        89,
        150,
        76,
        253,
        193,
        35,
        165,
        87,
        189,
        199,
        21,
        136,
        183,
        24,
        132,
        150,
        96,
        11,
        153,
        161,
        136,
        149,
        119,
        245,
        182,
        19,
        171,
        179,
        204,
        127,
        205,
        176,
        56,
        199,
        243,
        80,
        174,
        64,
        50,
        152,
        201,
        110,
        132,
        251,
        216,
        127,
        63,
        224,
        142,
        146,
        218,
        149,
        117,
        131,
        216,
        247,
        69,
        221,
        189,
        204,
        103,
        66,
        45,
        224,
        222,
        131,
        177,
        239,
        38,
        47,
        120,
        206,
        10,
        209,
        209,
        79,
        62,
        24,
        117,
        189,
        11,
        59,
        59,
        169,
        197,
        39,
        24,
        10,
        30,
        62,
        83,
        60,
        61,
        12,
        98,
        29,
        87,
        51,
        222,
        0,
        55,
        180,
        27,
        240,
        165,
        163,
        44,
        188,
        91,
        192,
        21,
        70,
        30,
        87,
        216,
        133,
        220,
        68,
        12,
        231,
        58,
        176,
        148,
        197,
        18,
        95,
        86,
        220,
        75,
        32,
        244,
        133,
        174,
        0,
        175,
        203,
        29,
        248,
        102,
        220,
        197,
        137,
        113,
        218,
        138,
        178,
        48,
        137,
        207,
        195,
        96,
        135,
        84,
        145,
        64,
        119,
        224,
        67,
        92,
        38,
        140,
        120,
        114,
        22,
        63,
        101,
        87,
        208,
        139,
        155,
        37,
        141,
        185,
        21,
        85,
        142,
        247,
        125,
        229,
        182,
        64,
        22,
        103,
        173,
        52,
        246,
        186,
        174,
        87,
        220,
        127,
        5,
        24,
        0,
        60,
        67,
        65,
        209,
        51,
        151,
        231,
        248,
        0,
        0,
        0,
        0,
        73,
        69,
        78,
        68,
        174,
        66,
        96,
        130
      ]
    },
    "stat": {
      "dev": 16777220,
      "mode": 33188,
      "nlink": 1,
      "uid": 501,
      "gid": 20,
      "rdev": 0,
      "blksize": 4194304,
      "ino": 2088863,
      "size": 2108,
      "blocks": 8,
      "atime": "2018-04-17T07:59:11.800Z",
      "mtime": "2018-03-22T08:50:41.059Z",
      "ctime": "2018-03-22T08:50:41.059Z",
      "birthtime": "2018-03-22T08:50:41.059Z"
    },
    "history": [
      "/Users/jiangheng/Desktop/work-code/xxd-h5/src/mods/register/imgs/eye_icon@3x.png"
    ],
    "path": "/Users/jiangheng/Desktop/work-code/xxd-h5/src/mods/register/imgs/eye_icon@3x.png",
    "gulpCache$filePathChangedInsideTask": true,
    "gulpCache$fileBaseChangedInsideTask": false,
    "gulpCache$originalPath": "/Users/jiangheng/Desktop/work-code/xxd-h5/src/mods/login/imgs/eye_icon@3x.png",
    "gulpCache$originalBase": "/Users/jiangheng/Desktop/work-code/xxd-h5/src/mods/"
  }
]