[
  {
    "cwd": "/Users/jiangheng/Desktop/work-code/xxd-h5",
    "base": "/Users/jiangheng/Desktop/work-code/xxd-h5/src/mods/",
    "contents": {
      "type": "Buffer",
      "data": [
        137,
        80,
        78,
        71,
        13,
        10,
        26,
        10,
        0,
        0,
        0,
        13,
        73,
        72,
        68,
        82,
        0,
        0,
        0,
        66,
        0,
        0,
        0,
        60,
        8,
        6,
        0,
        0,
        0,
        210,
        124,
        108,
        89,
        0,
        0,
        2,
        220,
        73,
        68,
        65,
        84,
        120,
        218,
        236,
        155,
        207,
        107,
        19,
        65,
        20,
        199,
        95,
        182,
        54,
        144,
        160,
        169,
        144,
        246,
        15,
        240,
        230,
        161,
        185,
        169,
        245,
        32,
        66,
        197,
        34,
        6,
        20,
        244,
        80,
        197,
        130,
        55,
        69,
        5,
        37,
        160,
        162,
        32,
        69,
        177,
        133,
        74,
        69,
        236,
        65,
        5,
        79,
        130,
        84,
        65,
        90,
        69,
        180,
        41,
        197,
        130,
        94,
        68,
        144,
        122,
        240,
        32,
        138,
        40,
        69,
        68,
        188,
        168,
        32,
        120,
        16,
        83,
        164,
        190,
        215,
        125,
        11,
        171,
        36,
        118,
        179,
        59,
        187,
        179,
        51,
        121,
        95,
        248,
        210,
        116,
        119,
        126,
        188,
        247,
        97,
        103,
        50,
        157,
        217,
        102,
        214,
        157,
        255,
        10,
        154,
        180,
        6,
        125,
        5,
        221,
        199,
        191,
        207,
        162,
        143,
        162,
        231,
        147,
        12,
        98,
        110,
        176,
        184,
        244,
        211,
        209,
        4,
        161,
        132,
        126,
        142,
        46,
        163,
        219,
        217,
        101,
        190,
        86,
        210,
        17,
        144,
        163,
        9,
        194,
        99,
        116,
        87,
        157,
        123,
        157,
        124,
        175,
        100,
        59,
        136,
        30,
        244,
        19,
        78,
        184,
        145,
        232,
        222,
        83,
        46,
        107,
        37,
        8,
        74,
        236,
        17,
        186,
        24,
        160,
        108,
        129,
        203,
        246,
        216,
        6,
        98,
        51,
        39,
        86,
        104,
        162,
        78,
        129,
        39,
        208,
        45,
        182,
        128,
        160,
        68,
        102,
        154,
        132,
        224,
        105,
        21,
        122,
        42,
        9,
        24,
        113,
        131,
        232,
        227,
        68,
        114,
        17,
        218,
        200,
        113,
        27,
        101,
        83,
        65,
        236,
        68,
        87,
        35,
        66,
        240,
        195,
        184,
        207,
        109,
        26,
        5,
        130,
        2,
        158,
        228,
        245,
        129,
        42,
        181,
        115,
        155,
        187,
        77,
        1,
        49,
        128,
        190,
        167,
        24,
        130,
        31,
        198,
        4,
        247,
        161,
        84,
        43,
        98,
        128,
        112,
        51,
        230,
        33,
        231,
        112,
        31,
        164,
        91,
        105,
        124,
        34,
        14,
        38,
        0,
        193,
        31,
        247,
        56,
        250,
        112,
        218,
        64,
        80,
        64,
        215,
        53,
        172,
        84,
        175,
        169,
        130,
        161,
        34,
        240,
        10,
        7,
        164,
        75,
        212,
        247,
        73,
        221,
        32,
        78,
        163,
        47,
        131,
        126,
        141,
        114,
        44,
        90,
        64,
        156,
        65,
        143,
        64,
        122,
        68,
        177,
        156,
        75,
        26,
        196,
        5,
        244,
        48,
        164,
        79,
        103,
        57,
        182,
        68,
        64,
        80,
        71,
        167,
        32,
        189,
        162,
        216,
        46,
        162,
        51,
        113,
        173,
        35,
        168,
        225,
        171,
        42,
        191,
        178,
        98,
        212,
        9,
        244,
        74,
        244,
        17,
        244,
        162,
        74,
        16,
        25,
        158,
        157,
        15,
        129,
        57,
        242,
        98,
        13,
        4,
        35,
        200,
        208,
        104,
        67,
        223,
        48,
        12,
        130,
        31,
        198,
        56,
        231,
        16,
        233,
        137,
        104,
        227,
        213,
        226,
        62,
        48,
        87,
        94,
        236,
        251,
        209,
        191,
        195,
        60,
        17,
        89,
        244,
        109,
        195,
        33,
        248,
        97,
        76,
        112,
        78,
        77,
        129,
        200,
        242,
        159,
        188,
        253,
        96,
        143,
        118,
        113,
        78,
        217,
        160,
        32,
        114,
        92,
        97,
        7,
        216,
        39,
        202,
        137,
        54,
        120,
        242,
        203,
        129,
        160,
        2,
        85,
        75,
        33,
        120,
        218,
        14,
        238,
        214,
        95,
        190,
        17,
        136,
        60,
        23,
        232,
        5,
        251,
        213,
        203,
        185,
        22,
        254,
        5,
        209,
        1,
        238,
        9,
        83,
        43,
        64,
        240,
        195,
        152,
        93,
        63,
        244,
        173,
        195,
        3,
        65,
        31,
        18,
        61,
        76,
        73,
        145,
        54,
        80,
        238,
        4,
        131,
        64,
        92,
        226,
        11,
        173,
        42,
        202,
        125,
        140,
        64,
        236,
        5,
        81,
        191,
        3,
        234,
        55,
        112,
        77,
        148,
        227,
        240,
        236,
        217,
        234,
        122,
        72,
        32,
        142,
        161,
        223,
        181,
        48,
        132,
        183,
        232,
        10,
        13,
        139,
        207,
        232,
        110,
        94,
        68,
        173,
        133,
        250,
        7,
        51,
        27,
        209,
        219,
        12,
        77,
        148,
        78,
        212,
        159,
        213,
        185,
        190,
        128,
        126,
        67,
        35,
        98,
        110,
        176,
        88,
        243,
        230,
        135,
        26,
        250,
        238,
        127,
        26,
        171,
        24,
        12,
        98,
        154,
        190,
        21,
        26,
        221,
        212,
        253,
        14,
        85,
        250,
        102,
        75,
        65,
        32,
        32,
        254,
        82,
        82,
        107,
        136,
        3,
        232,
        247,
        33,
        235,
        110,
        66,
        15,
        217,
        2,
        226,
        5,
        250,
        101,
        200,
        186,
        171,
        101,
        104,
        200,
        28,
        33,
        32,
        4,
        132,
        128,
        16,
        16,
        2,
        66,
        64,
        8,
        8,
        1,
        33,
        32,
        4,
        132,
        128,
        16,
        16,
        2,
        162,
        25,
        45,
        68,
        168,
        187,
        152,
        38,
        16,
        159,
        34,
        66,
        248,
        24,
        161,
        126,
        212,
        163,
        134,
        15,
        42,
        65,
        60,
        64,
        191,
        14,
        25,
        8,
        189,
        141,
        247,
        35,
        66,
        34,
        212,
        111,
        53,
        100,
        221,
        87,
        224,
        238,
        98,
        43,
        3,
        65,
        219,
        253,
        91,
        193,
        125,
        147,
        230,
        87,
        192,
        58,
        95,
        192,
        221,
        98,
        59,
        174,
        224,
        201,
        221,
        195,
        64,
        191,
        7,
        44,
        255,
        19,
        125,
        7,
        220,
        255,
        41,
        171,
        5,
        169,
        240,
        71,
        128,
        1,
        0,
        91,
        25,
        117,
        158,
        36,
        196,
        190,
        21,
        0,
        0,
        0,
        0,
        73,
        69,
        78,
        68,
        174,
        66,
        96,
        130
      ]
    },
    "stat": {
      "dev": 16777220,
      "mode": 33188,
      "nlink": 1,
      "uid": 501,
      "gid": 20,
      "rdev": 0,
      "blksize": 4194304,
      "ino": 2088646,
      "size": 1646,
      "blocks": 8,
      "atime": "2018-04-17T07:59:11.789Z",
      "mtime": "2018-03-22T08:50:41.000Z",
      "ctime": "2018-03-22T08:50:41.000Z",
      "birthtime": "2018-03-22T08:50:41.000Z"
    },
    "history": [
      "/Users/jiangheng/Desktop/work-code/xxd-h5/src/mods/home/imgs/home_icon_act@3x.png"
    ],
    "path": "/Users/jiangheng/Desktop/work-code/xxd-h5/src/mods/home/imgs/home_icon_act@3x.png",
    "gulpCache$filePathChangedInsideTask": false,
    "gulpCache$fileBaseChangedInsideTask": false,
    "gulpCache$originalPath": "/Users/jiangheng/Desktop/work-code/xxd-h5/src/mods/home/imgs/home_icon_act@3x.png",
    "gulpCache$originalBase": "/Users/jiangheng/Desktop/work-code/xxd-h5/src/mods/"
  }
]