[
  {
    "cwd": "/Users/jiangheng/Desktop/work-code/xxd-h5",
    "base": "/Users/jiangheng/Desktop/work-code/xxd-h5/src/mods/",
    "contents": {
      "type": "Buffer",
      "data": [
        137,
        80,
        78,
        71,
        13,
        10,
        26,
        10,
        0,
        0,
        0,
        13,
        73,
        72,
        68,
        82,
        0,
        0,
        5,
        156,
        0,
        0,
        1,
        10,
        8,
        3,
        0,
        0,
        0,
        161,
        121,
        96,
        215,
        0,
        0,
        1,
        47,
        80,
        76,
        84,
        69,
        199,
        215,
        239,
        199,
        215,
        239,
        199,
        215,
        239,
        199,
        215,
        239,
        199,
        215,
        239,
        199,
        215,
        239,
        199,
        215,
        239,
        199,
        215,
        239,
        208,
        220,
        237,
        199,
        215,
        239,
        199,
        215,
        239,
        199,
        215,
        239,
        212,
        221,
        236,
        199,
        215,
        239,
        211,
        221,
        236,
        199,
        215,
        239,
        199,
        215,
        239,
        204,
        217,
        238,
        199,
        215,
        239,
        199,
        215,
        239,
        199,
        215,
        239,
        199,
        215,
        239,
        218,
        224,
        234,
        199,
        215,
        239,
        199,
        215,
        239,
        199,
        215,
        239,
        199,
        215,
        239,
        199,
        215,
        239,
        199,
        215,
        239,
        199,
        215,
        239,
        223,
        227,
        233,
        199,
        215,
        239,
        199,
        215,
        239,
        221,
        226,
        233,
        199,
        215,
        239,
        222,
        227,
        233,
        199,
        215,
        239,
        199,
        215,
        239,
        226,
        229,
        232,
        199,
        215,
        239,
        199,
        215,
        239,
        199,
        215,
        239,
        199,
        215,
        239,
        199,
        215,
        239,
        199,
        215,
        239,
        223,
        227,
        233,
        199,
        215,
        239,
        199,
        215,
        239,
        199,
        215,
        239,
        199,
        215,
        239,
        199,
        215,
        239,
        199,
        215,
        239,
        199,
        215,
        239,
        228,
        230,
        232,
        226,
        229,
        232,
        229,
        230,
        231,
        229,
        230,
        231,
        229,
        230,
        232,
        229,
        230,
        232,
        230,
        231,
        231,
        229,
        230,
        232,
        229,
        230,
        232,
        230,
        231,
        231,
        230,
        230,
        231,
        230,
        231,
        231,
        230,
        231,
        231,
        230,
        231,
        231,
        230,
        231,
        231,
        231,
        231,
        231,
        230,
        230,
        231,
        230,
        231,
        231,
        230,
        231,
        231,
        231,
        231,
        231,
        230,
        231,
        231,
        231,
        231,
        231,
        231,
        231,
        231,
        231,
        231,
        231,
        231,
        231,
        231,
        231,
        231,
        231,
        231,
        231,
        231,
        231,
        231,
        231,
        231,
        231,
        231,
        231,
        231,
        231,
        234,
        234,
        234,
        236,
        236,
        236,
        237,
        237,
        237,
        238,
        238,
        238,
        242,
        242,
        242,
        243,
        243,
        243,
        244,
        244,
        244,
        245,
        245,
        245,
        246,
        246,
        246,
        247,
        247,
        247,
        248,
        248,
        248,
        249,
        249,
        249,
        250,
        250,
        250,
        251,
        251,
        251,
        252,
        252,
        252,
        253,
        253,
        253,
        254,
        254,
        254,
        255,
        255,
        255,
        179,
        21,
        120,
        251,
        0,
        0,
        0,
        82,
        116,
        82,
        78,
        83,
        0,
        1,
        2,
        3,
        4,
        5,
        6,
        7,
        7,
        8,
        9,
        10,
        10,
        11,
        11,
        12,
        13,
        13,
        14,
        15,
        16,
        17,
        17,
        18,
        19,
        20,
        21,
        22,
        24,
        25,
        25,
        26,
        27,
        27,
        28,
        29,
        30,
        33,
        33,
        34,
        35,
        36,
        37,
        39,
        40,
        40,
        42,
        43,
        44,
        47,
        49,
        51,
        52,
        60,
        65,
        91,
        92,
        93,
        95,
        123,
        128,
        129,
        138,
        141,
        152,
        154,
        155,
        156,
        174,
        178,
        180,
        182,
        211,
        214,
        227,
        229,
        236,
        237,
        238,
        248,
        249,
        250,
        183,
        88,
        59,
        144,
        0,
        0,
        21,
        172,
        73,
        68,
        65,
        84,
        24,
        25,
        237,
        193,
        77,
        111,
        101,
        137,
        154,
        38,
        212,
        245,
        156,
        216,
        153,
        121,
        171,
        234,
        118,
        137,
        46,
        64,
        130,
        158,
        64,
        35,
        122,
        200,
        160,
        36,
        144,
        248,
        255,
        83,
        36,
        24,
        48,
        135,
        17,
        106,
        144,
        16,
        221,
        18,
        159,
        85,
        153,
        225,
        135,
        189,
        207,
        177,
        29,
        182,
        195,
        199,
        222,
        14,
        127,
        70,
        250,
        93,
        43,
        238,
        19,
        99,
        140,
        49,
        222,
        70,
        221,
        35,
        190,
        19,
        171,
        24,
        99,
        140,
        241,
        250,
        106,
        85,
        119,
        197,
        109,
        65,
        16,
        171,
        24,
        99,
        140,
        241,
        90,
        106,
        85,
        20,
        117,
        75,
        220,
        20,
        132,
        136,
        88,
        197,
        24,
        99,
        140,
        215,
        81,
        171,
        170,
        82,
        212,
        13,
        241,
        77,
        16,
        145,
        124,
        249,
        175,
        126,
        253,
        155,
        229,
        215,
        124,
        49,
        198,
        24,
        227,
        181,
        124,
        237,
        63,
        255,
        241,
        255,
        254,
        243,
        255,
        248,
        181,
        85,
        69,
        93,
        139,
        107,
        33,
        34,
        249,
        215,
        255,
        201,
        95,
        255,
        98,
        140,
        49,
        198,
        91,
        248,
        255,
        254,
        175,
        255,
        245,
        127,
        110,
        85,
        169,
        43,
        113,
        37,
        68,
        146,
        255,
        244,
        191,
        248,
        15,
        14,
        198,
        24,
        99,
        188,
        149,
        139,
        127,
        255,
        63,
        253,
        219,
        182,
        74,
        93,
        138,
        75,
        17,
        89,
        253,
        227,
        127,
        252,
        171,
        49,
        198,
        24,
        111,
        233,
        159,
        255,
        247,
        255,
        190,
        43,
        85,
        39,
        113,
        18,
        145,
        228,
        183,
        255,
        230,
        95,
        218,
        100,
        249,
        101,
        57,
        36,
        198,
        24,
        99,
        188,
        150,
        246,
        226,
        143,
        223,
        255,
        168,
        205,
        191,
        251,
        239,
        254,
        169,
        173,
        170,
        163,
        56,
        138,
        72,
        242,
        47,
        255,
        241,
        239,
        172,
        14,
        191,
        254,
        173,
        49,
        198,
        24,
        111,
        225,
        255,
        249,
        231,
        11,
        171,
        255,
        251,
        127,
        248,
        119,
        109,
        85,
        109,
        190,
        216,
        68,
        36,
        135,
        191,
        249,
        175,
        255,
        106,
        245,
        219,
        223,
        255,
        98,
        140,
        49,
        198,
        155,
        248,
        229,
        47,
        23,
        95,
        241,
        235,
        63,
        252,
        111,
        95,
        17,
        177,
        249,
        98,
        21,
        146,
        28,
        190,
        252,
        183,
        127,
        143,
        47,
        127,
        253,
        139,
        49,
        198,
        24,
        111,
        230,
        215,
        229,
        107,
        249,
        245,
        63,
        252,
        95,
        28,
        197,
        234,
        139,
        85,
        100,
        117,
        248,
        199,
        255,
        8,
        203,
        223,
        127,
        49,
        198,
        24,
        227,
        13,
        125,
        249,
        237,
        143,
        11,
        254,
        242,
        47,
        254,
        173,
        107,
        95,
        16,
        113,
        200,
        225,
        95,
        253,
        103,
        95,
        248,
        242,
        47,
        14,
        198,
        24,
        99,
        188,
        169,
        252,
        242,
        123,
        249,
        203,
        63,
        253,
        159,
        52,
        130,
        131,
        163,
        36,
        95,
        254,
        245,
        175,
        248,
        219,
        131,
        49,
        198,
        24,
        111,
        236,
        240,
        119,
        88,
        254,
        243,
        47,
        73,
        28,
        125,
        33,
        146,
        28,
        190,
        252,
        151,
        255,
        42,
        252,
        246,
        23,
        99,
        140,
        49,
        222,
        220,
        225,
        226,
        43,
        191,
        249,
        247,
        181,
        10,
        7,
        71,
        73,
        254,
        33,
        28,
        254,
        206,
        24,
        99,
        140,
        119,
        240,
        119,
        7,
        242,
        15,
        73,
        28,
        29,
        144,
        213,
        225,
        183,
        191,
        226,
        87,
        99,
        140,
        49,
        222,
        197,
        175,
        248,
        235,
        111,
        135,
        172,
        112,
        16,
        36,
        135,
        127,
        243,
        27,
        249,
        91,
        99,
        140,
        49,
        222,
        197,
        223,
        134,
        223,
        254,
        205,
        33,
        65,
        28,
        136,
        228,
        112,
        248,
        13,
        139,
        49,
        198,
        24,
        239,
        100,
        193,
        175,
        135,
        67,
        34,
        28,
        144,
        213,
        225,
        47,
        248,
        197,
        24,
        99,
        140,
        119,
        242,
        11,
        254,
        230,
        144,
        21,
        14,
        177,
        201,
        151,
        5,
        139,
        49,
        198,
        24,
        239,
        100,
        193,
        242,
        37,
        54,
        57,
        32,
        57,
        28,
        178,
        224,
        96,
        140,
        49,
        198,
        59,
        57,
        96,
        201,
        225,
        144,
        224,
        32,
        33,
        135,
        44,
        136,
        49,
        198,
        24,
        239,
        36,
        88,
        114,
        8,
        137,
        3,
        18,
        249,
        18,
        196,
        24,
        99,
        140,
        119,
        18,
        228,
        75,
        36,
        56,
        216,
        228,
        96,
        140,
        49,
        198,
        7,
        112,
        136,
        205,
        193,
        234,
        112,
        16,
        99,
        140,
        49,
        222,
        93,
        28,
        14,
        86,
        7,
        71,
        137,
        49,
        198,
        24,
        239,
        46,
        113,
        116,
        32,
        198,
        24,
        99,
        124,
        32,
        225,
        128,
        32,
        198,
        24,
        99,
        188,
        187,
        32,
        56,
        24,
        99,
        140,
        241,
        225,
        28,
        28,
        197,
        24,
        99,
        140,
        15,
        32,
        142,
        14,
        198,
        24,
        99,
        124,
        56,
        7,
        99,
        140,
        49,
        62,
        156,
        131,
        205,
        193,
        24,
        99,
        140,
        15,
        225,
        96,
        115,
        48,
        198,
        24,
        227,
        195,
        57,
        24,
        99,
        140,
        241,
        225,
        28,
        140,
        49,
        198,
        248,
        112,
        14,
        198,
        24,
        99,
        124,
        56,
        7,
        99,
        140,
        49,
        62,
        156,
        131,
        49,
        198,
        24,
        31,
        206,
        193,
        24,
        99,
        140,
        15,
        231,
        96,
        140,
        49,
        198,
        135,
        115,
        48,
        198,
        24,
        227,
        195,
        57,
        24,
        99,
        140,
        241,
        225,
        28,
        140,
        49,
        198,
        248,
        112,
        22,
        99,
        140,
        113,
        84,
        239,
        42,
        198,
        13,
        139,
        49,
        198,
        216,
        148,
        162,
        86,
        241,
        182,
        130,
        18,
        227,
        202,
        98,
        140,
        49,
        86,
        85,
        85,
        71,
        245,
        6,
        226,
        150,
        208,
        24,
        151,
        22,
        99,
        140,
        177,
        169,
        86,
        189,
        157,
        138,
        147,
        148,
        84,
        52,
        198,
        201,
        98,
        140,
        49,
        40,
        109,
        181,
        222,
        64,
        220,
        146,
        146,
        74,
        163,
        49,
        142,
        22,
        99,
        140,
        177,
        234,
        145,
        122,
        3,
        37,
        174,
        165,
        164,
        209,
        52,
        26,
        99,
        179,
        24,
        99,
        140,
        75,
        173,
        42,
        241,
        234,
        26,
        82,
        68,
        69,
        83,
        105,
        26,
        141,
        177,
        90,
        140,
        49,
        198,
        81,
        75,
        171,
        82,
        175,
        45,
        42,
        37,
        42,
        42,
        13,
        154,
        70,
        99,
        176,
        24,
        99,
        140,
        77,
        233,
        10,
        245,
        202,
        162,
        162,
        113,
        212,
        88,
        53,
        141,
        166,
        81,
        196,
        103,
        119,
        48,
        198,
        24,
        39,
        181,
        105,
        235,
        149,
        181,
        212,
        119,
        74,
        213,
        166,
        43,
        159,
        218,
        98,
        140,
        49,
        110,
        40,
        42,
        222,
        68,
        16,
        215,
        26,
        77,
        17,
        171,
        138,
        207,
        235,
        96,
        140,
        49,
        222,
        65,
        68,
        16,
        151,
        138,
        210,
        162,
        181,
        169,
        207,
        107,
        49,
        198,
        24,
        119,
        197,
        91,
        8,
        177,
        138,
        107,
        21,
        37,
        42,
        104,
        124,
        86,
        139,
        49,
        198,
        184,
        33,
        37,
        94,
        89,
        68,
        8,
        226,
        182,
        10,
        21,
        141,
        207,
        236,
        96,
        140,
        49,
        78,
        98,
        147,
        196,
        43,
        11,
        34,
        72,
        92,
        171,
        147,
        182,
        148,
        250,
        204,
        22,
        99,
        140,
        241,
        77,
        234,
        40,
        94,
        69,
        157,
        196,
        42,
        130,
        168,
        147,
        34,
        54,
        141,
        70,
        227,
        243,
        90,
        140,
        49,
        198,
        38,
        245,
        77,
        188,
        142,
        20,
        177,
        9,
        33,
        136,
        85,
        29,
        21,
        161,
        209,
        160,
        241,
        73,
        29,
        140,
        49,
        198,
        199,
        82,
        148,
        170,
        207,
        235,
        96,
        140,
        49,
        222,
        73,
        169,
        163,
        214,
        13,
        45,
        245,
        185,
        45,
        198,
        24,
        227,
        29,
        213,
        125,
        26,
        77,
        227,
        243,
        58,
        24,
        99,
        140,
        55,
        83,
        171,
        218,
        212,
        67,
        74,
        181,
        234,
        147,
        58,
        24,
        99,
        140,
        55,
        210,
        186,
        169,
        234,
        172,
        86,
        169,
        250,
        156,
        22,
        99,
        140,
        177,
        83,
        189,
        140,
        166,
        105,
        154,
        166,
        206,
        137,
        166,
        210,
        148,
        248,
        124,
        22,
        99,
        140,
        177,
        75,
        189,
        160,
        198,
        170,
        113,
        78,
        165,
        169,
        85,
        84,
        124,
        54,
        139,
        49,
        198,
        216,
        161,
        94,
        80,
        67,
        211,
        168,
        77,
        108,
        234,
        166,
        168,
        43,
        209,
        248,
        100,
        14,
        198,
        24,
        227,
        157,
        212,
        73,
        143,
        220,
        210,
        86,
        85,
        85,
        169,
        79,
        230,
        96,
        140,
        49,
        222,
        69,
        169,
        135,
        84,
        85,
        85,
        125,
        58,
        139,
        49,
        198,
        216,
        33,
        168,
        23,
        18,
        151,
        26,
        247,
        40,
        130,
        58,
        74,
        227,
        211,
        89,
        140,
        49,
        198,
        78,
        241,
        98,
        66,
        16,
        247,
        137,
        91,
        26,
        159,
        207,
        98,
        140,
        49,
        118,
        139,
        151,
        18,
        196,
        56,
        103,
        49,
        198,
        24,
        123,
        196,
        73,
        60,
        67,
        109,
        98,
        21,
        71,
        65,
        93,
        9,
        234,
        74,
        124,
        94,
        139,
        49,
        198,
        216,
        33,
        196,
        38,
        158,
        33,
        42,
        78,
        226,
        74,
        220,
        20,
        55,
        4,
        241,
        9,
        45,
        198,
        24,
        227,
        1,
        21,
        171,
        8,
        177,
        138,
        103,
        137,
        107,
        177,
        67,
        16,
        159,
        207,
        98,
        140,
        49,
        30,
        21,
        171,
        8,
        226,
        5,
        197,
        89,
        181,
        10,
        66,
        196,
        39,
        179,
        24,
        99,
        140,
        179,
        138,
        198,
        42,
        34,
        130,
        120,
        142,
        138,
        93,
        226,
        36,
        226,
        19,
        90,
        140,
        49,
        198,
        30,
        17,
        33,
        158,
        39,
        158,
        38,
        142,
        26,
        159,
        203,
        193,
        24,
        99,
        236,
        23,
        111,
        175,
        234,
        211,
        57,
        24,
        99,
        140,
        15,
        172,
        117,
        84,
        159,
        203,
        98,
        140,
        49,
        30,
        20,
        71,
        77,
        211,
        148,
        120,
        93,
        117,
        75,
        74,
        26,
        141,
        207,
        100,
        49,
        198,
        24,
        59,
        53,
        21,
        245,
        22,
        234,
        90,
        42,
        141,
        198,
        39,
        178,
        24,
        99,
        140,
        179,
        82,
        151,
        154,
        74,
        165,
        222,
        72,
        93,
        75,
        165,
        241,
        169,
        44,
        198,
        24,
        227,
        188,
        212,
        166,
        209,
        104,
        212,
        155,
        169,
        77,
        154,
        138,
        134,
        198,
        231,
        177,
        24,
        99,
        140,
        7,
        196,
        149,
        70,
        17,
        47,
        166,
        30,
        84,
        164,
        164,
        68,
        227,
        51,
        89,
        140,
        49,
        198,
        227,
        26,
        26,
        171,
        122,
        27,
        181,
        105,
        104,
        124,
        62,
        7,
        99,
        140,
        241,
        129,
        213,
        73,
        81,
        159,
        199,
        98,
        140,
        49,
        30,
        23,
        196,
        38,
        94,
        81,
        93,
        139,
        90,
        197,
        231,
        180,
        24,
        99,
        140,
        7,
        84,
        156,
        132,
        120,
        101,
        113,
        165,
        196,
        38,
        18,
        4,
        241,
        121,
        44,
        198,
        24,
        227,
        188,
        58,
        10,
        33,
        196,
        27,
        40,
        226,
        74,
        34,
        241,
        217,
        44,
        198,
        24,
        227,
        172,
        186,
        18,
        33,
        196,
        107,
        171,
        184,
        41,
        226,
        243,
        89,
        140,
        49,
        198,
        78,
        17,
        196,
        235,
        41,
        226,
        142,
        136,
        136,
        79,
        101,
        49,
        198,
        24,
        15,
        106,
        108,
        34,
        66,
        188,
        166,
        248,
        166,
        54,
        65,
        196,
        103,
        179,
        24,
        99,
        140,
        253,
        226,
        40,
        168,
        215,
        21,
        151,
        226,
        19,
        90,
        140,
        49,
        198,
        147,
        213,
        219,
        137,
        207,
        232,
        96,
        140,
        49,
        246,
        168,
        162,
        245,
        214,
        234,
        51,
        90,
        140,
        49,
        198,
        131,
        226,
        90,
        69,
        61,
        81,
        60,
        83,
        227,
        243,
        89,
        140,
        49,
        198,
        14,
        77,
        83,
        169,
        85,
        60,
        69,
        61,
        75,
        172,
        26,
        159,
        204,
        98,
        140,
        49,
        206,
        138,
        147,
        70,
        83,
        41,
        162,
        126,
        68,
        236,
        83,
        196,
        181,
        74,
        131,
        70,
        227,
        211,
        88,
        140,
        49,
        198,
        46,
        141,
        10,
        245,
        52,
        113,
        82,
        251,
        213,
        149,
        208,
        52,
        141,
        207,
        101,
        49,
        198,
        24,
        143,
        107,
        104,
        40,
        241,
        52,
        245,
        116,
        177,
        169,
        168,
        56,
        10,
        241,
        121,
        44,
        198,
        24,
        227,
        73,
        42,
        94,
        91,
        157,
        84,
        124,
        78,
        139,
        49,
        198,
        120,
        146,
        120,
        91,
        13,
        226,
        79,
        173,
        238,
        90,
        140,
        49,
        198,
        227,
        130,
        88,
        197,
        120,
        97,
        117,
        143,
        197,
        24,
        99,
        60,
        160,
        113,
        41,
        136,
        147,
        168,
        183,
        18,
        66,
        136,
        63,
        165,
        58,
        170,
        91,
        22,
        99,
        140,
        113,
        94,
        93,
        9,
        65,
        156,
        196,
        55,
        117,
        94,
        236,
        83,
        247,
        138,
        163,
        32,
        254,
        148,
        106,
        85,
        119,
        45,
        198,
        24,
        227,
        33,
        13,
        98,
        21,
        98,
        19,
        39,
        117,
        18,
        207,
        23,
        223,
        171,
        16,
        9,
        17,
        127,
        74,
        181,
        170,
        85,
        221,
        180,
        24,
        99,
        140,
        179,
        234,
        74,
        132,
        16,
        223,
        196,
        73,
        61,
        36,
        30,
        87,
        247,
        137,
        75,
        241,
        167,
        86,
        212,
        109,
        139,
        49,
        198,
        216,
        41,
        196,
        81,
        80,
        87,
        226,
        185,
        226,
        166,
        250,
        38,
        130,
        136,
        63,
        173,
        162,
        238,
        88,
        140,
        49,
        198,
        110,
        65,
        156,
        196,
        166,
        94,
        94,
        220,
        16,
        241,
        167,
        87,
        212,
        77,
        139,
        49,
        198,
        120,
        138,
        184,
        37,
        94,
        74,
        157,
        19,
        159,
        207,
        98,
        140,
        49,
        62,
        132,
        184,
        173,
        54,
        17,
        171,
        248,
        179,
        171,
        91,
        22,
        99,
        140,
        241,
        20,
        141,
        183,
        17,
        215,
        226,
        207,
        173,
        212,
        109,
        7,
        99,
        140,
        177,
        91,
        209,
        122,
        75,
        17,
        159,
        208,
        98,
        140,
        49,
        118,
        106,
        52,
        40,
        130,
        122,
        166,
        120,
        84,
        196,
        103,
        180,
        24,
        99,
        140,
        29,
        154,
        70,
        163,
        98,
        83,
        47,
        160,
        30,
        18,
        196,
        42,
        62,
        159,
        197,
        24,
        99,
        156,
        21,
        39,
        13,
        26,
        21,
        117,
        18,
        21,
        77,
        253,
        168,
        184,
        95,
        9,
        26,
        33,
        226,
        19,
        90,
        140,
        49,
        198,
        30,
        141,
        134,
        18,
        71,
        69,
        169,
        31,
        86,
        103,
        149,
        216,
        68,
        16,
        159,
        205,
        98,
        140,
        49,
        118,
        105,
        148,
        80,
        111,
        33,
        77,
        131,
        248,
        148,
        22,
        99,
        140,
        241,
        184,
        134,
        6,
        37,
        238,
        81,
        79,
        23,
        119,
        212,
        181,
        52,
        13,
        177,
        137,
        79,
        103,
        49,
        198,
        24,
        79,
        83,
        47,
        164,
        238,
        83,
        68,
        211,
        88,
        69,
        124,
        70,
        139,
        49,
        198,
        216,
        169,
        241,
        186,
        234,
        82,
        165,
        241,
        153,
        29,
        140,
        49,
        198,
        78,
        241,
        186,
        106,
        92,
        89,
        140,
        49,
        198,
        227,
        130,
        88,
        197,
        125,
        234,
        37,
        68,
        157,
        132,
        56,
        137,
        79,
        105,
        49,
        198,
        24,
        15,
        168,
        56,
        9,
        113,
        70,
        60,
        79,
        157,
        196,
        165,
        144,
        35,
        159,
        212,
        98,
        140,
        49,
        206,
        171,
        163,
        16,
        33,
        158,
        171,
        238,
        19,
        119,
        69,
        226,
        19,
        91,
        140,
        49,
        198,
        89,
        117,
        37,
        66,
        136,
        231,
        168,
        216,
        37,
        68,
        18,
        241,
        57,
        45,
        198,
        24,
        99,
        167,
        8,
        226,
        62,
        181,
        71,
        156,
        87,
        226,
        82,
        16,
        241,
        121,
        45,
        198,
        24,
        227,
        65,
        141,
        77,
        68,
        136,
        251,
        197,
        211,
        212,
        93,
        65,
        108,
        98,
        19,
        34,
        62,
        169,
        197,
        24,
        99,
        236,
        20,
        226,
        133,
        196,
        189,
        98,
        21,
        155,
        32,
        62,
        171,
        197,
        24,
        99,
        236,
        212,
        120,
        85,
        33,
        136,
        75,
        241,
        121,
        45,
        198,
        24,
        99,
        191,
        198,
        107,
        9,
        34,
        86,
        241,
        233,
        45,
        198,
        24,
        227,
        65,
        113,
        212,
        52,
        149,
        250,
        81,
        241,
        77,
        221,
        22,
        71,
        17,
        98,
        176,
        24,
        99,
        140,
        71,
        53,
        77,
        83,
        63,
        46,
        234,
        174,
        34,
        54,
        21,
        141,
        77,
        140,
        213,
        98,
        140,
        49,
        206,
        138,
        107,
        77,
        73,
        253,
        160,
        198,
        81,
        212,
        77,
        181,
        137,
        198,
        184,
        97,
        49,
        198,
        24,
        143,
        107,
        148,
        212,
        143,
        74,
        173,
        162,
        78,
        234,
        155,
        168,
        52,
        77,
        99,
        156,
        44,
        198,
        24,
        99,
        135,
        10,
        245,
        44,
        81,
        247,
        169,
        160,
        177,
        105,
        12,
        22,
        99,
        140,
        177,
        75,
        61,
        67,
        74,
        74,
        92,
        170,
        107,
        161,
        105,
        104,
        52,
        198,
        230,
        96,
        140,
        49,
        94,
        81,
        87,
        104,
        41,
        90,
        61,
        242,
        77,
        81,
        85,
        170,
        106,
        176,
        24,
        99,
        140,
        93,
        234,
        71,
        149,
        104,
        28,
        213,
        121,
        77,
        67,
        197,
        139,
        169,
        187,
        226,
        245,
        212,
        247,
        226,
        71,
        44,
        198,
        24,
        99,
        135,
        122,
        33,
        113,
        169,
        169,
        85,
        108,
        226,
        74,
        67,
        227,
        121,
        234,
        188,
        218,
        196,
        139,
        171,
        123,
        149,
        120,
        178,
        197,
        24,
        99,
        188,
        157,
        184,
        22,
        113,
        91,
        211,
        52,
        13,
        141,
        103,
        168,
        199,
        85,
        188,
        168,
        186,
        86,
        39,
        113,
        169,
        226,
        137,
        22,
        99,
        140,
        177,
        67,
        234,
        121,
        34,
        196,
        61,
        98,
        19,
        39,
        77,
        67,
        227,
        71,
        213,
        77,
        117,
        87,
        156,
        148,
        120,
        49,
        117,
        84,
        55,
        212,
        38,
        86,
        21,
        79,
        178,
        24,
        99,
        140,
        87,
        23,
        71,
        33,
        238,
        23,
        71,
        141,
        166,
        241,
        163,
        234,
        90,
        221,
        175,
        86,
        177,
        41,
        241,
        18,
        106,
        83,
        247,
        169,
        88,
        53,
        158,
        98,
        49,
        198,
        24,
        123,
        196,
        170,
        126,
        84,
        68,
        196,
        149,
        248,
        94,
        208,
        160,
        241,
        67,
        234,
        164,
        30,
        83,
        98,
        83,
        226,
        156,
        58,
        39,
        110,
        170,
        85,
        29,
        213,
        45,
        65,
        5,
        141,
        39,
        88,
        140,
        49,
        198,
        110,
        241,
        68,
        181,
        137,
        107,
        113,
        86,
        60,
        71,
        93,
        169,
        107,
        245,
        189,
        56,
        41,
        177,
        169,
        184,
        79,
        157,
        215,
        184,
        86,
        171,
        218,
        212,
        93,
        37,
        84,
        40,
        177,
        215,
        98,
        140,
        49,
        94,
        79,
        138,
        56,
        138,
        136,
        75,
        113,
        86,
        227,
        137,
        234,
        82,
        93,
        169,
        115,
        106,
        21,
        155,
        34,
        40,
        113,
        87,
        157,
        212,
        29,
        177,
        170,
        56,
        170,
        85,
        173,
        234,
        126,
        21,
        42,
        104,
        236,
        180,
        24,
        99,
        140,
        183,
        16,
        34,
        136,
        135,
        196,
        211,
        213,
        166,
        46,
        213,
        227,
        106,
        19,
        148,
        160,
        226,
        150,
        90,
        213,
        61,
        74,
        208,
        160,
        86,
        181,
        170,
        75,
        245,
        77,
        28,
        85,
        168,
        80,
        177,
        203,
        98,
        140,
        49,
        94,
        79,
        173,
        26,
        113,
        37,
        118,
        105,
        236,
        84,
        171,
        218,
        212,
        29,
        245,
        189,
        184,
        86,
        132,
        10,
        26,
        55,
        20,
        181,
        169,
        59,
        66,
        131,
        58,
        42,
        234,
        164,
        110,
        171,
        85,
        80,
        162,
        66,
        99,
        143,
        197,
        24,
        99,
        188,
        161,
        56,
        39,
        234,
        71,
        21,
        117,
        83,
        157,
        83,
        155,
        184,
        84,
        162,
        66,
        227,
        150,
        162,
        190,
        87,
        210,
        184,
        84,
        234,
        168,
        238,
        87,
        177,
        170,
        104,
        104,
        236,
        176,
        24,
        99,
        140,
        55,
        212,
        56,
        163,
        54,
        13,
        77,
        163,
        98,
        143,
        82,
        212,
        166,
        246,
        170,
        75,
        161,
        162,
        161,
        113,
        91,
        29,
        85,
        212,
        181,
        208,
        52,
        54,
        69,
        81,
        15,
        41,
        66,
        163,
        161,
        241,
        184,
        131,
        49,
        198,
        120,
        53,
        117,
        169,
        74,
        173,
        234,
        97,
        69,
        181,
        180,
        245,
        168,
        82,
        20,
        109,
        61,
        93,
        139,
        82,
        119,
        212,
        166,
        43,
        90,
        223,
        180,
        86,
        45,
        45,
        45,
        234,
        81,
        69,
        169,
        125,
        22,
        99,
        140,
        177,
        83,
        253,
        160,
        198,
        170,
        81,
        81,
        119,
        197,
        77,
        37,
        117,
        148,
        218,
        196,
        89,
        165,
        20,
        245,
        163,
        26,
        26,
        141,
        198,
        77,
        165,
        238,
        211,
        52,
        212,
        170,
        168,
        61,
        42,
        26,
        141,
        198,
        163,
        22,
        99,
        140,
        177,
        67,
        61,
        79,
        131,
        74,
        197,
        93,
        117,
        91,
        74,
        138,
        6,
        81,
        113,
        191,
        82,
        138,
        250,
        113,
        21,
        141,
        70,
        227,
        150,
        186,
        173,
        136,
        77,
        99,
        83,
        212,
        78,
        141,
        70,
        99,
        135,
        197,
        24,
        99,
        188,
        186,
        134,
        166,
        209,
        168,
        71,
        164,
        104,
        172,
        26,
        171,
        104,
        220,
        163,
        40,
        69,
        29,
        213,
        38,
        246,
        41,
        98,
        211,
        104,
        52,
        26,
        223,
        171,
        168,
        43,
        13,
        141,
        186,
        84,
        187,
        53,
        26,
        52,
        30,
        179,
        24,
        99,
        140,
        183,
        208,
        52,
        149,
        58,
        39,
        234,
        156,
        52,
        190,
        83,
        148,
        162,
        54,
        117,
        191,
        34,
        238,
        87,
        177,
        106,
        52,
        86,
        141,
        187,
        74,
        227,
        182,
        198,
        165,
        218,
        161,
        210,
        160,
        209,
        52,
        30,
        183,
        24,
        99,
        140,
        55,
        210,
        40,
        113,
        191,
        186,
        84,
        155,
        198,
        165,
        52,
        238,
        81,
        148,
        82,
        55,
        197,
        15,
        106,
        26,
        123,
        53,
        54,
        181,
        83,
        29,
        53,
        54,
        141,
        71,
        44,
        198,
        24,
        99,
        135,
        168,
        31,
        23,
        71,
        13,
        106,
        143,
        168,
        163,
        84,
        52,
        238,
        42,
        74,
        169,
        71,
        196,
        227,
        26,
        171,
        70,
        227,
        142,
        84,
        124,
        167,
        126,
        88,
        163,
        241,
        176,
        197,
        24,
        99,
        236,
        18,
        207,
        18,
        79,
        82,
        171,
        104,
        26,
        26,
        247,
        41,
        165,
        174,
        196,
        211,
        196,
        13,
        141,
        70,
        163,
        113,
        45,
        181,
        10,
        226,
        57,
        226,
        155,
        198,
        14,
        139,
        49,
        198,
        216,
        47,
        158,
        33,
        158,
        168,
        113,
        78,
        109,
        74,
        189,
        144,
        70,
        227,
        181,
        53,
        154,
        70,
        227,
        65,
        139,
        49,
        198,
        216,
        33,
        78,
        226,
        121,
        226,
        113,
        117,
        41,
        78,
        226,
        62,
        85,
        234,
        101,
        53,
        26,
        175,
        173,
        241,
        136,
        197,
        24,
        99,
        60,
        46,
        8,
        226,
        13,
        196,
        181,
        136,
        85,
        156,
        81,
        47,
        167,
        209,
        120,
        109,
        141,
        6,
        141,
        135,
        44,
        198,
        24,
        227,
        172,
        166,
        130,
        16,
        66,
        188,
        177,
        72,
        220,
        171,
        170,
        94,
        79,
        106,
        151,
        34,
        234,
        74,
        60,
        172,
        65,
        163,
        241,
        128,
        197,
        24,
        99,
        156,
        87,
        151,
        34,
        66,
        188,
        177,
        32,
        190,
        83,
        187,
        197,
        73,
        61,
        166,
        209,
        52,
        94,
        93,
        227,
        49,
        139,
        49,
        198,
        56,
        167,
        86,
        13,
        34,
        34,
        226,
        205,
        197,
        166,
        113,
        87,
        29,
        85,
        156,
        21,
        215,
        66,
        237,
        210,
        120,
        130,
        216,
        196,
        110,
        141,
        166,
        209,
        56,
        111,
        49,
        198,
        24,
        187,
        68,
        4,
        241,
        99,
        42,
        246,
        170,
        43,
        177,
        105,
        84,
        92,
        43,
        69,
        81,
        231,
        197,
        109,
        169,
        7,
        53,
        62,
        138,
        197,
        24,
        99,
        60,
        38,
        54,
        17,
        226,
        71,
        197,
        126,
        113,
        71,
        69,
        197,
        119,
        138,
        198,
        125,
        226,
        36,
        142,
        138,
        168,
        247,
        215,
        120,
        212,
        193,
        24,
        99,
        236,
        83,
        165,
        222,
        94,
        91,
        138,
        186,
        161,
        174,
        213,
        247,
        18,
        155,
        36,
        78,
        18,
        171,
        196,
        131,
        170,
        222,
        64,
        213,
        131,
        22,
        99,
        140,
        113,
        78,
        138,
        208,
        56,
        105,
        212,
        61,
        226,
        188,
        218,
        47,
        78,
        234,
        182,
        212,
        42,
        26,
        151,
        138,
        82,
        71,
        181,
        137,
        138,
        147,
        88,
        197,
        45,
        81,
        164,
        206,
        106,
        108,
        26,
        79,
        18,
        183,
        213,
        195,
        26,
        143,
        89,
        140,
        49,
        198,
        227,
        26,
        77,
        165,
        196,
        149,
        138,
        147,
        122,
        92,
        93,
        137,
        115,
        234,
        126,
        37,
        77,
        99,
        175,
        32,
        142,
        226,
        82,
        137,
        18,
        245,
        130,
        226,
        59,
        81,
        59,
        52,
        206,
        90,
        140,
        49,
        198,
        30,
        77,
        165,
        164,
        190,
        169,
        31,
        81,
        63,
        34,
        77,
        211,
        88,
        213,
        35,
        66,
        16,
        55,
        133,
        138,
        146,
        218,
        35,
        245,
        168,
        216,
        196,
        13,
        69,
        106,
        159,
        212,
        189,
        22,
        99,
        140,
        113,
        86,
        234,
        82,
        83,
        169,
        119,
        147,
        74,
        227,
        17,
        113,
        20,
        66,
        124,
        39,
        42,
        245,
        114,
        98,
        21,
        155,
        216,
        148,
        40,
        169,
        7,
        52,
        141,
        7,
        45,
        198,
        24,
        227,
        188,
        56,
        106,
        52,
        74,
        212,
        251,
        72,
        197,
        119,
        82,
        171,
        184,
        37,
        132,
        216,
        196,
        181,
        90,
        165,
        82,
        169,
        23,
        17,
        4,
        113,
        37,
        84,
        84,
        212,
        51,
        44,
        198,
        24,
        227,
        113,
        141,
        10,
        245,
        66,
        98,
        167,
        90,
        69,
        5,
        77,
        227,
        150,
        248,
        78,
        108,
        66,
        220,
        18,
        74,
        234,
        69,
        5,
        177,
        138,
        77,
        137,
        74,
        61,
        207,
        98,
        140,
        49,
        118,
        170,
        120,
        41,
        245,
        20,
        141,
        77,
        227,
        166,
        212,
        61,
        130,
        8,
        241,
        157,
        212,
        42,
        245,
        50,
        66,
        136,
        85,
        156,
        68,
        73,
        165,
        82,
        63,
        238,
        96,
        140,
        49,
        246,
        138,
        247,
        212,
        186,
        41,
        36,
        110,
        203,
        10,
        17,
        226,
        30,
        33,
        94,
        74,
        8,
        65,
        226,
        90,
        66,
        8,
        241,
        227,
        22,
        99,
        140,
        177,
        83,
        188,
        148,
        216,
        173,
        86,
        113,
        173,
        177,
        73,
        165,
        196,
        247,
        66,
        136,
        215,
        22,
        66,
        16,
        119,
        165,
        86,
        169,
        187,
        138,
        120,
        220,
        98,
        140,
        49,
        30,
        23,
        98,
        21,
        111,
        45,
        142,
        66,
        208,
        104,
        108,
        82,
        81,
        119,
        196,
        38,
        196,
        107,
        139,
        77,
        16,
        183,
        165,
        164,
        169,
        103,
        88,
        140,
        49,
        198,
        121,
        37,
        142,
        66,
        172,
        226,
        125,
        196,
        149,
        58,
        138,
        138,
        123,
        196,
        121,
        165,
        94,
        68,
        16,
        155,
        184,
        43,
        42,
        77,
        165,
        126,
        208,
        98,
        140,
        49,
        206,
        170,
        147,
        88,
        133,
        120,
        57,
        177,
        71,
        29,
        133,
        136,
        219,
        162,
        238,
        138,
        163,
        120,
        64,
        189,
        140,
        16,
        226,
        30,
        169,
        231,
        89,
        140,
        49,
        198,
        14,
        17,
        33,
        222,
        88,
        92,
        138,
        123,
        196,
        211,
        148,
        122,
        17,
        33,
        132,
        184,
        87,
        154,
        166,
        126,
        216,
        98,
        140,
        49,
        118,
        11,
        226,
        157,
        196,
        170,
        177,
        138,
        77,
        61,
        77,
        81,
        74,
        61,
        83,
        188,
        178,
        197,
        24,
        99,
        236,
        19,
        33,
        222,
        75,
        92,
        139,
        163,
        184,
        173,
        190,
        87,
        183,
        148,
        122,
        25,
        33,
        196,
        25,
        169,
        231,
        88,
        140,
        49,
        198,
        30,
        241,
        46,
        162,
        136,
        61,
        130,
        166,
        86,
        117,
        143,
        90,
        21,
        245,
        34,
        226,
        65,
        169,
        31,
        183,
        24,
        99,
        140,
        15,
        42,
        54,
        241,
        60,
        117,
        67,
        189,
        136,
        16,
        155,
        120,
        9,
        169,
        212,
        45,
        139,
        49,
        198,
        216,
        163,
        105,
        26,
        111,
        169,
        241,
        116,
        117,
        165,
        110,
        169,
        43,
        245,
        241,
        45,
        198,
        24,
        227,
        9,
        74,
        188,
        149,
        18,
        69,
        236,
        84,
        151,
        234,
        74,
        221,
        86,
        47,
        36,
        196,
        107,
        89,
        140,
        49,
        198,
        78,
        77,
        131,
        18,
        245,
        20,
        241,
        163,
        106,
        83,
        196,
        163,
        234,
        164,
        142,
        234,
        166,
        250,
        153,
        44,
        198,
        24,
        99,
        135,
        166,
        209,
        148,
        160,
        158,
        166,
        126,
        68,
        220,
        84,
        209,
        104,
        220,
        171,
        46,
        213,
        81,
        93,
        171,
        15,
        45,
        245,
        189,
        197,
        24,
        99,
        60,
        170,
        65,
        163,
        161,
        136,
        218,
        47,
        126,
        76,
        221,
        16,
        26,
        141,
        251,
        212,
        165,
        58,
        169,
        75,
        245,
        115,
        90,
        140,
        49,
        198,
        89,
        113,
        173,
        209,
        40,
        65,
        61,
        69,
        253,
        152,
        184,
        161,
        164,
        65,
        227,
        166,
        186,
        82,
        39,
        117,
        169,
        94,
        79,
        196,
        107,
        90,
        140,
        49,
        198,
        46,
        141,
        6,
        245,
        35,
        226,
        233,
        234,
        166,
        104,
        154,
        198,
        77,
        117,
        82,
        151,
        234,
        74,
        221,
        86,
        87,
        226,
        205,
        164,
        126,
        204,
        98,
        140,
        49,
        30,
        215,
        216,
        84,
        252,
        152,
        122,
        150,
        208,
        104,
        26,
        171,
        198,
        73,
        173,
        234,
        168,
        110,
        168,
        59,
        234,
        29,
        164,
        206,
        107,
        60,
        96,
        49,
        198,
        24,
        251,
        52,
        104,
        188,
        135,
        146,
        198,
        170,
        113,
        173,
        168,
        85,
        221,
        84,
        63,
        191,
        197,
        24,
        99,
        60,
        69,
        227,
        189,
        52,
        54,
        141,
        147,
        82,
        212,
        165,
        58,
        47,
        138,
        248,
        89,
        44,
        198,
        24,
        227,
        113,
        65,
        172,
        226,
        253,
        196,
        45,
        165,
        212,
        166,
        30,
        21,
        63,
        147,
        197,
        24,
        99,
        60,
        160,
        226,
        36,
        136,
        119,
        19,
        119,
        148,
        82,
        212,
        159,
        207,
        98,
        140,
        49,
        118,
        10,
        226,
        189,
        132,
        136,
        8,
        141,
        82,
        74,
        253,
        25,
        45,
        198,
        24,
        227,
        188,
        210,
        16,
        34,
        4,
        241,
        78,
        66,
        92,
        170,
        163,
        82,
        151,
        42,
        190,
        87,
        39,
        177,
        83,
        227,
        35,
        88,
        140,
        49,
        198,
        14,
        17,
        33,
        94,
        92,
        60,
        162,
        196,
        81,
        136,
        184,
        84,
        165,
        78,
        234,
        69,
        52,
        62,
        134,
        197,
        24,
        99,
        156,
        85,
        55,
        68,
        136,
        55,
        23,
        155,
        88,
        197,
        181,
        82,
        106,
        135,
        184,
        22,
        155,
        250,
        240,
        22,
        99,
        140,
        177,
        71,
        108,
        130,
        120,
        31,
        177,
        138,
        147,
        82,
        234,
        49,
        113,
        83,
        28,
        165,
        62,
        186,
        197,
        24,
        99,
        236,
        20,
        65,
        188,
        139,
        216,
        196,
        73,
        41,
        117,
        45,
        30,
        23,
        87,
        82,
        207,
        214,
        120,
        69,
        139,
        49,
        198,
        216,
        173,
        241,
        174,
        226,
        164,
        212,
        19,
        197,
        38,
        212,
        79,
        96,
        49,
        198,
        24,
        15,
        138,
        163,
        70,
        163,
        81,
        4,
        245,
        124,
        177,
        91,
        133,
        198,
        166,
        142,
        106,
        191,
        216,
        196,
        42,
        234,
        195,
        91,
        140,
        49,
        198,
        62,
        77,
        163,
        132,
        122,
        25,
        181,
        95,
        42,
        26,
        20,
        165,
        118,
        137,
        75,
        241,
        77,
        234,
        99,
        91,
        140,
        49,
        198,
        89,
        169,
        75,
        77,
        83,
        155,
        212,
        59,
        73,
        163,
        142,
        106,
        143,
        184,
        22,
        155,
        88,
        85,
        234,
        163,
        91,
        140,
        49,
        198,
        121,
        113,
        212,
        104,
        42,
        245,
        110,
        210,
        52,
        141,
        163,
        162,
        30,
        17,
        151,
        226,
        40,
        78,
        82,
        31,
        223,
        98,
        140,
        49,
        30,
        215,
        168,
        20,
        169,
        247,
        146,
        166,
        177,
        170,
        199,
        197,
        38,
        78,
        226,
        30,
        21,
        31,
        213,
        98,
        140,
        49,
        118,
        170,
        80,
        239,
        36,
        149,
        166,
        113,
        82,
        15,
        137,
        77,
        28,
        197,
        165,
        88,
        213,
        207,
        96,
        49,
        198,
        24,
        59,
        52,
        86,
        37,
        222,
        84,
        29,
        133,
        198,
        166,
        81,
        212,
        3,
        98,
        19,
        155,
        56,
        138,
        111,
        82,
        31,
        222,
        98,
        140,
        49,
        158,
        32,
        94,
        78,
        237,
        214,
        184,
        86,
        212,
        121,
        177,
        137,
        77,
        28,
        197,
        55,
        169,
        159,
        192,
        98,
        140,
        49,
        118,
        136,
        85,
        188,
        168,
        216,
        163,
        8,
        130,
        16,
        143,
        136,
        85,
        172,
        226,
        36,
        126,
        62,
        139,
        49,
        198,
        120,
        92,
        16,
        171,
        120,
        41,
        181,
        79,
        108,
        66,
        130,
        120,
        88,
        16,
        155,
        56,
        137,
        219,
        170,
        62,
        190,
        197,
        24,
        99,
        60,
        160,
        226,
        36,
        196,
        42,
        158,
        175,
        136,
        167,
        136,
        68,
        4,
        169,
        122,
        64,
        16,
        39,
        241,
        147,
        90,
        140,
        49,
        198,
        163,
        66,
        132,
        120,
        25,
        241,
        84,
        17,
        137,
        199,
        132,
        16,
        151,
        226,
        103,
        181,
        24,
        99,
        140,
        179,
        138,
        198,
        42,
        66,
        196,
        59,
        137,
        136,
        160,
        30,
        20,
        98,
        19,
        247,
        170,
        170,
        163,
        248,
        184,
        22,
        99,
        140,
        177,
        83,
        4,
        241,
        227,
        42,
        42,
        158,
        46,
        66,
        236,
        17,
        226,
        140,
        58,
        169,
        15,
        110,
        49,
        198,
        24,
        79,
        17,
        207,
        16,
        196,
        211,
        133,
        8,
        82,
        169,
        163,
        138,
        187,
        130,
        16,
        103,
        20,
        85,
        31,
        223,
        98,
        140,
        49,
        158,
        162,
        196,
        73,
        253,
        168,
        120,
        146,
        16,
        33,
        164,
        30,
        20,
        196,
        253,
        106,
        85,
        63,
        133,
        197,
        24,
        99,
        60,
        40,
        78,
        154,
        166,
        130,
        122,
        174,
        18,
        187,
        197,
        109,
        105,
        234,
        233,
        138,
        162,
        212,
        3,
        26,
        111,
        164,
        113,
        206,
        98,
        140,
        49,
        118,
        104,
        52,
        245,
        82,
        162,
        98,
        167,
        198,
        243,
        213,
        170,
        20,
        245,
        225,
        45,
        198,
        24,
        227,
        172,
        56,
        105,
        84,
        74,
        234,
        165,
        164,
        196,
        195,
        74,
        208,
        248,
        94,
        124,
        175,
        105,
        220,
        171,
        86,
        165,
        168,
        251,
        84,
        188,
        189,
        186,
        223,
        98,
        140,
        49,
        30,
        215,
        80,
        81,
        47,
        34,
        149,
        138,
        122,
        84,
        197,
        170,
        105,
        236,
        212,
        184,
        171,
        40,
        138,
        250,
        9,
        44,
        198,
        24,
        99,
        135,
        10,
        245,
        98,
        82,
        169,
        216,
        161,
        209,
        216,
        173,
        209,
        184,
        165,
        86,
        165,
        168,
        159,
        194,
        98,
        140,
        49,
        118,
        169,
        23,
        147,
        34,
        141,
        122,
        68,
        60,
        85,
        211,
        104,
        124,
        83,
        155,
        82,
        212,
        207,
        97,
        49,
        198,
        24,
        111,
        168,
        210,
        84,
        154,
        166,
        98,
        159,
        120,
        138,
        70,
        221,
        86,
        20,
        245,
        147,
        88,
        140,
        49,
        198,
        46,
        245,
        50,
        170,
        113,
        169,
        241,
        184,
        88,
        197,
        45,
        169,
        123,
        53,
        26,
        141,
        155,
        106,
        83,
        212,
        207,
        98,
        49,
        198,
        24,
        59,
        212,
        11,
        106,
        154,
        166,
        161,
        65,
        69,
        221,
        21,
        4,
        17,
        66,
        92,
        74,
        83,
        231,
        52,
        26,
        69,
        80,
        151,
        106,
        83,
        15,
        106,
        124,
        24,
        139,
        49,
        198,
        248,
        192,
        66,
        136,
        32,
        246,
        169,
        160,
        174,
        212,
        81,
        253,
        68,
        22,
        99,
        140,
        177,
        67,
        212,
        155,
        139,
        16,
        33,
        136,
        27,
        82,
        247,
        171,
        80,
        223,
        169,
        39,
        104,
        188,
        179,
        197,
        24,
        99,
        188,
        181,
        184,
        37,
        86,
        177,
        170,
        107,
        33,
        34,
        68,
        172,
        226,
        155,
        212,
        121,
        21,
        183,
        213,
        79,
        103,
        49,
        198,
        24,
        187,
        68,
        189,
        140,
        16,
        177,
        137,
        75,
        177,
        137,
        85,
        173,
        226,
        82,
        8,
        113,
        87,
        234,
        172,
        18,
        39,
        245,
        115,
        90,
        140,
        49,
        198,
        78,
        241,
        92,
        117,
        67,
        136,
        123,
        164,
        4,
        17,
        137,
        32,
        174,
        165,
        82,
        169,
        212,
        3,
        234,
        231,
        182,
        24,
        99,
        140,
        55,
        147,
        34,
        86,
        17,
        65,
        168,
        59,
        98,
        19,
        17,
        66,
        220,
        145,
        250,
        166,
        226,
        5,
        212,
        77,
        117,
        175,
        18,
        207,
        81,
        59,
        45,
        198,
        24,
        227,
        205,
        197,
        73,
        172,
        226,
        90,
        93,
        11,
        34,
        136,
        91,
        82,
        171,
        84,
        106,
        159,
        58,
        137,
        159,
        199,
        98,
        140,
        49,
        222,
        71,
        196,
        29,
        113,
        67,
        136,
        136,
        239,
        165,
        82,
        251,
        212,
        139,
        106,
        188,
        133,
        131,
        49,
        198,
        120,
        15,
        113,
        148,
        196,
        189,
        18,
        113,
        175,
        32,
        86,
        241,
        231,
        181,
        24,
        99,
        140,
        239,
        52,
        94,
        69,
        173,
        26,
        39,
        33,
        136,
        251,
        69,
        68,
        124,
        39,
        37,
        77,
        165,
        136,
        135,
        197,
        46,
        169,
        199,
        197,
        51,
        165,
        246,
        57,
        24,
        99,
        140,
        77,
        109,
        234,
        164,
        94,
        65,
        235,
        155,
        82,
        234,
        156,
        68,
        196,
        189,
        226,
        21,
        213,
        71,
        176,
        24,
        99,
        140,
        123,
        212,
        235,
        105,
        26,
        151,
        26,
        42,
        141,
        75,
        113,
        37,
        66,
        220,
        39,
        149,
        166,
        82,
        47,
        165,
        142,
        26,
        26,
        171,
        250,
        94,
        17,
        155,
        198,
        143,
        168,
        157,
        22,
        99,
        140,
        113,
        82,
        155,
        18,
        175,
        175,
        209,
        52,
        212,
        170,
        42,
        54,
        113,
        41,
        196,
        89,
        169,
        52,
        21,
        117,
        143,
        58,
        137,
        219,
        226,
        164,
        62,
        186,
        197,
        24,
        99,
        220,
        209,
        120,
        93,
        77,
        163,
        105,
        74,
        92,
        106,
        16,
        196,
        73,
        16,
        15,
        73,
        137,
        186,
        163,
        174,
        84,
        124,
        19,
        87,
        162,
        238,
        72,
        221,
        35,
        117,
        83,
        92,
        137,
        215,
        181,
        24,
        99,
        140,
        247,
        208,
        52,
        21,
        181,
        9,
        26,
        33,
        142,
        98,
        19,
        231,
        164,
        82,
        81,
        66,
        61,
        46,
        86,
        177,
        170,
        251,
        196,
        181,
        198,
        123,
        59,
        24,
        99,
        140,
        147,
        184,
        20,
        175,
        175,
        170,
        180,
        142,
        234,
        82,
        200,
        198,
        38,
        206,
        11,
        9,
        137,
        85,
        226,
        126,
        113,
        37,
        72,
        108,
        18,
        226,
        126,
        113,
        169,
        142,
        226,
        156,
        248,
        1,
        217,
        184,
        79,
        220,
        114,
        176,
        185,
        48,
        198,
        248,
        236,
        98,
        19,
        73,
        188,
        149,
        162,
        173,
        85,
        93,
        137,
        75,
        137,
        135,
        4,
        9,
        137,
        85,
        124,
        147,
        21,
        217,
        184,
        148,
        32,
        72,
        130,
        16,
        15,
        168,
        107,
        241,
        189,
        216,
        45,
        246,
        136,
        111,
        46,
        108,
        22,
        71,
        173,
        213,
        255,
        97,
        140,
        49,
        198,
        123,
        106,
        29,
        29,
        80,
        106,
        140,
        49,
        198,
        7,
        80,
        138,
        3,
        229,
        194,
        133,
        49,
        198,
        24,
        239,
        238,
        194,
        5,
        229,
        96,
        117,
        225,
        226,
        194,
        24,
        99,
        140,
        119,
        119,
        113,
        225,
        194,
        42,
        171,
        195,
        225,
        203,
        47,
        191,
        252,
        178,
        252,
        182,
        124,
        89,
        14,
        73,
        140,
        49,
        198,
        120,
        91,
        109,
        47,
        254,
        248,
        250,
        199,
        63,
        253,
        241,
        251,
        239,
        191,
        127,
        189,
        184,
        104,
        23,
        180,
        189,
        88,
        253,
        174,
        61,
        28,
        18,
        99,
        140,
        49,
        222,
        86,
        123,
        113,
        241,
        245,
        235,
        239,
        23,
        171,
        182,
        88,
        104,
        122,
        241,
        245,
        144,
        184,
        248,
        229,
        107,
        14,
        7,
        99,
        140,
        49,
        222,
        218,
        197,
        69,
        47,
        126,
        191,
        248,
        250,
        199,
        215,
        175,
        23,
        85,
        22,
        77,
        211,
        254,
        17,
        61,
        92,
        228,
        75,
        14,
        198,
        24,
        99,
        188,
        181,
        139,
        126,
        237,
        197,
        197,
        31,
        95,
        255,
        104,
        85,
        45,
        86,
        245,
        213,
        239,
        237,
        33,
        135,
        175,
        98,
        140,
        49,
        198,
        91,
        171,
        139,
        139,
        94,
        124,
        253,
        227,
        226,
        107,
        107,
        181,
        52,
        138,
        175,
        126,
        191,
        56,
        228,
        32,
        49,
        198,
        24,
        227,
        173,
        181,
        46,
        122,
        241,
        181,
        95,
        187,
        162,
        11,
        77,
        241,
        53,
        77,
        28,
        56,
        24,
        99,
        140,
        241,
        182,
        46,
        184,
        208,
        94,
        116,
        163,
        68,
        136,
        36,
        18,
        7,
        99,
        140,
        49,
        222,
        199,
        133,
        86,
        91,
        165,
        33,
        68,
        68,
        16,
        99,
        140,
        49,
        222,
        94,
        81,
        85,
        165,
        130,
        16,
        4,
        49,
        198,
        24,
        227,
        61,
        20,
        69,
        41,
        177,
        138,
        85,
        140,
        49,
        198,
        120,
        95,
        181,
        42,
        226,
        36,
        198,
        24,
        99,
        188,
        191,
        58,
        250,
        255,
        1,
        130,
        215,
        106,
        28,
        105,
        253,
        160,
        224,
        0,
        0,
        0,
        0,
        73,
        69,
        78,
        68,
        174,
        66,
        96,
        130
      ]
    },
    "stat": {
      "dev": 16777220,
      "mode": 33188,
      "nlink": 1,
      "uid": 501,
      "gid": 20,
      "rdev": 0,
      "blksize": 4194304,
      "ino": 2088747,
      "size": 9597,
      "blocks": 24,
      "atime": "2018-04-17T07:59:11.793Z",
      "mtime": "2018-03-22T08:50:41.033Z",
      "ctime": "2018-03-22T08:50:41.033Z",
      "birthtime": "2018-03-22T08:50:41.033Z"
    },
    "history": [
      "/Users/jiangheng/Desktop/work-code/xxd-h5/src/mods/openaccount/yhimgs/gdyh_bg@2x.png"
    ],
    "path": "/Users/jiangheng/Desktop/work-code/xxd-h5/src/mods/openaccount/yhimgs/gdyh_bg@2x.png",
    "gulpCache$filePathChangedInsideTask": false,
    "gulpCache$fileBaseChangedInsideTask": false,
    "gulpCache$originalPath": "/Users/jiangheng/Desktop/work-code/xxd-h5/src/mods/openaccount/yhimgs/gdyh_bg@2x.png",
    "gulpCache$originalBase": "/Users/jiangheng/Desktop/work-code/xxd-h5/src/mods/"
  }
]