[
  {
    "cwd": "/Users/jiangheng/Desktop/work-code/xxd-h5",
    "base": "/Users/jiangheng/Desktop/work-code/xxd-h5/src/mods/",
    "contents": {
      "type": "Buffer",
      "data": [
        137,
        80,
        78,
        71,
        13,
        10,
        26,
        10,
        0,
        0,
        0,
        13,
        73,
        72,
        68,
        82,
        0,
        0,
        0,
        79,
        0,
        0,
        0,
        79,
        8,
        6,
        0,
        0,
        0,
        170,
        52,
        152,
        134,
        0,
        0,
        8,
        251,
        73,
        68,
        65,
        84,
        120,
        218,
        237,
        157,
        9,
        112,
        20,
        69,
        20,
        134,
        163,
        120,
        162,
        130,
        128,
        90,
        229,
        85,
        5,
        24,
        142,
        66,
        139,
        242,
        42,
        171,
        4,
        21,
        8,
        130,
        130,
        92,
        98,
        0,
        229,
        6,
        21,
        40,
        65,
        8,
        34,
        133,
        39,
        160,
        80,
        136,
        41,
        32,
        28,
        33,
        39,
        71,
        8,
        87,
        32,
        1,
        185,
        36,
        128,
        128,
        84,
        136,
        4,
        33,
        8,
        225,
        8,
        225,
        10,
        87,
        8,
        16,
        32,
        39,
        144,
        107,
        195,
        179,
        223,
        100,
        22,
        39,
        155,
        233,
        153,
        238,
        217,
        238,
        217,
        221,
        148,
        175,
        234,
        175,
        130,
        221,
        205,
        204,
        244,
        183,
        51,
        221,
        175,
        223,
        123,
        221,
        235,
        7,
        0,
        126,
        30,
        82,
        45,
        162,
        150,
        68,
        125,
        136,
        38,
        18,
        173,
        32,
        74,
        33,
        58,
        65,
        148,
        69,
        148,
        15,
        149,
        150,
        175,
        254,
        31,
        95,
        223,
        75,
        148,
        64,
        20,
        76,
        52,
        80,
        253,
        251,
        90,
        158,
        106,
        131,
        221,
        39,
        108,
        76,
        52,
        150,
        104,
        11,
        81,
        33,
        136,
        177,
        66,
        245,
        120,
        99,
        213,
        227,
        215,
        40,
        120,
        117,
        137,
        134,
        17,
        37,
        17,
        221,
        1,
        185,
        118,
        71,
        61,
        207,
        48,
        245,
        188,
        62,
        11,
        175,
        17,
        81,
        24,
        81,
        49,
        120,
        198,
        74,
        212,
        243,
        55,
        242,
        37,
        120,
        254,
        68,
        49,
        68,
        229,
        224,
        29,
        86,
        174,
        94,
        79,
        19,
        111,
        134,
        87,
        135,
        104,
        6,
        81,
        169,
        176,
        103,
        144,
        60,
        132,
        41,
        71,
        179,
        225,
        199,
        232,
        61,
        208,
        121,
        220,
        58,
        120,
        174,
        71,
        52,
        220,
        247,
        246,
        28,
        240,
        107,
        21,
        162,
        232,
        177,
        119,
        231,
        67,
        139,
        190,
        75,
        224,
        195,
        111,
        55,
        194,
        47,
        177,
        251,
        96,
        207,
        145,
        108,
        168,
        168,
        160,
        246,
        12,
        165,
        234,
        245,
        213,
        241,
        54,
        120,
        93,
        137,
        46,
        138,
        130,
        86,
        92,
        90,
        14,
        179,
        226,
        14,
        64,
        195,
        143,
        22,
        222,
        5,
        197,
        170,
        39,
        58,
        69,
        192,
        132,
        176,
        221,
        112,
        45,
        255,
        54,
        237,
        240,
        23,
        213,
        235,
        245,
        56,
        188,
        218,
        68,
        81,
        162,
        159,
        179,
        101,
        91,
        143,
        195,
        23,
        51,
        118,
        66,
        224,
        247,
        155,
        160,
        113,
        224,
        34,
        110,
        128,
        168,
        71,
        2,
        66,
        33,
        120,
        121,
        42,
        148,
        59,
        42,
        104,
        167,
        137,
        82,
        175,
        223,
        35,
        240,
        176,
        111,
        75,
        19,
        1,
        235,
        70,
        65,
        49,
        156,
        205,
        46,
        128,
        227,
        231,
        110,
        192,
        149,
        27,
        183,
        148,
        199,
        85,
        107,
        248,
        90,
        248,
        111,
        105,
        240,
        250,
        208,
        21,
        220,
        16,
        95,
        25,
        188,
        28,
        14,
        157,
        202,
        161,
        157,
        58,
        77,
        109,
        135,
        173,
        240,
        218,
        96,
        155,
        173,
        194,
        218,
        151,
        126,
        5,
        38,
        146,
        126,
        172,
        221,
        168,
        4,
        168,
        211,
        97,
        126,
        181,
        6,
        63,
        220,
        110,
        30,
        4,
        124,
        153,
        0,
        51,
        86,
        164,
        86,
        123,
        252,
        18,
        83,
        206,
        66,
        179,
        143,
        99,
        184,
        0,
        62,
        216,
        102,
        46,
        68,
        174,
        59,
        76,
        253,
        238,
        212,
        246,
        216,
        2,
        47,
        80,
        117,
        3,
        184,
        44,
        175,
        168,
        68,
        129,
        209,
        164,
        207,
        98,
        174,
        134,
        63,
        64,
        26,
        142,
        125,
        88,
        225,
        173,
        210,
        42,
        125,
        226,
        224,
        169,
        91,
        185,
        239,
        194,
        81,
        51,
        119,
        130,
        67,
        127,
        64,
        41,
        81,
        219,
        37,
        21,
        94,
        127,
        34,
        7,
        15,
        180,
        162,
        219,
        101,
        48,
        53,
        230,
        111,
        168,
        219,
        49,
        204,
        82,
        223,
        229,
        148,
        127,
        239,
        197,
        112,
        241,
        106,
        81,
        149,
        145,
        120,
        68,
        240,
        14,
        238,
        227,
        12,
        157,
        182,
        173,
        90,
        183,
        160,
        26,
        182,
        107,
        128,
        44,
        120,
        129,
        188,
        224,
        226,
        119,
        158,
        132,
        167,
        187,
        70,
        185,
        5,
        77,
        171,
        23,
        122,
        45,
        170,
        6,
        112,
        120,
        240,
        118,
        238,
        227,
        4,
        205,
        217,
        69,
        187,
        100,
        7,
        207,
        29,
        200,
        10,
        46,
        128,
        199,
        127,
        203,
        190,
        126,
        19,
        122,
        18,
        223,
        75,
        20,
        52,
        215,
        59,
        48,
        39,
        239,
        191,
        126,
        16,
        31,
        195,
        190,
        147,
        19,
        185,
        143,
        51,
        121,
        97,
        138,
        145,
        63,
        24,
        32,
        10,
        158,
        191,
        38,
        194,
        97,
        106,
        177,
        137,
        233,
        110,
        63,
        162,
        102,
        122,
        169,
        127,
        172,
        16,
        128,
        33,
        113,
        255,
        208,
        154,
        145,
        207,
        50,
        10,
        179,
        248,
        113,
        76,
        238,
        200,
        173,
        226,
        114,
        24,
        56,
        101,
        139,
        84,
        104,
        102,
        0,
        187,
        142,
        95,
        207,
        125,
        156,
        133,
        27,
        143,
        26,
        185,
        49,
        181,
        221,
        129,
        23,
        201,
        250,
        152,
        190,
        58,
        100,
        185,
        109,
        224,
        104,
        0,
        75,
        203,
        28,
        220,
        0,
        239,
        125,
        107,
        182,
        210,
        55,
        83,
        44,
        210,
        42,
        188,
        46,
        44,
        224,
        78,
        93,
        204,
        83,
        58,
        114,
        187,
        193,
        57,
        133,
        95,
        90,
        126,
        81,
        73,
        21,
        128,
        237,
        71,
        39,
        112,
        29,
        227,
        254,
        119,
        230,
        40,
        254,
        35,
        197,
        186,
        240,
        194,
        171,
        203,
        50,
        87,
        61,
        127,
        165,
        16,
        158,
        237,
        30,
        237,
        49,
        112,
        78,
        189,
        241,
        217,
        202,
        42,
        0,
        177,
        11,
        65,
        7,
        156,
        231,
        24,
        232,
        152,
        39,
        29,
        202,
        210,
        107,
        102,
        22,
        45,
        54,
        72,
        131,
        55,
        139,
        197,
        233,
        109,
        254,
        201,
        18,
        143,
        131,
        51,
        2,
        216,
        122,
        196,
        42,
        174,
        99,
        224,
        108,
        231,
        64,
        198,
        85,
        189,
        230,
        134,
        176,
        194,
        107,
        74,
        84,
        102,
        4,
        14,
        59,
        231,
        14,
        99,
        214,
        120,
        13,
        56,
        26,
        64,
        252,
        55,
        190,
        198,
        27,
        149,
        73,
        63,
        91,
        109,
        230,
        137,
        60,
        154,
        177,
        192,
        91,
        105,
        118,
        215,
        125,
        23,
        241,
        151,
        215,
        129,
        115,
        170,
        237,
        200,
        120,
        229,
        174,
        211,
        2,
        228,
        13,
        40,
        96,
        87,
        148,
        153,
        93,
        224,
        218,
        236,
        56,
        51,
        120,
        45,
        136,
        42,
        140,
        192,
        237,
        78,
        187,
        164,
        140,
        80,
        222,
        10,
        15,
        133,
        253,
        157,
        22,
        32,
        142,
        200,
        56,
        50,
        243,
        206,
        102,
        46,
        93,
        187,
        169,
        109,
        122,
        133,
        202,
        135,
        10,
        47,
        218,
        44,
        72,
        105,
        53,
        190,
        230,
        139,
        0,
        241,
        145,
        215,
        137,
        1,
        234,
        194,
        107,
        96,
        150,
        172,
        193,
        9,
        190,
        47,
        128,
        211,
        2,
        44,
        41,
        251,
        111,
        58,
        158,
        149,
        83,
        196,
        236,
        86,
        97,
        24,
        107,
        71,
        234,
        133,
        106,
        247,
        15,
        81,
        125,
        61,
        120,
        99,
        204,
        28,
        97,
        28,
        206,
        237,
        104,
        52,
        118,
        11,
        35,
        103,
        238,
        228,
        14,
        95,
        233,
        9,
        157,
        230,
        82,
        13,
        64,
        12,
        44,
        152,
        1,
        68,
        191,
        111,
        253,
        238,
        51,
        52,
        20,
        65,
        122,
        240,
        246,
        27,
        193,
        27,
        51,
        123,
        151,
        109,
        119,
        12,
        70,
        141,
        209,
        174,
        231,
        23,
        115,
        63,
        106,
        44,
        0,
        207,
        93,
        46,
        160,
        250,
        167,
        38,
        224,
        208,
        82,
        93,
        225,
        53,
        54,
        250,
        52,
        70,
        115,
        31,
        106,
        107,
        207,
        93,
        23,
        182,
        182,
        234,
        84,
        218,
        74,
        95,
        197,
        2,
        16,
        103,
        70,
        174,
        0,
        25,
        192,
        57,
        205,
        95,
        11,
        111,
        180,
        209,
        39,
        167,
        47,
        221,
        111,
        11,
        56,
        76,
        31,
        210,
        190,
        60,
        94,
        127,
        77,
        79,
        152,
        162,
        212,
        70,
        146,
        79,
        94,
        200,
        83,
        252,
        58,
        78,
        112,
        160,
        242,
        186,
        11,
        47,
        209,
        40,
        119,
        218,
        200,
        66,
        10,
        144,
        87,
        56,
        24,
        25,
        153,
        21,
        135,
        87,
        79,
        24,
        186,
        210,
        2,
        60,
        124,
        250,
        154,
        18,
        176,
        229,
        0,
        7,
        42,
        47,
        63,
        103,
        181,
        82,
        1,
        237,
        83,
        152,
        116,
        150,
        13,
        14,
        115,
        20,
        44,
        38,
        11,
        32,
        166,
        10,
        44,
        20,
        23,
        213,
        242,
        83,
        203,
        180,
        232,
        247,
        103,
        200,
        159,
        82,
        193,
        141,
        155,
        151,
        196,
        117,
        213,
        178,
        0,
        90,
        176,
        150,
        126,
        106,
        210,
        131,
        106,
        50,
        195,
        77,
        152,
        192,
        185,
        99,
        225,
        250,
        69,
        1,
        220,
        144,
        124,
        198,
        29,
        120,
        3,
        16,
        222,
        175,
        70,
        33,
        39,
        89,
        224,
        12,
        178,
        88,
        182,
        0,
        116,
        29,
        213,
        45,
        88,
        48,
        194,
        139,
        167,
        189,
        187,
        106,
        199,
        9,
        41,
        224,
        4,
        60,
        50,
        119,
        1,
        242,
        198,
        237,
        4,
        129,
        83,
        146,
        131,
        134,
        206,
        241,
        215,
        161,
        73,
        194,
        193,
        245,
        116,
        113,
        23,
        220,
        53,
        222,
        192,
        167,
        32,
        112,
        104,
        251,
        17,
        94,
        6,
        237,
        93,
        43,
        223,
        42,
        143,
        163,
        106,
        39,
        192,
        123,
        90,
        11,
        5,
        135,
        150,
        137,
        240,
        46,
        209,
        222,
        109,
        40,
        208,
        191,
        195,
        188,
        130,
        12,
        112,
        44,
        0,
        113,
        174,
        140,
        149,
        87,
        130,
        45,
        223,
        207,
        200,
        199,
        171,
        37,
        40,
        110,
        231,
        26,
        30,
        178,
        19,
        160,
        36,
        112,
        74,
        116,
        217,
        207,
        232,
        93,
        81,
        161,
        113,
        59,
        192,
        233,
        1,
        148,
        8,
        174,
        146,
        143,
        209,
        157,
        231,
        46,
        56,
        156,
        214,
        105,
        115,
        10,
        118,
        2,
        196,
        40,
        208,
        198,
        228,
        76,
        153,
        167,
        41,
        51,
        236,
        243,
        220,
        13,
        183,
        99,
        117,
        167,
        167,
        108,
        201,
        230,
        116,
        232,
        50,
        126,
        29,
        116,
        159,
        176,
        193,
        178,
        88,
        250,
        60,
        234,
        104,
        219,
        160,
        83,
        184,
        91,
        240,
        240,
        239,
        247,
        30,
        187,
        108,
        59,
        184,
        165,
        91,
        142,
        11,
        233,
        114,
        88,
        70,
        219,
        84,
        106,
        208,
        170,
        183,
        251,
        145,
        92,
        204,
        133,
        218,
        9,
        16,
        251,
        56,
        17,
        9,
        170,
        71,
        219,
        135,
        50,
        249,
        121,
        212,
        25,
        70,
        155,
        145,
        241,
        66,
        190,
        65,
        188,
        3,
        49,
        244,
        35,
        219,
        226,
        182,
        159,
        16,
        150,
        217,
        195,
        57,
        61,
        203,
        12,
        131,
        58,
        183,
        29,
        240,
        179,
        184,
        170,
        39,
        12,
        58,
        202,
        4,
        136,
        241,
        56,
        12,
        104,
        138,
        76,
        30,
        177,
        204,
        109,
        7,
        216,
        149,
        45,
        147,
        5,
        80,
        52,
        56,
        20,
        214,
        60,
        155,
        216,
        64,
        195,
        120,
        222,
        186,
        164,
        211,
        194,
        231,
        182,
        162,
        1,
        202,
        0,
        135,
        154,
        27,
        127,
        144,
        41,
        158,
        71,
        141,
        36,
        99,
        186,
        81,
        70,
        84,
        69,
        20,
        64,
        204,
        171,
        202,
        74,
        76,
        97,
        4,
        157,
        37,
        146,
        108,
        152,
        195,
        104,
        40,
        41,
        127,
        241,
        212,
        7,
        145,
        74,
        6,
        203,
        29,
        112,
        178,
        242,
        200,
        56,
        45,
        189,
        93,
        82,
        206,
        148,
        195,
        64,
        125,
        69,
        251,
        212,
        167,
        211,
        182,
        73,
        11,
        136,
        98,
        234,
        207,
        10,
        64,
        153,
        224,
        80,
        88,
        154,
        102,
        98,
        227,
        180,
        240,
        252,
        105,
        159,
        90,
        179,
        235,
        148,
        212,
        28,
        6,
        47,
        64,
        244,
        25,
        101,
        87,
        46,
        152,
        101,
        242,
        92,
        243,
        182,
        84,
        103,
        25,
        111,
        95,
        92,
        4,
        231,
        13,
        0,
        17,
        156,
        222,
        114,
        43,
        209,
        202,
        56,
        159,
        203,
        85,
        49,
        96,
        88,
        171,
        210,
        255,
        167,
        68,
        233,
        23,
        108,
        6,
        208,
        46,
        112,
        175,
        13,
        89,
        110,
        246,
        29,
        6,
        209,
        170,
        164,
        116,
        67,
        32,
        88,
        171,
        107,
        71,
        197,
        0,
        2,
        196,
        164,
        147,
        171,
        29,
        60,
        153,
        99,
        11,
        56,
        84,
        244,
        134,
        35,
        134,
        85,
        118,
        42,
        39,
        221,
        250,
        188,
        5,
        180,
        191,
        178,
        107,
        169,
        128,
        235,
        18,
        41,
        116,
        105,
        156,
        37,
        17,
        178,
        85,
        255,
        253,
        112,
        179,
        216,
        99,
        52,
        88,
        169,
        12,
        149,
        149,
        73,
        211,
        83,
        211,
        62,
        49,
        74,
        129,
        143,
        157,
        224,
        140,
        106,
        101,
        156,
        149,
        39,
        96,
        82,
        25,
        138,
        90,
        77,
        171,
        89,
        193,
        133,
        191,
        118,
        53,
        4,
        151,
        96,
        213,
        14,
        152,
        103,
        219,
        249,
        158,
        236,
        28,
        97,
        86,
        118,
        177,
        26,
        24,
        10,
        186,
        177,
        234,
        91,
        247,
        40,
        184,
        1,
        2,
        102,
        161,
        124,
        169,
        58,
        148,
        85,
        49,
        155,
        143,
        25,
        70,
        141,
        129,
        177,
        26,
        30,
        69,
        141,
        4,
        126,
        62,
        253,
        143,
        26,
        7,
        14,
        67,
        111,
        38,
        213,
        11,
        179,
        129,
        115,
        5,
        144,
        238,
        114,
        152,
        220,
        194,
        18,
        120,
        190,
        199,
        130,
        26,
        3,
        174,
        222,
        123,
        97,
        186,
        35,
        188,
        198,
        184,
        87,
        0,
        57,
        183,
        251,
        0,
        218,
        227,
        171,
        221,
        223,
        196,
        151,
        197,
        144,
        36,
        234,
        6,
        162,
        87,
        61,
        226,
        90,
        85,
        95,
        7,
        103,
        176,
        222,
        214,
        105,
        150,
        87,
        61,
        154,
        174,
        183,
        197,
        229,
        230,
        190,
        10,
        238,
        155,
        240,
        100,
        51,
        112,
        110,
        175,
        183,
        53,
        92,
        233,
        141,
        157,
        108,
        191,
        201,
        137,
        62,
        7,
        110,
        202,
        98,
        211,
        137,
        191,
        144,
        149,
        222,
        166,
        123,
        12,
        224,
        222,
        77,
        86,
        118,
        153,
        240,
        132,
        48,
        57,
        20,
        181,
        254,
        136,
        25,
        56,
        161,
        123,
        12,
        56,
        213,
        11,
        12,
        118,
        183,
        192,
        48,
        142,
        55,
        251,
        128,
        232,
        116,
        51,
        12,
        14,
        14,
        181,
        157,
        246,
        239,
        171,
        130,
        23,
        135,
        243,
        67,
        111,
        3,
        135,
        235,
        56,
        78,
        92,
        200,
        101,
        1,
        39,
        109,
        95,
        21,
        237,
        254,
        42,
        212,
        109,
        66,
        112,
        125,
        87,
        199,
        160,
        181,
        94,
        1,
        13,
        195,
        233,
        88,
        48,
        142,
        11,
        14,
        25,
        30,
        85,
        233,
        59,
        250,
        104,
        247,
        146,
        50,
        252,
        42,
        87,
        108,
        203,
        240,
        168,
        51,
        253,
        230,
        176,
        56,
        218,
        170,
        237,
        106,
        126,
        63,
        216,
        184,
        151,
        148,
        118,
        20,
        62,
        108,
        248,
        117,
        150,
        57,
        32,
        52,
        225,
        144,
        173,
        16,
        95,
        236,
        23,
        171,
        164,
        14,
        24,
        139,
        197,
        241,
        250,
        45,
        239,
        232,
        104,
        203,
        254,
        121,
        88,
        131,
        188,
        150,
        52,
        8,
        171,
        67,
        101,
        12,
        42,
        120,
        76,
        92,
        182,
        255,
        251,
        158,
        76,
        158,
        10,
        123,
        143,
        238,
        159,
        231,
        58,
        149,
        203,
        98,
        185,
        98,
        156,
        71,
        98,
        220,
        172,
        213,
        240,
        56,
        183,
        234,
        74,
        176,
        63,
        195,
        44,
        23,
        174,
        139,
        211,
        6,
        79,
        25,
        44,
        11,
        188,
        100,
        231,
        70,
        183,
        246,
        12,
        197,
        32,
        3,
        222,
        45,
        147,
        22,
        164,
        40,
        85,
        242,
        47,
        15,
        90,
        166,
        196,
        213,
        180,
        219,
        41,
        225,
        162,
        225,
        103,
        186,
        69,
        41,
        239,
        245,
        250,
        97,
        147,
        226,
        224,
        226,
        226,
        147,
        60,
        254,
        162,
        73,
        231,
        158,
        161,
        194,
        182,
        0,
        150,
        177,
        91,
        45,
        198,
        189,
        98,
        193,
        187,
        118,
        171,
        197,
        235,
        105,
        14,
        62,
        182,
        79,
        114,
        4,
        88,
        216,
        168,
        80,
        144,
        149,
        168,
        19,
        123,
        159,
        218,
        39,
        217,
        85,
        143,
        67,
        229,
        142,
        217,
        201,
        96,
        207,
        14,
        221,
        201,
        234,
        249,
        234,
        1,
        252,
        191,
        55,
        188,
        153,
        213,
        232,
        189,
        225,
        89,
        126,
        149,
        96,
        18,
        84,
        254,
        42,
        1,
        134,
        59,
        206,
        169,
        142,
        171,
        67,
        51,
        109,
        202,
        85,
        95,
        199,
        247,
        157,
        191,
        74,
        48,
        8,
        60,
        252,
        171,
        4,
        255,
        2,
        96,
        28,
        132,
        187,
        196,
        76,
        56,
        135,
        0,
        0,
        0,
        0,
        73,
        69,
        78,
        68,
        174,
        66,
        96,
        130
      ]
    },
    "stat": {
      "dev": 16777220,
      "mode": 33188,
      "nlink": 1,
      "uid": 501,
      "gid": 20,
      "rdev": 0,
      "blksize": 4194304,
      "ino": 2088758,
      "size": 4089,
      "blocks": 8,
      "atime": "2018-04-17T07:59:11.793Z",
      "mtime": "2018-03-22T08:50:41.036Z",
      "ctime": "2018-03-22T08:50:41.036Z",
      "birthtime": "2018-03-22T08:50:41.036Z"
    },
    "history": [
      "/Users/jiangheng/Desktop/work-code/xxd-h5/src/mods/openaccount/yhimgs/jsyh@2x.png"
    ],
    "path": "/Users/jiangheng/Desktop/work-code/xxd-h5/src/mods/openaccount/yhimgs/jsyh@2x.png",
    "gulpCache$filePathChangedInsideTask": false,
    "gulpCache$fileBaseChangedInsideTask": false,
    "gulpCache$originalPath": "/Users/jiangheng/Desktop/work-code/xxd-h5/src/mods/openaccount/yhimgs/jsyh@2x.png",
    "gulpCache$originalBase": "/Users/jiangheng/Desktop/work-code/xxd-h5/src/mods/"
  }
]