[
  {
    "cwd": "/Users/jiangheng/Desktop/work-code/xxd-h5",
    "base": "/Users/jiangheng/Desktop/work-code/xxd-h5/src/mods/",
    "contents": {
      "type": "Buffer",
      "data": [
        60,
        33,
        68,
        79,
        67,
        84,
        89,
        80,
        69,
        32,
        104,
        116,
        109,
        108,
        62,
        10,
        60,
        104,
        116,
        109,
        108,
        32,
        108,
        97,
        110,
        103,
        61,
        34,
        101,
        110,
        34,
        62,
        10,
        60,
        104,
        101,
        97,
        100,
        62,
        10,
        32,
        32,
        32,
        32,
        60,
        109,
        101,
        116,
        97,
        32,
        99,
        104,
        97,
        114,
        115,
        101,
        116,
        61,
        34,
        85,
        84,
        70,
        45,
        56,
        34,
        62,
        10,
        32,
        32,
        32,
        32,
        60,
        109,
        101,
        116,
        97,
        32,
        99,
        111,
        110,
        116,
        101,
        110,
        116,
        61,
        34,
        119,
        105,
        100,
        116,
        104,
        61,
        100,
        101,
        118,
        105,
        99,
        101,
        45,
        119,
        105,
        100,
        116,
        104,
        44,
        32,
        105,
        110,
        105,
        116,
        105,
        97,
        108,
        45,
        115,
        99,
        97,
        108,
        101,
        61,
        49,
        46,
        48,
        44,
        32,
        109,
        97,
        120,
        105,
        109,
        117,
        109,
        45,
        115,
        99,
        97,
        108,
        101,
        61,
        49,
        46,
        48,
        44,
        32,
        117,
        115,
        101,
        114,
        45,
        115,
        99,
        97,
        108,
        97,
        98,
        108,
        101,
        61,
        48,
        34,
        32,
        110,
        97,
        109,
        101,
        61,
        34,
        118,
        105,
        101,
        119,
        112,
        111,
        114,
        116,
        34,
        47,
        62,
        10,
        32,
        32,
        32,
        32,
        60,
        116,
        105,
        116,
        108,
        101,
        62,
        230,
        150,
        176,
        230,
        150,
        176,
        232,
        180,
        183,
        45,
        228,
        186,
        167,
        229,
        147,
        129,
        229,
        138,
        160,
        229,
        133,
        165,
        60,
        47,
        116,
        105,
        116,
        108,
        101,
        62,
        10,
        32,
        32,
        32,
        32,
        60,
        108,
        105,
        110,
        107,
        32,
        114,
        101,
        108,
        61,
        34,
        115,
        116,
        121,
        108,
        101,
        115,
        104,
        101,
        101,
        116,
        34,
        32,
        104,
        114,
        101,
        102,
        61,
        34,
        46,
        46,
        47,
        99,
        115,
        115,
        47,
        98,
        97,
        115,
        101,
        46,
        99,
        115,
        115,
        34,
        62,
        10,
        32,
        32,
        32,
        32,
        60,
        108,
        105,
        110,
        107,
        32,
        114,
        101,
        108,
        61,
        34,
        115,
        116,
        121,
        108,
        101,
        115,
        104,
        101,
        101,
        116,
        34,
        32,
        104,
        114,
        101,
        102,
        61,
        34,
        105,
        110,
        100,
        101,
        120,
        46,
        99,
        115,
        115,
        34,
        62,
        10,
        32,
        32,
        32,
        32,
        60,
        115,
        99,
        114,
        105,
        112,
        116,
        32,
        115,
        114,
        99,
        61,
        34,
        46,
        46,
        47,
        98,
        97,
        115,
        101,
        46,
        106,
        115,
        34,
        62,
        60,
        47,
        115,
        99,
        114,
        105,
        112,
        116,
        62,
        10,
        60,
        47,
        104,
        101,
        97,
        100,
        62,
        10,
        60,
        98,
        111,
        100,
        121,
        62,
        10,
        60,
        100,
        105,
        118,
        32,
        99,
        108,
        97,
        115,
        115,
        61,
        34,
        112,
        114,
        111,
        100,
        117,
        99,
        116,
        226,
        128,
        148,
        100,
        101,
        116,
        97,
        105,
        108,
        45,
        99,
        111,
        110,
        116,
        97,
        105,
        110,
        101,
        114,
        32,
        112,
        114,
        111,
        100,
        117,
        99,
        116,
        226,
        128,
        148,
        112,
        117,
        114,
        99,
        104,
        97,
        115,
        101,
        45,
        99,
        111,
        110,
        116,
        97,
        105,
        110,
        101,
        114,
        32,
        112,
        111,
        115,
        105,
        116,
        105,
        111,
        110,
        45,
        97,
        34,
        62,
        10,
        32,
        32,
        32,
        32,
        60,
        100,
        105,
        118,
        32,
        99,
        108,
        97,
        115,
        115,
        61,
        34,
        112,
        114,
        111,
        100,
        117,
        99,
        116,
        45,
        116,
        111,
        112,
        34,
        62,
        10,
        32,
        32,
        32,
        32,
        32,
        32,
        32,
        32,
        60,
        112,
        32,
        99,
        108,
        97,
        115,
        115,
        61,
        34,
        112,
        114,
        111,
        100,
        117,
        99,
        116,
        45,
        110,
        97,
        109,
        101,
        34,
        62,
        228,
        184,
        131,
        229,
        164,
        169,
        229,
        164,
        167,
        232,
        131,
        156,
        60,
        47,
        112,
        62,
        10,
        32,
        32,
        32,
        32,
        32,
        32,
        32,
        32,
        60,
        112,
        32,
        99,
        108,
        97,
        115,
        115,
        61,
        34,
        112,
        114,
        111,
        100,
        117,
        99,
        116,
        45,
        101,
        97,
        114,
        110,
        105,
        110,
        103,
        115,
        45,
        116,
        120,
        116,
        34,
        62,
        229,
        142,
        134,
        229,
        143,
        178,
        229,
        185,
        180,
        229,
        140,
        150,
        230,
        148,
        182,
        231,
        155,
        138,
        60,
        47,
        112,
        62,
        10,
        32,
        32,
        32,
        32,
        32,
        32,
        32,
        32,
        60,
        112,
        32,
        99,
        108,
        97,
        115,
        115,
        61,
        34,
        114,
        97,
        116,
        101,
        34,
        62,
        60,
        115,
        112,
        97,
        110,
        62,
        49,
        48,
        46,
        48,
        37,
        60,
        47,
        115,
        112,
        97,
        110,
        62,
        43,
        51,
        46,
        48,
        37,
        60,
        105,
        32,
        99,
        108,
        97,
        115,
        115,
        61,
        34,
        116,
        111,
        97,
        115,
        116,
        34,
        62,
        233,
        153,
        144,
        230,
        151,
        182,
        229,
        138,
        160,
        230,
        129,
        175,
        60,
        47,
        105,
        62,
        60,
        47,
        112,
        62,
        10,
        32,
        32,
        32,
        32,
        32,
        32,
        32,
        32,
        60,
        112,
        32,
        99,
        108,
        97,
        115,
        115,
        61,
        34,
        108,
        111,
        99,
        107,
        45,
        100,
        97,
        116,
        97,
        34,
        62,
        233,
        148,
        129,
        229,
        174,
        154,
        230,
        156,
        159,
        233,
        153,
        144,
        239,
        188,
        154,
        55,
        229,
        164,
        169,
        60,
        47,
        112,
        62,
        10,
        32,
        32,
        32,
        32,
        60,
        47,
        100,
        105,
        118,
        62,
        10,
        32,
        32,
        32,
        32,
        60,
        117,
        108,
        32,
        99,
        108,
        97,
        115,
        115,
        61,
        34,
        112,
        117,
        114,
        99,
        104,
        97,
        115,
        101,
        32,
        120,
        120,
        100,
        45,
        99,
        111,
        109,
        109,
        111,
        110,
        45,
        108,
        105,
        115,
        116,
        34,
        62,
        10,
        32,
        32,
        32,
        32,
        32,
        32,
        32,
        32,
        60,
        108,
        105,
        32,
        99,
        108,
        97,
        115,
        115,
        61,
        34,
        108,
        105,
        115,
        116,
        45,
        105,
        116,
        101,
        109,
        32,
        109,
        116,
        45,
        49,
        48,
        34,
        62,
        10,
        32,
        32,
        32,
        32,
        32,
        32,
        32,
        32,
        32,
        32,
        32,
        32,
        60,
        115,
        112,
        97,
        110,
        32,
        99,
        108,
        97,
        115,
        115,
        61,
        34,
        105,
        116,
        101,
        109,
        45,
        116,
        120,
        116,
        34,
        62,
        232,
        180,
        166,
        230,
        136,
        183,
        228,
        189,
        153,
        233,
        162,
        157,
        239,
        188,
        154,
        60,
        47,
        115,
        112,
        97,
        110,
        62,
        10,
        32,
        32,
        32,
        32,
        32,
        32,
        32,
        32,
        32,
        32,
        32,
        32,
        60,
        115,
        112,
        97,
        110,
        32,
        99,
        108,
        97,
        115,
        115,
        61,
        34,
        105,
        116,
        101,
        109,
        45,
        116,
        120,
        116,
        34,
        62,
        51,
        48,
        48,
        229,
        133,
        131,
        60,
        47,
        115,
        112,
        97,
        110,
        62,
        10,
        32,
        32,
        32,
        32,
        32,
        32,
        32,
        32,
        32,
        32,
        32,
        32,
        60,
        115,
        112,
        97,
        110,
        32,
        99,
        108,
        97,
        115,
        115,
        61,
        34,
        105,
        116,
        101,
        109,
        45,
        114,
        105,
        103,
        104,
        116,
        45,
        116,
        120,
        116,
        32,
        108,
        105,
        110,
        107,
        45,
        99,
        111,
        108,
        111,
        114,
        34,
        62,
        229,
        133,
        133,
        229,
        128,
        188,
        60,
        47,
        115,
        112,
        97,
        110,
        62,
        10,
        32,
        32,
        32,
        32,
        32,
        32,
        32,
        32,
        60,
        47,
        108,
        105,
        62,
        10,
        32,
        32,
        32,
        32,
        32,
        32,
        32,
        32,
        60,
        108,
        105,
        32,
        99,
        108,
        97,
        115,
        115,
        61,
        34,
        108,
        105,
        115,
        116,
        45,
        105,
        116,
        101,
        109,
        32,
        109,
        116,
        45,
        49,
        48,
        32,
        112,
        100,
        45,
        49,
        48,
        34,
        62,
        10,
        32,
        32,
        32,
        32,
        32,
        32,
        32,
        32,
        32,
        32,
        32,
        32,
        60,
        115,
        112,
        97,
        110,
        32,
        99,
        108,
        97,
        115,
        115,
        61,
        34,
        105,
        116,
        101,
        109,
        45,
        116,
        120,
        116,
        34,
        62,
        229,
        138,
        160,
        229,
        133,
        165,
        233,
        135,
        145,
        233,
        162,
        157,
        60,
        47,
        115,
        112,
        97,
        110,
        62,
        10,
        32,
        32,
        32,
        32,
        32,
        32,
        32,
        32,
        32,
        32,
        32,
        32,
        60,
        100,
        105,
        118,
        32,
        99,
        108,
        97,
        115,
        115,
        61,
        34,
        105,
        110,
        112,
        117,
        116,
        45,
        119,
        114,
        97,
        112,
        112,
        101,
        114,
        34,
        62,
        10,
        32,
        32,
        32,
        32,
        32,
        32,
        32,
        32,
        32,
        32,
        32,
        32,
        32,
        32,
        32,
        32,
        60,
        112,
        32,
        99,
        108,
        97,
        115,
        115,
        61,
        34,
        109,
        97,
        120,
        45,
        99,
        111,
        117,
        110,
        116,
        45,
        116,
        105,
        112,
        115,
        34,
        62,
        228,
        189,
        160,
        230,
        156,
        128,
        229,
        164,
        167,
        229,
        143,
        175,
        229,
        138,
        160,
        229,
        133,
        165,
        233,
        135,
        145,
        233,
        162,
        157,
        49,
        48,
        44,
        48,
        48,
        48,
        46,
        48,
        48,
        229,
        133,
        131,
        60,
        47,
        112,
        62,
        10,
        32,
        32,
        32,
        32,
        32,
        32,
        32,
        32,
        32,
        32,
        32,
        32,
        32,
        32,
        32,
        32,
        60,
        98,
        117,
        116,
        116,
        111,
        110,
        32,
        116,
        121,
        112,
        101,
        61,
        34,
        98,
        117,
        116,
        116,
        111,
        110,
        34,
        32,
        99,
        108,
        97,
        115,
        115,
        61,
        34,
        109,
        105,
        110,
        117,
        115,
        34,
        62,
        45,
        60,
        47,
        98,
        117,
        116,
        116,
        111,
        110,
        62,
        10,
        32,
        32,
        32,
        32,
        32,
        32,
        32,
        32,
        32,
        32,
        32,
        32,
        32,
        32,
        32,
        32,
        60,
        105,
        110,
        112,
        117,
        116,
        32,
        116,
        121,
        112,
        101,
        61,
        34,
        116,
        101,
        120,
        116,
        34,
        32,
        112,
        108,
        97,
        99,
        101,
        104,
        111,
        108,
        100,
        101,
        114,
        61,
        34,
        49,
        48,
        48,
        229,
        133,
        131,
        231,
        154,
        132,
        230,
        149,
        180,
        230,
        149,
        176,
        229,
        128,
        141,
        233,
        128,
        146,
        229,
        162,
        158,
        34,
        47,
        62,
        10,
        32,
        32,
        32,
        32,
        32,
        32,
        32,
        32,
        32,
        32,
        32,
        32,
        32,
        32,
        32,
        32,
        60,
        98,
        117,
        116,
        116,
        111,
        110,
        32,
        116,
        121,
        112,
        101,
        61,
        34,
        98,
        117,
        116,
        116,
        111,
        110,
        34,
        32,
        99,
        108,
        97,
        115,
        115,
        61,
        34,
        97,
        100,
        100,
        34,
        62,
        43,
        60,
        47,
        98,
        117,
        116,
        116,
        111,
        110,
        62,
        10,
        32,
        32,
        32,
        32,
        32,
        32,
        32,
        32,
        32,
        32,
        32,
        32,
        60,
        47,
        100,
        105,
        118,
        62,
        10,
        32,
        32,
        32,
        32,
        32,
        32,
        32,
        32,
        32,
        32,
        32,
        32,
        60,
        98,
        117,
        116,
        116,
        111,
        110,
        32,
        116,
        121,
        112,
        101,
        61,
        34,
        98,
        117,
        116,
        116,
        111,
        110,
        34,
        32,
        99,
        108,
        97,
        115,
        115,
        61,
        34,
        97,
        108,
        108,
        45,
        98,
        116,
        110,
        34,
        62,
        229,
        133,
        168,
        230,
        138,
        149,
        60,
        47,
        98,
        117,
        116,
        116,
        111,
        110,
        62,
        10,
        32,
        32,
        32,
        32,
        32,
        32,
        32,
        32,
        60,
        47,
        108,
        105,
        62,
        10,
        32,
        32,
        32,
        32,
        32,
        32,
        32,
        32,
        60,
        108,
        105,
        32,
        99,
        108,
        97,
        115,
        115,
        61,
        34,
        108,
        105,
        115,
        116,
        45,
        105,
        116,
        101,
        109,
        32,
        109,
        116,
        45,
        49,
        48,
        34,
        62,
        10,
        32,
        32,
        32,
        32,
        32,
        32,
        32,
        32,
        32,
        32,
        32,
        32,
        60,
        115,
        112,
        97,
        110,
        32,
        99,
        108,
        97,
        115,
        115,
        61,
        34,
        105,
        116,
        101,
        109,
        45,
        116,
        120,
        116,
        34,
        62,
        231,
        186,
        162,
        229,
        140,
        133,
        60,
        47,
        115,
        112,
        97,
        110,
        62,
        10,
        32,
        32,
        32,
        32,
        32,
        32,
        32,
        32,
        32,
        32,
        32,
        32,
        60,
        115,
        112,
        97,
        110,
        32,
        99,
        108,
        97,
        115,
        115,
        61,
        34,
        105,
        116,
        101,
        109,
        45,
        114,
        105,
        103,
        104,
        116,
        45,
        116,
        120,
        116,
        34,
        62,
        50,
        228,
        184,
        170,
        229,
        143,
        175,
        231,
        148,
        168,
        60,
        47,
        115,
        112,
        97,
        110,
        62,
        10,
        32,
        32,
        32,
        32,
        32,
        32,
        32,
        32,
        32,
        32,
        32,
        32,
        60,
        115,
        112,
        97,
        110,
        32,
        99,
        108,
        97,
        115,
        115,
        61,
        34,
        97,
        114,
        114,
        111,
        119,
        45,
        114,
        105,
        103,
        104,
        116,
        45,
        105,
        99,
        111,
        110,
        34,
        62,
        60,
        47,
        115,
        112,
        97,
        110,
        62,
        10,
        32,
        32,
        32,
        32,
        32,
        32,
        32,
        32,
        60,
        47,
        108,
        105,
        62,
        10,
        32,
        32,
        32,
        32,
        32,
        32,
        32,
        32,
        60,
        108,
        105,
        32,
        99,
        108,
        97,
        115,
        115,
        61,
        34,
        108,
        105,
        115,
        116,
        45,
        105,
        116,
        101,
        109,
        34,
        62,
        10,
        32,
        32,
        32,
        32,
        32,
        32,
        32,
        32,
        32,
        32,
        32,
        32,
        60,
        115,
        112,
        97,
        110,
        32,
        99,
        108,
        97,
        115,
        115,
        61,
        34,
        105,
        116,
        101,
        109,
        45,
        114,
        105,
        103,
        104,
        116,
        45,
        116,
        120,
        116,
        32,
        112,
        97,
        121,
        45,
        99,
        111,
        117,
        110,
        116,
        34,
        62,
        229,
        174,
        158,
        233,
        153,
        133,
        230,
        148,
        175,
        228,
        187,
        152,
        239,
        188,
        154,
        49,
        48,
        48,
        48,
        229,
        133,
        131,
        60,
        47,
        115,
        112,
        97,
        110,
        62,
        10,
        32,
        32,
        32,
        32,
        32,
        32,
        32,
        32,
        60,
        47,
        108,
        105,
        62,
        10,
        32,
        32,
        32,
        32,
        60,
        47,
        117,
        108,
        62,
        10,
        32,
        32,
        32,
        32,
        60,
        112,
        32,
        99,
        108,
        97,
        115,
        115,
        61,
        34,
        99,
        111,
        110,
        102,
        105,
        114,
        109,
        45,
        116,
        105,
        112,
        115,
        34,
        62,
        10,
        32,
        32,
        32,
        32,
        32,
        32,
        32,
        32,
        60,
        108,
        97,
        98,
        101,
        108,
        32,
        102,
        111,
        114,
        61,
        34,
        34,
        62,
        60,
        115,
        112,
        97,
        110,
        32,
        99,
        108,
        97,
        115,
        115,
        61,
        34,
        99,
        104,
        101,
        99,
        107,
        98,
        111,
        120,
        32,
        99,
        104,
        101,
        99,
        107,
        101,
        100,
        34,
        62,
        60,
        47,
        115,
        112,
        97,
        110,
        62,
        60,
        105,
        110,
        112,
        117,
        116,
        32,
        116,
        121,
        112,
        101,
        61,
        34,
        99,
        104,
        101,
        99,
        107,
        98,
        111,
        120,
        34,
        32,
        99,
        104,
        101,
        99,
        107,
        101,
        100,
        47,
        62,
        60,
        47,
        108,
        97,
        98,
        101,
        108,
        62,
        10,
        32,
        32,
        32,
        32,
        32,
        32,
        32,
        32,
        60,
        115,
        112,
        97,
        110,
        62,
        230,
        136,
        145,
        229,
        183,
        178,
        233,
        152,
        133,
        232,
        175,
        187,
        229,
        185,
        182,
        229,
        144,
        140,
        230,
        132,
        143,
        32,
        60,
        97,
        32,
        104,
        114,
        101,
        102,
        61,
        34,
        35,
        34,
        32,
        99,
        108,
        97,
        115,
        115,
        61,
        34,
        108,
        105,
        110,
        107,
        45,
        99,
        111,
        108,
        111,
        114,
        34,
        62,
        227,
        128,
        138,
        228,
        184,
        131,
        229,
        164,
        169,
        229,
        164,
        167,
        232,
        131,
        156,
        230,
        156,
        141,
        229,
        138,
        161,
        229,
        141,
        143,
        232,
        174,
        174,
        227,
        128,
        139,
        60,
        47,
        97,
        62,
        227,
        128,
        129,
        60,
        97,
        32,
        104,
        114,
        101,
        102,
        61,
        34,
        35,
        34,
        32,
        99,
        108,
        97,
        115,
        115,
        61,
        34,
        108,
        105,
        110,
        107,
        45,
        99,
        111,
        108,
        111,
        114,
        34,
        62,
        227,
        128,
        138,
        232,
        135,
        170,
        229,
        138,
        168,
        233,
        133,
        141,
        230,
        160,
        135,
        229,
        167,
        148,
        230,
        137,
        152,
        228,
        185,
        166,
        227,
        128,
        139,
        60,
        47,
        97,
        62,
        60,
        47,
        115,
        112,
        97,
        110,
        62,
        10,
        32,
        32,
        32,
        32,
        60,
        47,
        112,
        62,
        10,
        60,
        47,
        100,
        105,
        118,
        62,
        10,
        60,
        100,
        105,
        118,
        32,
        99,
        108,
        97,
        115,
        115,
        61,
        34,
        100,
        105,
        118,
        45,
        98,
        111,
        116,
        116,
        111,
        109,
        45,
        98,
        116,
        110,
        34,
        62,
        10,
        32,
        32,
        32,
        32,
        60,
        98,
        117,
        116,
        116,
        111,
        110,
        32,
        99,
        108,
        97,
        115,
        115,
        61,
        34,
        120,
        120,
        100,
        45,
        120,
        108,
        45,
        98,
        116,
        110,
        34,
        62,
        231,
        161,
        174,
        229,
        174,
        154,
        229,
        138,
        160,
        229,
        133,
        165,
        60,
        47,
        98,
        117,
        116,
        116,
        111,
        110,
        62,
        10,
        60,
        47,
        100,
        105,
        118,
        62,
        10,
        60,
        47,
        98,
        111,
        100,
        121,
        62,
        10,
        60,
        47,
        104,
        116,
        109,
        108,
        62
      ]
    },
    "stat": {
      "dev": 16777220,
      "mode": 33188,
      "nlink": 1,
      "uid": 501,
      "gid": 20,
      "rdev": 0,
      "blksize": 4194304,
      "ino": 2088824,
      "size": 2299,
      "blocks": 8,
      "atime": "2018-04-17T07:59:11.782Z",
      "mtime": "2018-03-22T08:50:41.051Z",
      "ctime": "2018-03-22T08:50:41.051Z",
      "birthtime": "2018-03-22T08:50:41.051Z"
    },
    "history": [
      "/Users/jiangheng/Desktop/work-code/xxd-h5/src/mods/product/product_purchase.html"
    ],
    "path": "/Users/jiangheng/Desktop/work-code/xxd-h5/src/mods/product/product_purchase.html",
    "gulpCache$filePathChangedInsideTask": false,
    "gulpCache$fileBaseChangedInsideTask": false,
    "gulpCache$originalPath": "/Users/jiangheng/Desktop/work-code/xxd-h5/src/mods/product/product_purchase.html",
    "gulpCache$originalBase": "/Users/jiangheng/Desktop/work-code/xxd-h5/src/mods/"
  }
]