[
  {
    "cwd": "/Users/jiangheng/Desktop/work-code/xxd-h5",
    "base": "/Users/jiangheng/Desktop/work-code/xxd-h5/src/mods/",
    "contents": {
      "type": "Buffer",
      "data": [
        137,
        80,
        78,
        71,
        13,
        10,
        26,
        10,
        0,
        0,
        0,
        13,
        73,
        72,
        68,
        82,
        0,
        0,
        0,
        48,
        0,
        0,
        0,
        54,
        8,
        3,
        0,
        0,
        0,
        182,
        133,
        234,
        168,
        0,
        0,
        1,
        140,
        80,
        76,
        84,
        69,
        53,
        130,
        237,
        53,
        130,
        237,
        53,
        130,
        237,
        53,
        130,
        237,
        53,
        130,
        237,
        53,
        130,
        237,
        53,
        130,
        237,
        53,
        130,
        237,
        53,
        130,
        237,
        53,
        130,
        237,
        53,
        130,
        237,
        53,
        130,
        237,
        53,
        130,
        237,
        53,
        130,
        237,
        53,
        130,
        237,
        53,
        130,
        237,
        53,
        130,
        237,
        53,
        130,
        237,
        53,
        130,
        237,
        53,
        130,
        237,
        53,
        130,
        237,
        53,
        130,
        237,
        53,
        130,
        237,
        53,
        130,
        237,
        53,
        130,
        237,
        53,
        130,
        237,
        53,
        130,
        237,
        53,
        130,
        237,
        53,
        130,
        237,
        53,
        130,
        237,
        53,
        130,
        237,
        53,
        130,
        237,
        53,
        130,
        237,
        53,
        130,
        237,
        53,
        130,
        237,
        53,
        130,
        237,
        53,
        130,
        237,
        53,
        130,
        237,
        53,
        130,
        237,
        53,
        130,
        237,
        53,
        130,
        237,
        53,
        130,
        237,
        53,
        130,
        237,
        53,
        130,
        237,
        53,
        130,
        237,
        53,
        130,
        237,
        53,
        130,
        237,
        53,
        130,
        237,
        53,
        130,
        237,
        53,
        130,
        237,
        53,
        130,
        237,
        53,
        130,
        237,
        53,
        130,
        237,
        53,
        130,
        237,
        53,
        130,
        237,
        53,
        130,
        237,
        53,
        130,
        237,
        53,
        130,
        237,
        53,
        130,
        237,
        53,
        130,
        237,
        53,
        130,
        237,
        53,
        130,
        237,
        53,
        130,
        237,
        53,
        130,
        237,
        53,
        130,
        237,
        53,
        130,
        237,
        53,
        130,
        237,
        53,
        130,
        237,
        53,
        130,
        237,
        53,
        130,
        237,
        53,
        130,
        237,
        53,
        130,
        237,
        53,
        130,
        237,
        53,
        130,
        237,
        53,
        130,
        237,
        53,
        130,
        237,
        53,
        130,
        237,
        53,
        130,
        237,
        53,
        130,
        237,
        53,
        130,
        237,
        53,
        130,
        237,
        53,
        130,
        237,
        53,
        130,
        237,
        53,
        130,
        237,
        53,
        130,
        237,
        53,
        130,
        237,
        53,
        130,
        237,
        53,
        130,
        237,
        53,
        130,
        237,
        53,
        130,
        237,
        53,
        130,
        237,
        53,
        130,
        237,
        53,
        130,
        237,
        53,
        130,
        237,
        53,
        130,
        237,
        53,
        130,
        237,
        53,
        130,
        237,
        53,
        130,
        237,
        53,
        130,
        237,
        53,
        130,
        237,
        53,
        130,
        237,
        53,
        130,
        237,
        53,
        130,
        237,
        53,
        130,
        237,
        53,
        130,
        237,
        53,
        130,
        237,
        53,
        130,
        237,
        53,
        130,
        237,
        53,
        130,
        237,
        53,
        130,
        237,
        53,
        130,
        237,
        53,
        130,
        237,
        53,
        130,
        237,
        53,
        130,
        237,
        53,
        130,
        237,
        53,
        130,
        237,
        53,
        130,
        237,
        53,
        130,
        237,
        53,
        130,
        237,
        53,
        130,
        237,
        53,
        130,
        237,
        53,
        130,
        237,
        53,
        130,
        237,
        53,
        130,
        237,
        53,
        130,
        237,
        53,
        130,
        237,
        53,
        130,
        237,
        53,
        130,
        237,
        53,
        130,
        237,
        53,
        130,
        237,
        53,
        130,
        237,
        53,
        130,
        237,
        247,
        220,
        38,
        121,
        0,
        0,
        0,
        131,
        116,
        82,
        78,
        83,
        0,
        1,
        2,
        4,
        5,
        6,
        8,
        9,
        10,
        11,
        13,
        14,
        15,
        17,
        18,
        20,
        21,
        22,
        24,
        26,
        27,
        28,
        30,
        35,
        36,
        37,
        42,
        43,
        46,
        47,
        49,
        54,
        55,
        56,
        57,
        62,
        64,
        65,
        67,
        70,
        73,
        74,
        75,
        77,
        78,
        79,
        80,
        81,
        82,
        83,
        84,
        85,
        87,
        90,
        91,
        92,
        93,
        95,
        96,
        97,
        100,
        102,
        107,
        112,
        113,
        115,
        119,
        124,
        128,
        136,
        141,
        144,
        145,
        146,
        151,
        154,
        155,
        156,
        157,
        159,
        160,
        165,
        168,
        169,
        173,
        176,
        177,
        178,
        179,
        181,
        182,
        183,
        184,
        186,
        191,
        192,
        196,
        197,
        200,
        202,
        204,
        206,
        207,
        210,
        212,
        214,
        218,
        219,
        220,
        221,
        222,
        223,
        226,
        228,
        232,
        234,
        237,
        238,
        239,
        240,
        241,
        243,
        244,
        245,
        246,
        247,
        248,
        250,
        251,
        252,
        254,
        21,
        76,
        53,
        7,
        0,
        0,
        2,
        105,
        73,
        68,
        65,
        84,
        24,
        25,
        141,
        193,
        11,
        91,
        12,
        97,
        0,
        134,
        225,
        55,
        25,
        199,
        108,
        17,
        89,
        199,
        164,
        136,
        66,
        34,
        20,
        177,
        74,
        116,
        144,
        14,
        171,
        44,
        82,
        109,
        39,
        165,
        80,
        202,
        170,
        104,
        147,
        121,
        254,
        184,
        111,
        219,
        174,
        174,
        102,
        230,
        155,
        118,
        238,
        91,
        65,
        101,
        173,
        131,
        179,
        235,
        176,
        62,
        59,
        216,
        90,
        166,
        194,
        46,
        15,
        109,
        177,
        107,
        107,
        232,
        178,
        246,
        23,
        235,
        199,
        167,
        63,
        166,
        125,
        92,
        89,
        34,
        47,
        51,
        63,
        159,
        33,
        111,
        169,
        74,
        161,
        234,
        54,
        48,
        220,
        212,
        131,
        83,
        50,
        78,
        61,
        120,
        231,
        98,
        108,
        212,
        41,
        68,
        117,
        22,
        35,
        117,
        78,
        187,
        206,
        165,
        48,
        178,
        213,
        178,
        42,
        95,
        1,
        254,
        182,
        202,
        163,
        245,
        47,
        176,
        82,
        46,
        155,
        17,
        32,
        123,
        93,
        62,
        215,
        179,
        192,
        136,
        44,
        110,
        97,
        52,
        41,
        160,
        9,
        227,
        150,
        130,
        62,
        3,
        125,
        178,
        120,
        3,
        124,
        86,
        64,
        21,
        176,
        30,
        147,
        69,
        108,
        29,
        168,
        146,
        95,
        23,
        240,
        74,
        86,
        175,
        128,
        46,
        249,
        205,
        1,
        151,
        100,
        117,
        17,
        152,
        147,
        207,
        97,
        23,
        150,
        21,
        98,
        25,
        220,
        195,
        242,
        186,
        0,
        140,
        42,
        196,
        40,
        112,
        65,
        94,
        213,
        192,
        128,
        66,
        12,
        0,
        213,
        242,
        170,
        1,
        122,
        21,
        226,
        53,
        80,
        35,
        175,
        74,
        32,
        169,
        16,
        73,
        160,
        82,
        94,
        229,
        192,
        140,
        66,
        204,
        0,
        103,
        228,
        179,
        10,
        255,
        74,
        100,
        117,
        252,
        31,
        172,
        202,
        47,
        5,
        52,
        203,
        234,
        17,
        240,
        94,
        126,
        79,
        129,
        73,
        89,
        77,
        2,
        79,
        229,
        87,
        242,
        27,
        184,
        35,
        139,
        219,
        192,
        159,
        18,
        5,
        116,
        2,
        63,
        74,
        21,
        80,
        250,
        3,
        232,
        84,
        80,
        89,
        6,
        24,
        119,
        228,
        227,
        140,
        3,
        153,
        147,
        178,
        104,
        193,
        24,
        61,
        38,
        143,
        99,
        163,
        24,
        79,
        100,
        213,
        143,
        177,
        112,
        85,
        123,
        84,
        45,
        96,
        12,
        200,
        206,
        249,
        136,
        225,
        38,
        43,
        181,
        163,
        50,
        233,
        98,
        124,
        114,
        20,
        194,
        73,
        178,
        109,
        49,
        213,
        211,
        221,
        221,
        147,
        90,
        100,
        219,
        91,
        71,
        161,
        138,
        18,
        155,
        248,
        108,
        38,
        138,
        20,
        238,
        64,
        67,
        26,
        159,
        244,
        221,
        3,
        10,
        213,
        240,
        5,
        139,
        47,
        13,
        178,
        171,
        248,
        64,
        158,
        187,
        56,
        149,
        158,
        152,
        72,
        79,
        45,
        186,
        228,
        125,
        168,
        144,
        69,
        125,
        134,
        156,
        108,
        178,
        49,
        166,
        29,
        177,
        198,
        100,
        150,
        156,
        76,
        189,
        2,
        218,
        200,
        249,
        217,
        113,
        66,
        30,
        39,
        58,
        126,
        146,
        211,
        38,
        159,
        151,
        228,
        244,
        150,
        42,
        160,
        180,
        151,
        156,
        151,
        242,
        104,
        199,
        200,
        212,
        203,
        170,
        62,
        131,
        209,
        174,
        61,
        238,
        97,
        124,
        143,
        43,
        68,
        252,
        27,
        198,
        61,
        237,
        58,
        187,
        6,
        124,
        61,
        173,
        80,
        229,
        95,
        129,
        181,
        179,
        218,
        81,
        52,
        6,
        172,
        196,
        181,
        143,
        248,
        10,
        48,
        86,
        164,
        188,
        135,
        128,
        91,
        171,
        125,
        213,
        186,
        192,
        67,
        109,
        43,
        94,
        2,
        186,
        85,
        64,
        55,
        176,
        84,
        172,
        156,
        199,
        192,
        114,
        137,
        10,
        56,
        190,
        12,
        60,
        86,
        206,
        52,
        144,
        80,
        65,
        9,
        96,
        90,
        198,
        121,
        224,
        215,
        81,
        21,
        116,
        228,
        23,
        112,
        94,
        210,
        11,
        160,
        71,
        17,
        244,
        0,
        47,
        36,
        141,
        3,
        215,
        20,
        65,
        13,
        48,
        46,
        21,
        111,
        194,
        134,
        163,
        8,
        156,
        13,
        216,
        44,
        86,
        28,
        72,
        43,
        146,
        52,
        16,
        215,
        77,
        160,
        79,
        145,
        244,
        1,
        55,
        212,
        2,
        116,
        40,
        146,
        14,
        160,
        69,
        207,
        128,
        231,
        138,
        36,
        1,
        60,
        83,
        51,
        208,
        164,
        72,
        238,
        3,
        205,
        58,
        244,
        113,
        107,
        216,
        81,
        36,
        7,
        135,
        183,
        70,
        14,
        253,
        7,
        168,
        42,
        41,
        187,
        216,
        221,
        32,
        208,
        0,
        0,
        0,
        0,
        73,
        69,
        78,
        68,
        174,
        66,
        96,
        130
      ]
    },
    "stat": {
      "dev": 16777220,
      "mode": 33188,
      "nlink": 1,
      "uid": 501,
      "gid": 20,
      "rdev": 0,
      "blksize": 4194304,
      "ino": 2088682,
      "size": 2117,
      "blocks": 8,
      "atime": "2018-04-17T07:59:11.791Z",
      "mtime": "2018-03-22T08:50:41.017Z",
      "ctime": "2018-03-22T08:50:41.017Z",
      "birthtime": "2018-03-22T08:50:41.017Z"
    },
    "history": [
      "/Users/jiangheng/Desktop/work-code/xxd-h5/src/mods/login/imgs/user_icon@3x.png"
    ],
    "path": "/Users/jiangheng/Desktop/work-code/xxd-h5/src/mods/login/imgs/user_icon@3x.png",
    "gulpCache$filePathChangedInsideTask": false,
    "gulpCache$fileBaseChangedInsideTask": false,
    "gulpCache$originalPath": "/Users/jiangheng/Desktop/work-code/xxd-h5/src/mods/login/imgs/user_icon@3x.png",
    "gulpCache$originalBase": "/Users/jiangheng/Desktop/work-code/xxd-h5/src/mods/"
  },
  {
    "cwd": "/Users/jiangheng/Desktop/work-code/xxd-h5",
    "base": "/Users/jiangheng/Desktop/work-code/xxd-h5/src/mods/",
    "contents": {
      "type": "Buffer",
      "data": [
        137,
        80,
        78,
        71,
        13,
        10,
        26,
        10,
        0,
        0,
        0,
        13,
        73,
        72,
        68,
        82,
        0,
        0,
        0,
        48,
        0,
        0,
        0,
        54,
        8,
        3,
        0,
        0,
        0,
        182,
        133,
        234,
        168,
        0,
        0,
        1,
        140,
        80,
        76,
        84,
        69,
        53,
        130,
        237,
        53,
        130,
        237,
        53,
        130,
        237,
        53,
        130,
        237,
        53,
        130,
        237,
        53,
        130,
        237,
        53,
        130,
        237,
        53,
        130,
        237,
        53,
        130,
        237,
        53,
        130,
        237,
        53,
        130,
        237,
        53,
        130,
        237,
        53,
        130,
        237,
        53,
        130,
        237,
        53,
        130,
        237,
        53,
        130,
        237,
        53,
        130,
        237,
        53,
        130,
        237,
        53,
        130,
        237,
        53,
        130,
        237,
        53,
        130,
        237,
        53,
        130,
        237,
        53,
        130,
        237,
        53,
        130,
        237,
        53,
        130,
        237,
        53,
        130,
        237,
        53,
        130,
        237,
        53,
        130,
        237,
        53,
        130,
        237,
        53,
        130,
        237,
        53,
        130,
        237,
        53,
        130,
        237,
        53,
        130,
        237,
        53,
        130,
        237,
        53,
        130,
        237,
        53,
        130,
        237,
        53,
        130,
        237,
        53,
        130,
        237,
        53,
        130,
        237,
        53,
        130,
        237,
        53,
        130,
        237,
        53,
        130,
        237,
        53,
        130,
        237,
        53,
        130,
        237,
        53,
        130,
        237,
        53,
        130,
        237,
        53,
        130,
        237,
        53,
        130,
        237,
        53,
        130,
        237,
        53,
        130,
        237,
        53,
        130,
        237,
        53,
        130,
        237,
        53,
        130,
        237,
        53,
        130,
        237,
        53,
        130,
        237,
        53,
        130,
        237,
        53,
        130,
        237,
        53,
        130,
        237,
        53,
        130,
        237,
        53,
        130,
        237,
        53,
        130,
        237,
        53,
        130,
        237,
        53,
        130,
        237,
        53,
        130,
        237,
        53,
        130,
        237,
        53,
        130,
        237,
        53,
        130,
        237,
        53,
        130,
        237,
        53,
        130,
        237,
        53,
        130,
        237,
        53,
        130,
        237,
        53,
        130,
        237,
        53,
        130,
        237,
        53,
        130,
        237,
        53,
        130,
        237,
        53,
        130,
        237,
        53,
        130,
        237,
        53,
        130,
        237,
        53,
        130,
        237,
        53,
        130,
        237,
        53,
        130,
        237,
        53,
        130,
        237,
        53,
        130,
        237,
        53,
        130,
        237,
        53,
        130,
        237,
        53,
        130,
        237,
        53,
        130,
        237,
        53,
        130,
        237,
        53,
        130,
        237,
        53,
        130,
        237,
        53,
        130,
        237,
        53,
        130,
        237,
        53,
        130,
        237,
        53,
        130,
        237,
        53,
        130,
        237,
        53,
        130,
        237,
        53,
        130,
        237,
        53,
        130,
        237,
        53,
        130,
        237,
        53,
        130,
        237,
        53,
        130,
        237,
        53,
        130,
        237,
        53,
        130,
        237,
        53,
        130,
        237,
        53,
        130,
        237,
        53,
        130,
        237,
        53,
        130,
        237,
        53,
        130,
        237,
        53,
        130,
        237,
        53,
        130,
        237,
        53,
        130,
        237,
        53,
        130,
        237,
        53,
        130,
        237,
        53,
        130,
        237,
        53,
        130,
        237,
        53,
        130,
        237,
        53,
        130,
        237,
        53,
        130,
        237,
        53,
        130,
        237,
        53,
        130,
        237,
        53,
        130,
        237,
        53,
        130,
        237,
        53,
        130,
        237,
        53,
        130,
        237,
        53,
        130,
        237,
        53,
        130,
        237,
        53,
        130,
        237,
        53,
        130,
        237,
        53,
        130,
        237,
        53,
        130,
        237,
        53,
        130,
        237,
        53,
        130,
        237,
        247,
        220,
        38,
        121,
        0,
        0,
        0,
        131,
        116,
        82,
        78,
        83,
        0,
        1,
        2,
        4,
        5,
        6,
        8,
        9,
        10,
        11,
        13,
        14,
        15,
        17,
        18,
        20,
        21,
        22,
        24,
        26,
        27,
        28,
        30,
        35,
        36,
        37,
        42,
        43,
        46,
        47,
        49,
        54,
        55,
        56,
        57,
        62,
        64,
        65,
        67,
        70,
        73,
        74,
        75,
        77,
        78,
        79,
        80,
        81,
        82,
        83,
        84,
        85,
        87,
        90,
        91,
        92,
        93,
        95,
        96,
        97,
        100,
        102,
        107,
        112,
        113,
        115,
        119,
        124,
        128,
        136,
        141,
        144,
        145,
        146,
        151,
        154,
        155,
        156,
        157,
        159,
        160,
        165,
        168,
        169,
        173,
        176,
        177,
        178,
        179,
        181,
        182,
        183,
        184,
        186,
        191,
        192,
        196,
        197,
        200,
        202,
        204,
        206,
        207,
        210,
        212,
        214,
        218,
        219,
        220,
        221,
        222,
        223,
        226,
        228,
        232,
        234,
        237,
        238,
        239,
        240,
        241,
        243,
        244,
        245,
        246,
        247,
        248,
        250,
        251,
        252,
        254,
        21,
        76,
        53,
        7,
        0,
        0,
        2,
        105,
        73,
        68,
        65,
        84,
        24,
        25,
        141,
        193,
        11,
        91,
        12,
        97,
        0,
        134,
        225,
        55,
        25,
        199,
        108,
        17,
        89,
        199,
        164,
        136,
        66,
        34,
        20,
        177,
        74,
        116,
        144,
        14,
        171,
        44,
        82,
        109,
        39,
        165,
        80,
        202,
        170,
        104,
        147,
        121,
        254,
        184,
        111,
        219,
        174,
        174,
        102,
        230,
        155,
        118,
        238,
        91,
        65,
        101,
        173,
        131,
        179,
        235,
        176,
        62,
        59,
        216,
        90,
        166,
        194,
        46,
        15,
        109,
        177,
        107,
        107,
        232,
        178,
        246,
        23,
        235,
        199,
        167,
        63,
        166,
        125,
        92,
        89,
        34,
        47,
        51,
        63,
        159,
        33,
        111,
        169,
        74,
        161,
        234,
        54,
        48,
        220,
        212,
        131,
        83,
        50,
        78,
        61,
        120,
        231,
        98,
        108,
        212,
        41,
        68,
        117,
        22,
        35,
        117,
        78,
        187,
        206,
        165,
        48,
        178,
        213,
        178,
        42,
        95,
        1,
        254,
        182,
        202,
        163,
        245,
        47,
        176,
        82,
        46,
        155,
        17,
        32,
        123,
        93,
        62,
        215,
        179,
        192,
        136,
        44,
        110,
        97,
        52,
        41,
        160,
        9,
        227,
        150,
        130,
        62,
        3,
        125,
        178,
        120,
        3,
        124,
        86,
        64,
        21,
        176,
        30,
        147,
        69,
        108,
        29,
        168,
        146,
        95,
        23,
        240,
        74,
        86,
        175,
        128,
        46,
        249,
        205,
        1,
        151,
        100,
        117,
        17,
        152,
        147,
        207,
        97,
        23,
        150,
        21,
        98,
        25,
        220,
        195,
        242,
        186,
        0,
        140,
        42,
        196,
        40,
        112,
        65,
        94,
        213,
        192,
        128,
        66,
        12,
        0,
        213,
        242,
        170,
        1,
        122,
        21,
        226,
        53,
        80,
        35,
        175,
        74,
        32,
        169,
        16,
        73,
        160,
        82,
        94,
        229,
        192,
        140,
        66,
        204,
        0,
        103,
        228,
        179,
        10,
        255,
        74,
        100,
        117,
        252,
        31,
        172,
        202,
        47,
        5,
        52,
        203,
        234,
        17,
        240,
        94,
        126,
        79,
        129,
        73,
        89,
        77,
        2,
        79,
        229,
        87,
        242,
        27,
        184,
        35,
        139,
        219,
        192,
        159,
        18,
        5,
        116,
        2,
        63,
        74,
        21,
        80,
        250,
        3,
        232,
        84,
        80,
        89,
        6,
        24,
        119,
        228,
        227,
        140,
        3,
        153,
        147,
        178,
        104,
        193,
        24,
        61,
        38,
        143,
        99,
        163,
        24,
        79,
        100,
        213,
        143,
        177,
        112,
        85,
        123,
        84,
        45,
        96,
        12,
        200,
        206,
        249,
        136,
        225,
        38,
        43,
        181,
        163,
        50,
        233,
        98,
        124,
        114,
        20,
        194,
        73,
        178,
        109,
        49,
        213,
        211,
        221,
        221,
        147,
        90,
        100,
        219,
        91,
        71,
        161,
        138,
        18,
        155,
        248,
        108,
        38,
        138,
        20,
        238,
        64,
        67,
        26,
        159,
        244,
        221,
        3,
        10,
        213,
        240,
        5,
        139,
        47,
        13,
        178,
        171,
        248,
        64,
        158,
        187,
        56,
        149,
        158,
        152,
        72,
        79,
        45,
        186,
        228,
        125,
        168,
        144,
        69,
        125,
        134,
        156,
        108,
        178,
        49,
        166,
        29,
        177,
        198,
        100,
        150,
        156,
        76,
        189,
        2,
        218,
        200,
        249,
        217,
        113,
        66,
        30,
        39,
        58,
        126,
        146,
        211,
        38,
        159,
        151,
        228,
        244,
        150,
        42,
        160,
        180,
        151,
        156,
        151,
        242,
        104,
        199,
        200,
        212,
        203,
        170,
        62,
        131,
        209,
        174,
        61,
        238,
        97,
        124,
        143,
        43,
        68,
        252,
        27,
        198,
        61,
        237,
        58,
        187,
        6,
        124,
        61,
        173,
        80,
        229,
        95,
        129,
        181,
        179,
        218,
        81,
        52,
        6,
        172,
        196,
        181,
        143,
        248,
        10,
        48,
        86,
        164,
        188,
        135,
        128,
        91,
        171,
        125,
        213,
        186,
        192,
        67,
        109,
        43,
        94,
        2,
        186,
        85,
        64,
        55,
        176,
        84,
        172,
        156,
        199,
        192,
        114,
        137,
        10,
        56,
        190,
        12,
        60,
        86,
        206,
        52,
        144,
        80,
        65,
        9,
        96,
        90,
        198,
        121,
        224,
        215,
        81,
        21,
        116,
        228,
        23,
        112,
        94,
        210,
        11,
        160,
        71,
        17,
        244,
        0,
        47,
        36,
        141,
        3,
        215,
        20,
        65,
        13,
        48,
        46,
        21,
        111,
        194,
        134,
        163,
        8,
        156,
        13,
        216,
        44,
        86,
        28,
        72,
        43,
        146,
        52,
        16,
        215,
        77,
        160,
        79,
        145,
        244,
        1,
        55,
        212,
        2,
        116,
        40,
        146,
        14,
        160,
        69,
        207,
        128,
        231,
        138,
        36,
        1,
        60,
        83,
        51,
        208,
        164,
        72,
        238,
        3,
        205,
        58,
        244,
        113,
        107,
        216,
        81,
        36,
        7,
        135,
        183,
        70,
        14,
        253,
        7,
        168,
        42,
        41,
        187,
        216,
        221,
        32,
        208,
        0,
        0,
        0,
        0,
        73,
        69,
        78,
        68,
        174,
        66,
        96,
        130
      ]
    },
    "stat": {
      "dev": 16777220,
      "mode": 33188,
      "nlink": 1,
      "uid": 501,
      "gid": 20,
      "rdev": 0,
      "blksize": 4194304,
      "ino": 2088871,
      "size": 2117,
      "blocks": 8,
      "atime": "2018-04-17T07:59:11.800Z",
      "mtime": "2018-03-22T08:50:41.062Z",
      "ctime": "2018-03-22T08:50:41.062Z",
      "birthtime": "2018-03-22T08:50:41.062Z"
    },
    "history": [
      "/Users/jiangheng/Desktop/work-code/xxd-h5/src/mods/register/imgs/user_icon@3x.png"
    ],
    "path": "/Users/jiangheng/Desktop/work-code/xxd-h5/src/mods/register/imgs/user_icon@3x.png",
    "gulpCache$filePathChangedInsideTask": true,
    "gulpCache$fileBaseChangedInsideTask": false,
    "gulpCache$originalPath": "/Users/jiangheng/Desktop/work-code/xxd-h5/src/mods/login/imgs/user_icon@3x.png",
    "gulpCache$originalBase": "/Users/jiangheng/Desktop/work-code/xxd-h5/src/mods/"
  }
]