[
  {
    "cwd": "/Users/jiangheng/Desktop/work-code/xxd-h5",
    "base": "/Users/jiangheng/Desktop/work-code/xxd-h5/src/mods/",
    "contents": {
      "type": "Buffer",
      "data": [
        137,
        80,
        78,
        71,
        13,
        10,
        26,
        10,
        0,
        0,
        0,
        13,
        73,
        72,
        68,
        82,
        0,
        0,
        0,
        30,
        0,
        0,
        0,
        26,
        8,
        6,
        0,
        0,
        0,
        160,
        161,
        236,
        180,
        0,
        0,
        2,
        121,
        73,
        68,
        65,
        84,
        120,
        218,
        172,
        150,
        95,
        104,
        78,
        97,
        28,
        199,
        207,
        187,
        119,
        92,
        109,
        46,
        252,
        231,
        130,
        93,
        49,
        127,
        134,
        180,
        97,
        37,
        115,
        51,
        132,
        34,
        87,
        104,
        181,
        247,
        134,
        41,
        41,
        97,
        110,
        182,
        184,
        192,
        212,
        46,
        44,
        127,
        106,
        41,
        81,
        20,
        238,
        41,
        166,
        88,
        137,
        208,
        34,
        255,
        155,
        213,
        86,
        67,
        107,
        216,
        118,
        129,
        49,
        243,
        206,
        235,
        243,
        232,
        247,
        212,
        233,
        215,
        121,
        119,
        158,
        115,
        142,
        111,
        125,
        58,
        111,
        191,
        115,
        158,
        247,
        251,
        252,
        251,
        253,
        158,
        39,
        85,
        126,
        108,
        192,
        11,
        209,
        84,
        152,
        41,
        207,
        31,
        208,
        15,
        239,
        237,
        203,
        142,
        198,
        41,
        94,
        28,
        21,
        228,
        137,
        151,
        66,
        11,
        188,
        129,
        47,
        240,
        10,
        218,
        225,
        9,
        244,
        194,
        39,
        184,
        6,
        213,
        21,
        199,
        7,
        11,
        254,
        135,
        241,
        100,
        184,
        4,
        111,
        97,
        63,
        44,
        204,
        211,
        110,
        58,
        108,
        135,
        59,
        240,
        8,
        243,
        21,
        73,
        140,
        205,
        40,
        159,
        66,
        6,
        82,
        17,
        254,
        195,
        152,
        62,
        196,
        124,
        79,
        28,
        227,
        57,
        50,
        149,
        37,
        94,
        60,
        21,
        66,
        43,
        230,
        251,
        162,
        24,
        155,
        209,
        93,
        150,
        13,
        100,
        245,
        27,
        78,
        192,
        97,
        24,
        14,
        104,
        247,
        0,
        234,
        224,
        190,
        138,
        183,
        96,
        190,
        196,
        181,
        167,
        155,
        160,
        74,
        197,
        175,
        67,
        163,
        252,
        94,
        4,
        181,
        234,
        253,
        54,
        217,
        116,
        29,
        240,
        204,
        23,
        79,
        67,
        51,
        108,
        112,
        25,
        113,
        38,
        32,
        94,
        13,
        107,
        101,
        115,
        173,
        10,
        120,
        127,
        0,
        230,
        194,
        142,
        128,
        119,
        235,
        24,
        245,
        236,
        48,
        227,
        20,
        121,
        252,
        153,
        231,
        52,
        47,
        190,
        76,
        110,
        183,
        193,
        93,
        248,
        14,
        19,
        161,
        199,
        164,
        34,
        57,
        222,
        63,
        158,
        113,
        46,
        166,
        97,
        86,
        114,
        253,
        54,
        212,
        192,
        70,
        152,
        161,
        190,
        249,
        0,
        55,
        224,
        52,
        157,
        232,
        210,
        198,
        89,
        89,
        155,
        40,
        26,
        144,
        105,
        174,
        21,
        211,
        48,
        229,
        164,
        147,
        13,
        116,
        96,
        196,
        174,
        113,
        87,
        68,
        211,
        95,
        98,
        118,
        214,
        209,
        212,
        147,
        204,
        49,
        251,
        226,
        30,
        235,
        95,
        108,
        141,
        111,
        70,
        52,
        62,
        9,
        71,
        165,
        224,
        68,
        85,
        37,
        92,
        177,
        198,
        103,
        96,
        196,
        177,
        225,
        176,
        28,
        18,
        149,
        42,
        190,
        30,
        102,
        65,
        183,
        218,
        116,
        243,
        192,
        228,
        245,
        79,
        95,
        124,
        11,
        163,
        222,
        108,
        140,
        63,
        74,
        161,
        112,
        209,
        45,
        216,
        25,
        16,
        31,
        149,
        206,
        143,
        250,
        98,
        127,
        100,
        89,
        204,
        78,
        31,
        83,
        223,
        239,
        181,
        37,
        211,
        172,
        215,
        41,
        7,
        227,
        231,
        121,
        242,
        186,
        93,
        54,
        220,
        2,
        95,
        172,
        72,
        210,
        170,
        71,
        126,
        251,
        181,
        218,
        127,
        72,
        28,
        132,
        67,
        82,
        46,
        243,
        233,
        155,
        228,
        105,
        144,
        210,
        142,
        177,
        127,
        157,
        210,
        199,
        226,
        57,
        181,
        30,
        90,
        19,
        212,
        116,
        198,
        213,
        96,
        161,
        46,
        119,
        48,
        73,
        70,
        125,
        17,
        250,
        96,
        57,
        204,
        135,
        98,
        169,
        112,
        143,
        97,
        77,
        66,
        227,
        54,
        109,
        188,
        21,
        206,
        67,
        147,
        255,
        122,
        163,
        148,
        73,
        104,
        108,
        54,
        93,
        179,
        54,
        174,
        135,
        161,
        144,
        134,
        38,
        15,
        119,
        7,
        164,
        148,
        171,
        154,
        168,
        94,
        47,
        244,
        26,
        15,
        57,
        52,
        28,
        147,
        99,
        177,
        51,
        134,
        233,
        85,
        56,
        50,
        222,
        101,
        47,
        76,
        166,
        136,
        172,
        148,
        11,
        132,
        171,
        204,
        76,
        213,
        48,
        218,
        92,
        18,
        99,
        163,
        175,
        114,
        72,
        44,
        133,
        11,
        114,
        251,
        212,
        7,
        195,
        107,
        120,
        103,
        83,
        203,
        154,
        38,
        53,
        182,
        247,
        234,
        151,
        176,
        11,
        74,
        228,
        150,
        90,
        42,
        89,
        80,
        68,
        172,
        140,
        231,
        98,
        217,
        19,
        203,
        40,
        149,
        105,
        255,
        177,
        152,
        212,
        216,
        233,
        59,
        76,
        77,
        245,
        202,
        218,
        99,
        241,
        175,
        0,
        3,
        0,
        234,
        103,
        166,
        142,
        120,
        96,
        141,
        113,
        0,
        0,
        0,
        0,
        73,
        69,
        78,
        68,
        174,
        66,
        96,
        130
      ]
    },
    "stat": {
      "dev": 16777220,
      "mode": 33188,
      "nlink": 1,
      "uid": 501,
      "gid": 20,
      "rdev": 0,
      "blksize": 4194304,
      "ino": 2088613,
      "size": 1547,
      "blocks": 8,
      "atime": "2018-04-17T07:59:11.786Z",
      "mtime": "2018-03-22T08:50:40.991Z",
      "ctime": "2018-03-22T08:50:40.991Z",
      "birthtime": "2018-03-22T08:50:40.991Z"
    },
    "history": [
      "/Users/jiangheng/Desktop/work-code/xxd-h5/src/mods/contactus/imgs/wx_icon@2x.png"
    ],
    "path": "/Users/jiangheng/Desktop/work-code/xxd-h5/src/mods/contactus/imgs/wx_icon@2x.png",
    "gulpCache$filePathChangedInsideTask": false,
    "gulpCache$fileBaseChangedInsideTask": false,
    "gulpCache$originalPath": "/Users/jiangheng/Desktop/work-code/xxd-h5/src/mods/contactus/imgs/wx_icon@2x.png",
    "gulpCache$originalBase": "/Users/jiangheng/Desktop/work-code/xxd-h5/src/mods/"
  }
]