[
  {
    "cwd": "/Users/jiangheng/Desktop/work-code/xxd-h5",
    "base": "/Users/jiangheng/Desktop/work-code/xxd-h5/src/mods/",
    "contents": {
      "type": "Buffer",
      "data": [
        137,
        80,
        78,
        71,
        13,
        10,
        26,
        10,
        0,
        0,
        0,
        13,
        73,
        72,
        68,
        82,
        0,
        0,
        0,
        79,
        0,
        0,
        0,
        79,
        8,
        6,
        0,
        0,
        0,
        170,
        52,
        152,
        134,
        0,
        0,
        11,
        111,
        73,
        68,
        65,
        84,
        120,
        218,
        237,
        93,
        121,
        112,
        19,
        231,
        21,
        247,
        12,
        255,
        229,
        143,
        208,
        227,
        207,
        166,
        165,
        161,
        14,
        73,
        59,
        29,
        154,
        153,
        180,
        157,
        233,
        153,
        54,
        157,
        28,
        4,
        8,
        4,
        76,
        24,
        40,
        71,
        14,
        226,
        64,
        32,
        196,
        14,
        16,
        210,
        96,
        142,
        52,
        105,
        25,
        110,
        82,
        2,
        1,
        115,
        132,
        225,
        176,
        193,
        198,
        96,
        124,
        115,
        25,
        124,
        97,
        176,
        13,
        190,
        109,
        249,
        190,
        228,
        219,
        178,
        229,
        91,
        150,
        44,
        189,
        190,
        183,
        94,
        77,
        101,
        163,
        221,
        125,
        171,
        149,
        100,
        203,
        229,
        205,
        188,
        63,
        36,
        237,
        126,
        199,
        111,
        191,
        239,
        221,
        251,
        201,
        15,
        0,
        252,
        198,
        137,
        167,
        32,
        207,
        68,
        94,
        140,
        188,
        13,
        57,
        12,
        57,
        19,
        185,
        12,
        89,
        143,
        108,
        132,
        17,
        50,
        138,
        159,
        233,
        251,
        123,
        200,
        151,
        144,
        119,
        35,
        175,
        16,
        239,
        159,
        50,
        94,
        115,
        240,
        118,
        135,
        211,
        145,
        131,
        145,
        147,
        144,
        123,
        192,
        61,
        212,
        35,
        182,
        23,
        44,
        182,
        63,
        169,
        192,
        155,
        138,
        28,
        136,
        156,
        138,
        108,
        3,
        207,
        146,
        77,
        236,
        39,
        80,
        236,
        215,
        103,
        193,
        123,
        26,
        249,
        8,
        242,
        32,
        140,
        15,
        153,
        196,
        254,
        159,
        246,
        37,
        240,
        252,
        145,
        79,
        35,
        91,
        96,
        98,
        144,
        69,
        28,
        207,
        51,
        19,
        25,
        188,
        39,
        145,
        247,
        34,
        15,
        193,
        196,
        164,
        33,
        113,
        124,
        79,
        78,
        52,
        240,
        230,
        34,
        55,
        128,
        111,
        80,
        131,
        56,
        222,
        113,
        7,
        239,
        9,
        228,
        80,
        240,
        77,
        10,
        21,
        199,
        63,
        46,
        224,
        145,
        108,
        203,
        7,
        223,
        166,
        124,
        113,
        30,
        94,
        5,
        239,
        69,
        100,
        3,
        76,
        14,
        50,
        136,
        243,
        241,
        10,
        120,
        1,
        162,
        25,
        48,
        153,
        200,
        36,
        206,
        203,
        163,
        224,
        45,
        67,
        30,
        134,
        201,
        73,
        52,
        175,
        229,
        158,
        2,
        47,
        96,
        18,
        3,
        231,
        8,
        96,
        128,
        187,
        193,
        123,
        105,
        2,
        219,
        111,
        158,
        176,
        7,
        95,
        114,
        23,
        120,
        254,
        14,
        17,
        14,
        247,
        56,
        160,
        54,
        27,
        52,
        246,
        54,
        66,
        78,
        75,
        22,
        196,
        87,
        199,
        194,
        169,
        194,
        19,
        176,
        243,
        254,
        87,
        176,
        225,
        78,
        16,
        172,
        190,
        241,
        62,
        172,
        72,
        88,
        10,
        1,
        49,
        243,
        97,
        86,
        212,
        203,
        163,
        120,
        94,
        244,
        28,
        88,
        18,
        183,
        8,
        62,
        184,
        177,
        10,
        62,
        75,
        221,
        4,
        251,
        114,
        118,
        195,
        249,
        146,
        179,
        144,
        92,
        127,
        11,
        170,
        140,
        149,
        96,
        177,
        186,
        205,
        169,
        49,
        114,
        180,
        48,
        199,
        142,
        211,
        108,
        142,
        116,
        14,
        26,
        32,
        165,
        225,
        14,
        124,
        155,
        119,
        24,
        130,
        110,
        127,
        4,
        243,
        17,
        132,
        177,
        192,
        184,
        131,
        103,
        95,
        126,
        21,
        214,
        221,
        90,
        3,
        223,
        228,
        254,
        7,
        110,
        35,
        160,
        93,
        166,
        46,
        173,
        102,
        204,
        19,
        90,
        192,
        59,
        230,
        106,
        207,
        213,
        198,
        42,
        248,
        174,
        232,
        36,
        172,
        189,
        249,
        129,
        71,
        128,
        226,
        50,
        129,
        25,
        86,
        122,
        14,
        234,
        123,
        234,
        93,
        153,
        198,
        49,
        87,
        193,
        155,
        163,
        182,
        167,
        62,
        115,
        47,
        92,
        169,
        136,
        130,
        192,
        235,
        239,
        177,
        39,
        183,
        40,
        230,
        77,
        216,
        146,
        254,
        25,
        28,
        205,
        63,
        2,
        9,
        213,
        241,
        144,
        219,
        250,
        80,
        0,
        190,
        109,
        160,
        13,
        6,
        44,
        3,
        98,
        156,
        201,
        38,
        180,
        221,
        62,
        208,
        14,
        58,
        67,
        41,
        164,
        235,
        83,
        133,
        237,
        250,
        213,
        189,
        127,
        194,
        210,
        248,
        197,
        236,
        190,
        62,
        66,
        32,
        147,
        106,
        18,
        193,
        52,
        172,
        202,
        210,
        154,
        163,
        22,
        188,
        169,
        106,
        124,
        213,
        238,
        33,
        163,
        32,
        183,
        222,
        188,
        58,
        87,
        113,
        2,
        175,
        71,
        189,
        2,
        27,
        239,
        4,
        67,
        100,
        217,
        69,
        40,
        239,
        44,
        19,
        228,
        159,
        86,
        170,
        237,
        174,
        133,
        139,
        186,
        112,
        246,
        67,
        163,
        7,
        70,
        215,
        219,
        31,
        142,
        2,
        233,
        165,
        98,
        131,
        82,
        224,
        237,
        103,
        233,
        117,
        219,
        176,
        176,
        210,
        22,
        92,
        125,
        67,
        113,
        192,
        139,
        99,
        23,
        194,
        153,
        226,
        211,
        194,
        138,
        242,
        36,
        21,
        182,
        23,
        194,
        214,
        244,
        207,
        89,
        32,
        210,
        170,
        37,
        101,
        195,
        160,
        3,
        92,
        240,
        102,
        32,
        155,
        149,
        90,
        107,
        233,
        111,
        129,
        160,
        228,
        117,
        138,
        3,
        92,
        24,
        51,
        15,
        46,
        149,
        71,
        192,
        208,
        176,
        119,
        157,
        146,
        252,
        182,
        60,
        92,
        137,
        239,
        178,
        64,
        220,
        150,
        177,
        5,
        149,
        75,
        167,
        92,
        115,
        132,
        199,
        179,
        28,
        240,
        194,
        57,
        3,
        163,
        165,
        175,
        52,
        168,
        29,
        119,
        183,
        10,
        154,
        118,
        220,
        12,
        54,
        124,
        96,
        95,
        63,
        56,
        192,
        2,
        144,
        204,
        163,
        218,
        238,
        26,
        185,
        230,
        46,
        40,
        129,
        247,
        11,
        100,
        171,
        92,
        11,
        36,
        208,
        231,
        49,
        76,
        13,
        146,
        41,
        90,
        169,
        166,
        103,
        8,
        98,
        107,
        141,
        96,
        213,
        40,
        22,
        195,
        75,
        207,
        179,
        0,
        92,
        28,
        27,
        32,
        200,
        79,
        9,
        178,
        138,
        248,
        72,
        130,
        119,
        92,
        110,
        16,
        117,
        216,
        48,
        71,
        190,
        197,
        85,
        197,
        104,
        154,
        172,
        190,
        207,
        12,
        155,
        239,
        53,
        194,
        180,
        115,
        69,
        240,
        163,
        51,
        133,
        240,
        114,
        108,
        5,
        36,
        235,
        181,
        37,
        219,
        78,
        23,
        157,
        98,
        1,
        248,
        78,
        210,
        10,
        65,
        179,
        203,
        196,
        0,
        157,
        130,
        247,
        67,
        185,
        100,
        13,
        89,
        239,
        28,
        109,
        22,
        154,
        255,
        173,
        166,
        149,
        22,
        148,
        209,
        0,
        63,
        57,
        59,
        2,
        218,
        88,
        14,
        184,
        86,
        13,
        15,
        219,
        7,
        92,
        106,
        155,
        204,
        29,
        242,
        74,
        56,
        0,
        210,
        86,
        151,
        32,
        194,
        231,
        7,
        206,
        192,
        251,
        88,
        174,
        243,
        200,
        178,
        8,
        198,
        83,
        91,
        142,
        114,
        102,
        200,
        237,
        160,
        141,
        229,
        85,
        119,
        234,
        160,
        194,
        168,
        94,
        1,
        53,
        247,
        53,
        193,
        220,
        43,
        179,
        88,
        158,
        74,
        99,
        175,
        94,
        170,
        153,
        32,
        103,
        224,
        101,
        75,
        170,
        26,
        171,
        25,
        222,
        138,
        93,
        160,
        216,
        105,
        124,
        117,
        156,
        219,
        64,
        155,
        134,
        223,
        45,
        185,
        81,
        35,
        9,
        40,
        125,
        191,
        241,
        174,
        30,
        90,
        6,
        212,
        249,
        179,
        92,
        5,
        66,
        222,
        145,
        4,
        229,
        140,
        5,
        111,
        186,
        92,
        135,
        105,
        104,
        209,
        115,
        58,
        172,
        66,
        207,
        128,
        67,
        101,
        184,
        106,
        214,
        165,
        73,
        175,
        52,
        90,
        89,
        213,
        61,
        35,
        43,
        184,
        184,
        115,
        16,
        22,
        224,
        118,
        149,
        90,
        133,
        211,
        207,
        23,
        193,
        191,
        30,
        180,
        160,
        161,
        206,
        139,
        150,
        233,
        58,
        117,
        76,
        111,
        228,
        67,
        185,
        102,
        252,
        29,
        193,
        91,
        47,
        119,
        229,
        254,
        156,
        189,
        172,
        14,
        201,
        246,
        83,
        2,
        109,
        77,
        106,
        61,
        60,
        37,
        1,
        196,
        188,
        196,
        42,
        200,
        110,
        235,
        119,
        34,
        175,
        0,
        162,
        107,
        140,
        240,
        235,
        75,
        58,
        73,
        16,
        127,
        126,
        161,
        4,
        142,
        20,
        181,
        195,
        224,
        176,
        85,
        17,
        64,
        138,
        204,
        40,
        205,
        133,
        44,
        10,
        25,
        90,
        239,
        8,
        94,
        162,
        220,
        149,
        159,
        166,
        108,
        96,
        129,
        39,
        229,
        124,
        43,
        129,
        246,
        171,
        136,
        82,
        72,
        168,
        235,
        86,
        156,
        116,
        191,
        197,
        10,
        95,
        230,
        52,
        203,
        202,
        195,
        23,
        16,
        224,
        171,
        53,
        242,
        17,
        180,
        147,
        133,
        199,
        133,
        57,
        41,
        177,
        12,
        37,
        218,
        193,
        163,
        42,
        35,
        217,
        145,
        127,
        158,
        182,
        153,
        5,
        94,
        118,
        75,
        214,
        35,
        247,
        14,
        224,
        132,
        183,
        102,
        53,
        193,
        140,
        176,
        98,
        217,
        73,
        191,
        157,
        92,
        11,
        186,
        46,
        249,
        202,
        12,
        50,
        87,
        254,
        120,
        165,
        76,
        182,
        157,
        213,
        41,
        245,
        208,
        220,
        111,
        6,
        15,
        19,
        217,
        77,
        83,
        8,
        188,
        153,
        138,
        9,
        78,
        52,
        63,
        56,
        224,
        81,
        164,
        67,
        178,
        55,
        243,
        48,
        132,
        150,
        116,
        192,
        239,
        46,
        75,
        79,
        158,
        86,
        230,
        250,
        244,
        6,
        168,
        235,
        29,
        173,
        177,
        107,
        81,
        254,
        173,
        68,
        112,
        229,
        64,
        251,
        83,
        116,
        57,
        164,
        52,
        245,
        122,
        211,
        129,
        153,
        233,
        39,
        38,
        61,
        100,
        41,
        175,
        45,
        151,
        5,
        222,
        218,
        155,
        171,
        21,
        123,
        36,
        111,
        225,
        90,
        67,
        15,
        188,
        117,
        93,
        90,
        9,
        144,
        113,
        28,
        130,
        171,
        181,
        178,
        219,
        4,
        59,
        31,
        182,
        192,
        79,
        207,
        21,
        201,
        42,
        140,
        175,
        11,
        218,
        208,
        68,
        178,
        129,
        151,
        105,
        57,
        129,
        183,
        139,
        99,
        96,
        18,
        48,
        28,
        0,
        201,
        239,
        229,
        82,
        89,
        151,
        9,
        62,
        205,
        108,
        132,
        159,
        157,
        47,
        102,
        217,
        119,
        99,
        153,
        86,
        227,
        216,
        85,
        234,
        69,
        218,
        77,
        224,
        69,
        114,
        174,
        44,
        104,
        207,
        103,
        129,
        183,
        230,
        70,
        160,
        96,
        23,
        170,
        161,
        46,
        211,
        48,
        28,
        70,
        77,
        249,
        219,
        40,
        29,
        27,
        184,
        63,
        227,
        54,
        221,
        145,
        221,
        4,
        251,
        242,
        90,
        225,
        100,
        105,
        7,
        196,
        160,
        15,
        156,
        139,
        222,
        71,
        143,
        217,
        234,
        45,
        240,
        34,
        101,
        141,
        99,
        87,
        253,
        67,
        50,
        109,
        108,
        46,
        212,
        49,
        90,
        108,
        54,
        136,
        71,
        173,
        43,
        103,
        215,
        113,
        152,
        52,
        110,
        96,
        74,
        29,
        28,
        71,
        25,
        91,
        110,
        244,
        88,
        40,
        44,
        155,
        192,
        211,
        169,
        241,
        15,
        119,
        101,
        237,
        100,
        1,
        120,
        224,
        193,
        94,
        77,
        217,
        172,
        66,
        195,
        32,
        108,
        64,
        15,
        194,
        63,
        172,
        88,
        19,
        144,
        196,
        127,
        64,
        13,
        189,
        7,
        87,
        168,
        155,
        183,
        120,
        53,
        129,
        215,
        168,
        230,
        14,
        171,
        205,
        10,
        71,
        242,
        190,
        97,
        1,
        72,
        193,
        210,
        250,
        158,
        58,
        141,
        49,
        57,
        155,
        224,
        61,
        180,
        15,
        90,
        4,
        173,
        155,
        217,
        210,
        7,
        23,
        43,
        59,
        5,
        48,
        222,
        71,
        79,
        228,
        133,
        75,
        252,
        173,
        78,
        218,
        252,
        61,
        188,
        39,
        175,
        99,
        192,
        29,
        224,
        25,
        253,
        148,
        108,
        60,
        41,
        186,
        94,
        123,
        141,
        21,
        158,
        34,
        39,
        155,
        182,
        49,
        57,
        229,
        158,
        34,
        242,
        145,
        79,
        160,
        220,
        155,
        157,
        80,
        201,
        6,
        242,
        195,
        84,
        205,
        246,
        160,
        217,
        79,
        203,
        221,
        109,
        253,
        173,
        240,
        101,
        230,
        14,
        214,
        42,
        164,
        196,
        15,
        133,
        132,
        18,
        107,
        226,
        161,
        99,
        176,
        195,
        99,
        64,
        150,
        160,
        47,
        44,
        231,
        205,
        56,
        242,
        115,
        225,
        37,
        16,
        85,
        229,
        122,
        110,
        215,
        229,
        149,
        231,
        72,
        69,
        29,
        133,
        16,
        194,
        76,
        186,
        216,
        121,
        213,
        181,
        119,
        96,
        55,
        202,
        207,
        11,
        186,
        48,
        184,
        93,
        159,
        12,
        165,
        134,
        18,
        104,
        69,
        223,
        152,
        2,
        145,
        238,
        200,
        252,
        23,
        24,
        6,
        224,
        47,
        87,
        203,
        89,
        171,
        48,
        228,
        126,
        19,
        12,
        171,
        207,
        226,
        153,
        85,
        203,
        60,
        57,
        34,
        249,
        118,
        162,
        32,
        20,
        150,
        37,
        44,
        209,
        156,
        172,
        38,
        145,
        64,
        158,
        77,
        83,
        159,
        235,
        195,
        51,
        161,
        188,
        252,
        24,
        61,
        22,
        14,
        128,
        107,
        211,
        26,
        212,
        2,
        104,
        84,
        165,
        109,
        213,
        104,
        229,
        202,
        174,
        10,
        97,
        85,
        81,
        102,
        138,
        210,
        142,
        174,
        130,
        72,
        219,
        125,
        123,
        70,
        8,
        228,
        180,
        100,
        187,
        100,
        254,
        208,
        29,
        193,
        25,
        122,
        22,
        128,
        95,
        228,
        52,
        171,
        214,
        182,
        57,
        222,
        176,
        40,
        169,
        110,
        132,
        188,
        15,
        170,
        33,
        161,
        168,
        52,
        5,
        27,
        169,
        74,
        128,
        178,
        248,
        106,
        182,
        122,
        116,
        229,
        21,
        232,
        55,
        247,
        171,
        214,
        216,
        175,
        196,
        85,
        176,
        0,
        84,
        145,
        43,
        201,
        102,
        123,
        24,
        238,
        38,
        163,
        201,
        136,
        90,
        120,
        143,
        203,
        91,
        154,
        204,
        37,
        53,
        102,
        16,
        197,
        9,
        57,
        224,
        253,
        30,
        109,
        66,
        11,
        111,
        251,
        70,
        178,
        124,
        91,
        183,
        110,
        105,
        28,
        24,
        105,
        92,
        185,
        188,
        47,
        109,
        213,
        131,
        15,
        246,
        67,
        5,
        110,
        253,
        61,
        217,
        187,
        132,
        207,
        82,
        215,
        82,
        184,
        44,
        179,
        233,
        46,
        171,
        108,
        99,
        126,
        82,
        21,
        11,
        64,
        78,
        108,
        209,
        238,
        219,
        46,
        247,
        22,
        112,
        20,
        166,
        15,
        190,
        189,
        94,
        49,
        50,
        67,
        154,
        119,
        84,
        72,
        170,
        187,
        6,
        190,
        184,
        187,
        77,
        246,
        190,
        183,
        19,
        151,
        9,
        149,
        9,
        61,
        67,
        210,
        219,
        142,
        108,
        65,
        14,
        120,
        164,
        100,
        24,
        180,
        130,
        21,
        207,
        211,
        74,
        84,
        80,
        115,
        12,
        53,
        39,
        25,
        204,
        114,
        101,
        25,
        36,
        207,
        200,
        131,
        145,
        180,
        225,
        58,
        138,
        97,
        83,
        202,
        39,
        138,
        225,
        115,
        74,
        242,
        244,
        58,
        201,
        189,
        82,
        224,
        128,
        3,
        222,
        172,
        248,
        74,
        118,
        60,
        79,
        54,
        146,
        188,
        16,
        157,
        116,
        37,
        166,
        44,
        150,
        108,
        204,
        26,
        183,
        41,
        129,
        35,
        55,
        105,
        82,
        30,
        156,
        180,
        37,
        173,
        222,
        119,
        147,
        86,
        74,
        182,
        19,
        146,
        254,
        143,
        71,
        86,
        174,
        157,
        200,
        197,
        227,
        128,
        71,
        73,
        118,
        110,
        36,
        89,
        54,
        135,
        241,
        12,
        195,
        49,
        167,
        224,
        165,
        73,
        33,
        24,
        73,
        101,
        104,
        100,
        3,
        206,
        139,
        158,
        45,
        187,
        245,
        168,
        130,
        212,
        153,
        73,
        66,
        246,
        30,
        25,
        213,
        82,
        242,
        143,
        114,
        14,
        82,
        160,
        253,
        111,
        12,
        195,
        44,
        240,
        40,
        185,
        174,
        64,
        137,
        142,
        9,
        160,
        79,
        164,
        174,
        154,
        195,
        244,
        23,
        19,
        121,
        66,
        86,
        112,
        205,
        14,
        61,
        60,
        8,
        115,
        46,
        191,
        38,
        9,
        34,
        213,
        38,
        83,
        237,
        30,
        145,
        97,
        208,
        0,
        135,
        115,
        15,
        73,
        38,
        171,
        9,
        52,
        110,
        0,
        182,
        141,
        185,
        242,
        40,
        62,
        168,
        64,
        27,
        28,
        193,
        243,
        151,
        186,
        106,
        95,
        126,
        43,
        171,
        195,
        229,
        183,
        106,
        85,
        201,
        65,
        42,
        232,
        150,
        91,
        73,
        246,
        45,
        40,
        85,
        48,
        169,
        6,
        52,
        59,
        81,
        248,
        159,
        179,
        139,
        12,
        38,
        197,
        28,
        240,
        168,
        188,
        173,
        164,
        177,
        76,
        69,
        55,
        211,
        206,
        241,
        202,
        32,
        156,
        229,
        92,
        149,
        104,
        68,
        147,
        110,
        103,
        219,
        120,
        174,
        128,
        70,
        68,
        174,
        215,
        107,
        113,
        202,
        187,
        136,
        162,
        211,
        10,
        244,
        72,
        197,
        128,
        108,
        173,
        202,
        118,
        108,
        144,
        3,
        30,
        57,
        226,
        38,
        23,
        19,
        49,
        36,
        175,
        54,
        167,
        110,
        116,
        59,
        104,
        118,
        58,
        88,
        208,
        166,
        56,
        254,
        231,
        35,
        75,
        57,
        149,
        7,
        78,
        107,
        85,
        168,
        74,
        202,
        105,
        204,
        186,
        207,
        98,
        133,
        191,
        198,
        148,
        179,
        29,
        108,
        45,
        121,
        44,
        170,
        255,
        163,
        215,
        13,
        220,
        5,
        26,
        209,
        229,
        234,
        46,
        248,
        241,
        89,
        229,
        237,
        122,
        191,
        85,
        113,
        231,
        12,
        138,
        56,
        57,
        173,
        207,
        59,
        33,
        117,
        23,
        133,
        176,
        185,
        81,
        219,
        77,
        153,
        122,
        87,
        66,
        60,
        163,
        2,
        11,
        153,
        77,
        25,
        80,
        216,
        94,
        160,
        217,
        198,
        60,
        173,
        51,
        40,
        2,
        71,
        191,
        19,
        192,
        12,
        58,
        14,
        174,
        86,
        134,
        18,
        128,
        148,
        92,
        230,
        0,
        248,
        247,
        155,
        53,
        168,
        89,
        199,
        239,
        152,
        1,
        202,
        200,
        173,
        77,
        173,
        87,
        28,
        39,
        229,
        72,
        146,
        234,
        187,
        121,
        207,
        84,
        161,
        50,
        148,
        56,
        66,
        214,
        58,
        52,
        91,
        133,
        173,
        201,
        1,
        240,
        249,
        136,
        82,
        33,
        82,
        235,
        205,
        116,
        180,
        217,
        106,
        131,
        239,
        112,
        181,
        253,
        242,
        98,
        137,
        226,
        248,
        72,
        20,
        81,
        238,
        152,
        73,
        17,
        192,
        40,
        232,
        166,
        170,
        111,
        197,
        224,
        254,
        77,
        125,
        143,
        108,
        233,
        132,
        35,
        83,
        56,
        136,
        106,
        139,
        45,
        54,
        207,
        193,
        72,
        54,
        220,
        161,
        194,
        54,
        217,
        74,
        42,
        59,
        83,
        146,
        157,
        170,
        12,
        204,
        252,
        98,
        103,
        118,
        53,
        60,
        241,
        1,
        238,
        83,
        62,
        83,
        102,
        96,
        13,
        216,
        190,
        18,
        73,
        115,
        83,
        6,
        76,
        43,
        144,
        116,
        55,
        21,
        6,
        81,
        110,
        118,
        41,
        138,
        8,
        37,
        185,
        102,
        47,
        205,
        216,
        150,
        213,
        4,
        173,
        3,
        170,
        197,
        201,
        65,
        80,
        249,
        6,
        144,
        158,
        219,
        50,
        1,
        65,
        97,
        28,
        170,
        63,
        121,
        138,
        153,
        189,
        34,
        183,
        143,
        174,
        167,
        146,
        49,
        74,
        37,
        102,
        52,
        247,
        65,
        85,
        183,
        73,
        48,
        80,
        45,
        226,
        138,
        32,
        179,
        135,
        38,
        74,
        37,
        106,
        247,
        196,
        148,
        35,
        93,
        79,
        21,
        85,
        244,
        32,
        184,
        153,
        178,
        23,
        209,
        132,
        58,
        90,
        220,
        46,
        200,
        65,
        23,
        72,
        245,
        27,
        64,
        246,
        227,
        62,
        84,
        19,
        149,
        185,
        158,
        66,
        247,
        134,
        252,
        67,
        174,
        113,
        237,
        9,
        126,
        21,
        69,
        5,
        21,
        9,
        81,
        54,
        77,
        35,
        189,
        1,
        222,
        126,
        235,
        145,
        136,
        138,
        17,
        73,
        54,
        254,
        27,
        39,
        65,
        209,
        151,
        25,
        110,
        200,
        254,
        59,
        227,
        103,
        195,
        139,
        133,
        64,
        39,
        121,
        7,
        113,
        181,
        221,
        66,
        244,
        196,
        77,
        228,
        242,
        91,
        143,
        110,
        123,
        223,
        214,
        81,
        78,
        145,
        185,
        67,
        62,
        38,
        109,
        163,
        45,
        247,
        27,
        97,
        5,
        250,
        196,
        175,
        199,
        87,
        10,
        114,
        147,
        242,
        168,
        99,
        129,
        33,
        192,
        127,
        19,
        165,
        131,
        191,
        197,
        84,
        8,
        15,
        128,
        52,
        253,
        174,
        220,
        22,
        8,
        171,
        232,
        132,
        180,
        230,
        94,
        168,
        199,
        246,
        60,
        164,
        134,
        52,
        191,
        111,
        235,
        145,
        55,
        189,
        125,
        128,
        220,
        242,
        166,
        247,
        227,
        51,
        6,
        220,
        116,
        186,
        197,
        34,
        248,
        255,
        56,
        221,
        98,
        17,
        60,
        62,
        87,
        197,
        37,
        224,
        60,
        118,
        174,
        138,
        227,
        249,
        42,
        67,
        147,
        112,
        171,
        122,
        252,
        68,
        31,
        199,
        179,
        164,
        58,
        39,
        9,
        112,
        157,
        224,
        197,
        179,
        164,
        28,
        181,
        112,
        129,
        143,
        3,
        71,
        227,
        119,
        249,
        68,
        199,
        199,
        231,
        231,
        77,
        144,
        147,
        27,
        245,
        62,
        2,
        154,
        30,
        38,
        200,
        201,
        141,
        190,
        120,
        102,
        232,
        84,
        152,
        192,
        167,
        213,
        82,
        220,
        235,
        12,
        76,
        172,
        211,
        106,
        105,
        60,
        207,
        129,
        143,
        157,
        147,
        124,
        20,
        198,
        239,
        160,
        66,
        147,
        232,
        216,
        251,
        212,
        57,
        201,
        99,
        249,
        123,
        48,
        114,
        98,
        118,
        58,
        120,
        231,
        132,
        238,
        116,
        177,
        191,
        239,
        3,
        60,
        62,
        27,
        94,
        137,
        38,
        245,
        217,
        240,
        156,
        127,
        37,
        216,
        14,
        35,
        255,
        74,
        112,
        31,
        185,
        86,
        52,
        92,
        135,
        29,
        220,
        166,
        78,
        241,
        123,
        250,
        221,
        254,
        175,
        4,
        43,
        97,
        156,
        255,
        149,
        224,
        191,
        215,
        45,
        130,
        4,
        179,
        143,
        236,
        180,
        0,
        0,
        0,
        0,
        73,
        69,
        78,
        68,
        174,
        66,
        96,
        130
      ]
    },
    "stat": {
      "dev": 16777220,
      "mode": 33188,
      "nlink": 1,
      "uid": 501,
      "gid": 20,
      "rdev": 0,
      "blksize": 4194304,
      "ino": 2088762,
      "size": 4953,
      "blocks": 16,
      "atime": "2018-04-17T07:59:11.793Z",
      "mtime": "2018-03-22T08:50:41.037Z",
      "ctime": "2018-03-22T08:50:41.037Z",
      "birthtime": "2018-03-22T08:50:41.037Z"
    },
    "history": [
      "/Users/jiangheng/Desktop/work-code/xxd-h5/src/mods/openaccount/yhimgs/msyh@2x.png"
    ],
    "path": "/Users/jiangheng/Desktop/work-code/xxd-h5/src/mods/openaccount/yhimgs/msyh@2x.png",
    "gulpCache$filePathChangedInsideTask": false,
    "gulpCache$fileBaseChangedInsideTask": false,
    "gulpCache$originalPath": "/Users/jiangheng/Desktop/work-code/xxd-h5/src/mods/openaccount/yhimgs/msyh@2x.png",
    "gulpCache$originalBase": "/Users/jiangheng/Desktop/work-code/xxd-h5/src/mods/"
  }
]