[
  {
    "cwd": "/Users/jiangheng/Desktop/work-code/xxd-h5",
    "base": "/Users/jiangheng/Desktop/work-code/xxd-h5/src/mods/",
    "contents": {
      "type": "Buffer",
      "data": [
        137,
        80,
        78,
        71,
        13,
        10,
        26,
        10,
        0,
        0,
        0,
        13,
        73,
        72,
        68,
        82,
        0,
        0,
        0,
        79,
        0,
        0,
        0,
        79,
        8,
        6,
        0,
        0,
        0,
        170,
        52,
        152,
        134,
        0,
        0,
        8,
        215,
        73,
        68,
        65,
        84,
        120,
        218,
        237,
        93,
        251,
        115,
        77,
        87,
        20,
        206,
        140,
        223,
        252,
        64,
        91,
        127,
        1,
        226,
        81,
        213,
        160,
        90,
        138,
        26,
        149,
        122,
        86,
        168,
        146,
        212,
        99,
        188,
        106,
        166,
        24,
        29,
        175,
        210,
        215,
        32,
        84,
        41,
        194,
        160,
        70,
        17,
        161,
        131,
        122,
        38,
        85,
        165,
        148,
        106,
        209,
        106,
        228,
        253,
        70,
        226,
        145,
        68,
        36,
        55,
        33,
        242,
        142,
        72,
        114,
        147,
        155,
        236,
        238,
        239,
        56,
        153,
        185,
        174,
        156,
        115,
        214,
        57,
        251,
        156,
        251,
        40,
        107,
        230,
        155,
        204,
        220,
        156,
        179,
        247,
        218,
        223,
        61,
        103,
        239,
        181,
        214,
        94,
        123,
        93,
        191,
        206,
        1,
        209,
        126,
        30,
        66,
        27,
        142,
        0,
        142,
        73,
        28,
        161,
        28,
        71,
        56,
        98,
        57,
        110,
        113,
        216,
        56,
        42,
        57,
        152,
        252,
        215,
        38,
        127,
        30,
        199,
        241,
        51,
        71,
        24,
        199,
        12,
        249,
        254,
        54,
        158,
        26,
        131,
        187,
        59,
        236,
        196,
        177,
        132,
        227,
        60,
        71,
        181,
        76,
        142,
        40,
        170,
        229,
        246,
        150,
        200,
        237,
        255,
        175,
        200,
        107,
        207,
        49,
        135,
        227,
        10,
        71,
        179,
        73,
        132,
        41,
        161,
        89,
        238,
        103,
        142,
        220,
        175,
        207,
        146,
        215,
        145,
        99,
        39,
        71,
        157,
        197,
        132,
        41,
        161,
        94,
        238,
        191,
        163,
        47,
        145,
        231,
        207,
        177,
        159,
        163,
        209,
        67,
        164,
        185,
        162,
        81,
        214,
        167,
        139,
        55,
        147,
        215,
        142,
        99,
        51,
        135,
        221,
        75,
        72,
        115,
        133,
        93,
        214,
        175,
        157,
        183,
        145,
        55,
        150,
        163,
        192,
        75,
        73,
        115,
        69,
        129,
        172,
        175,
        199,
        201,
        107,
        203,
        177,
        199,
        71,
        72,
        115,
        197,
        30,
        89,
        127,
        143,
        144,
        135,
        185,
        45,
        221,
        71,
        137,
        107,
        65,
        186,
        60,
        14,
        183,
        146,
        55,
        132,
        163,
        76,
        84,
        249,
        215,
        222,
        138,
        97,
        33,
        51,
        210,
        89,
        232,
        218,
        108,
        118,
        56,
        242,
        62,
        75,
        72,
        174,
        98,
        165,
        101,
        13,
        172,
        185,
        153,
        61,
        37,
        77,
        77,
        76,
        250,
        28,
        255,
        199,
        117,
        184,
        30,
        247,
        225,
        126,
        19,
        8,
        44,
        147,
        199,
        227,
        22,
        242,
        130,
        101,
        51,
        192,
        144,
        178,
        189,
        7,
        198,
        178,
        5,
        203,
        110,
        178,
        19,
        167,
        138,
        217,
        163,
        26,
        7,
        19,
        17,
        220,
        143,
        118,
        208,
        94,
        175,
        1,
        177,
        162,
        102,
        77,
        176,
        213,
        228,
        77,
        227,
        112,
        24,
        81,
        112,
        228,
        248,
        20,
        118,
        234,
        236,
        67,
        86,
        95,
        223,
        196,
        172,
        144,
        218,
        186,
        38,
        118,
        52,
        234,
        62,
        27,
        241,
        65,
        178,
        81,
        2,
        49,
        174,
        233,
        86,
        145,
        23,
        108,
        132,
        184,
        225,
        227,
        146,
        217,
        153,
        243,
        37,
        207,
        188,
        138,
        86,
        9,
        250,
        65,
        127,
        129,
        65,
        73,
        70,
        9,
        12,
        54,
        155,
        188,
        64,
        189,
        246,
        91,
        15,
        62,
        31,
        237,
        218,
        91,
        192,
        26,
        27,
        221,
        196,
        154,
        139,
        212,
        241,
        39,
        124,
        195,
        150,
        187,
        172,
        219,
        27,
        87,
        141,
        216,
        131,
        129,
        102,
        145,
        231,
        239,
        20,
        225,
        32,
        97,
        226,
        180,
        116,
        150,
        115,
        183,
        150,
        121,
        131,
        100,
        231,
        214,
        74,
        250,
        232,
        36,
        176,
        146,
        178,
        10,
        83,
        236,
        56,
        178,
        57,
        226,
        223,
        43,
        154,
        133,
        109,
        203,
        147,
        86,
        71,
        35,
        130,
        251,
        30,
        20,
        219,
        89,
        90,
        70,
        53,
        251,
        235,
        114,
        25,
        251,
        243,
        210,
        19,
        92,
        141,
        171,
        96,
        69,
        247,
        235,
        13,
        19,
        232,
        104,
        106,
        102,
        203,
        215,
        100,
        27,
        49,
        99,
        218,
        138,
        144,
        23,
        174,
        135,
        56,
        152,
        17,
        122,
        231,
        167,
        216,
        132,
        74,
        182,
        54,
        44,
        87,
        154,
        232,
        187,
        246,
        86,
        127,
        197,
        122,
        246,
        143,
        101,
        227,
        38,
        165,
        177,
        213,
        235,
        115,
        216,
        63,
        209,
        229,
        186,
        231,
        209,
        157,
        17,
        5,
        146,
        158,
        58,
        8,
        12,
        55,
        74,
        94,
        16,
        181,
        147,
        238,
        125,
        175,
        178,
        95,
        207,
        60,
        36,
        15,
        162,
        162,
        162,
        145,
        109,
        221,
        113,
        143,
        13,
        26,
        158,
        32,
        100,
        163,
        13,
        25,
        157,
        196,
        194,
        127,
        180,
        177,
        242,
        138,
        6,
        114,
        223,
        208,
        19,
        250,
        234,
        232,
        39,
        72,
        47,
        121,
        237,
        169,
        190,
        42,
        190,
        73,
        152,
        32,
        20,
        121,
        88,
        98,
        151,
        158,
        50,
        60,
        65,
        102,
        122,
        10,
        48,
        150,
        87,
        240,
        215,
        178,
        164,
        148,
        70,
        34,
        244,
        213,
        241,
        4,
        218,
        148,
        98,
        131,
        74,
        228,
        109,
        161,
        42,
        30,
        177,
        223,
        70,
        82,
        248,
        8,
        183,
        193,
        122,
        246,
        139,
        49,
        149,
        180,
        129,
        195,
        18,
        216,
        188,
        197,
        89,
        210,
        23,
        2,
        236,
        59,
        88,
        200,
        28,
        14,
        218,
        187,
        12,
        189,
        117,
        244,
        181,
        149,
        74,
        94,
        87,
        142,
        6,
        74,
        163,
        95,
        133,
        222,
        209,
        84,
        242,
        241,
        99,
        7,
        155,
        187,
        40,
        211,
        20,
        178,
        186,
        246,
        185,
        202,
        62,
        89,
        144,
        201,
        206,
        93,
        40,
        101,
        85,
        213,
        141,
        194,
        43,
        49,
        244,
        39,
        246,
        13,
        62,
        186,
        81,
        200,
        59,
        74,
        105,
        112,
        244,
        132,
        20,
        102,
        183,
        171,
        47,
        171,
        133,
        69,
        245,
        44,
        40,
        36,
        85,
        152,
        52,
        216,
        140,
        235,
        54,
        229,
        10,
        173,
        184,
        173,
        9,
        244,
        199,
        56,
        136,
        122,
        28,
        211,
        34,
        175,
        7,
        71,
        19,
        229,
        9,
        184,
        118,
        227,
        145,
        170,
        98,
        89,
        183,
        106,
        88,
        255,
        161,
        241,
        194,
        196,
        141,
        250,
        48,
        69,
        178,
        213,
        172,
        18,
        140,
        3,
        227,
        33,
        232,
        210,
        36,
        243,
        163,
        72,
        94,
        4,
        101,
        64,
        155,
        183,
        231,
        169,
        42,
        132,
        213,
        239,
        189,
        160,
        100,
        177,
        87,
        148,
        155,
        45,
        240,
        16,
        180,
        158,
        110,
        51,
        4,
        227,
        209,
        17,
        3,
        108,
        149,
        188,
        14,
        148,
        205,
        26,
        152,
        7,
        106,
        206,
        61,
        6,
        59,
        246,
        163,
        84,
        97,
        226,
        168,
        43,
        184,
        25,
        130,
        241,
        96,
        92,
        4,
        221,
        192,
        207,
        43,
        173,
        145,
        183,
        136,
        50,
        48,
        45,
        123,
        110,
        205,
        134,
        28,
        33,
        226,
        96,
        66,
        68,
        158,
        124,
        224,
        118,
        55,
        238,
        244,
        239,
        15,
        169,
        58,
        46,
        110,
        141,
        188,
        68,
        173,
        27,
        17,
        169,
        80,
        179,
        234,
        99,
        226,
        43,
        245,
        90,
        240,
        207,
        0,
        198,
        179,
        39,
        4,
        227,
        122,
        103,
        68,
        34,
        69,
        199,
        36,
        87,
        242,
        58,
        81,
        6,
        118,
        232,
        184,
        178,
        251,
        133,
        232,
        137,
        64,
        44,
        77,
        194,
        228,
        143,
        51,
        36,
        63,
        148,
        236,
        169,
        84,
        54,
        74,
        193,
        80,
        184,
        107,
        48,
        135,
        38,
        76,
        77,
        99,
        227,
        167,
        164,
        177,
        101,
        203,
        111,
        179,
        227,
        39,
        30,
        232,
        14,
        78,
        224,
        139,
        35,
        234,
        234,
        239,
        76,
        222,
        66,
        173,
        27,
        2,
        6,
        196,
        74,
        54,
        155,
        146,
        128,
        88,
        17,
        226,
        250,
        12,
        138,
        99,
        247,
        31,
        216,
        73,
        131,
        132,
        201,
        178,
        242,
        219,
        108,
        246,
        234,
        155,
        234,
        70,
        119,
        151,
        222,
        209,
        108,
        230,
        220,
        235,
        44,
        243,
        102,
        13,
        217,
        109,
        124,
        253,
        109,
        146,
        247,
        179,
        208,
        153,
        188,
        115,
        90,
        55,
        32,
        212,
        173,
        54,
        225,
        14,
        8,
        20,
        243,
        83,
        41,
        65,
        5,
        68,
        93,
        182,
        239,
        206,
        215,
        235,
        155,
        74,
        166,
        200,
        90,
        110,
        39,
        82,
        98,
        139,
        24,
        39,
        161,
        205,
        115,
        45,
        228,
        33,
        203,
        168,
        74,
        235,
        134,
        147,
        191,
        21,
        43,
        118,
        24,
        117,
        178,
        88,
        136,
        56,
        16,
        79,
        49,
        73,
        62,
        95,
        113,
        91,
        168,
        159,
        57,
        11,
        51,
        53,
        9,
        196,
        98,
        69,
        76,
        46,
        106,
        227,
        39,
        167,
        105,
        105,
        58,
        222,
        106,
        175,
        236,
        172,
        121,
        215,
        133,
        6,
        181,
        35,
        60,
        95,
        147,
        184,
        77,
        219,
        242,
        76,
        113,
        241,
        224,
        222,
        169,
        197,
        27,
        49,
        117,
        16,
        219,
        10,
        240,
        147,
        55,
        61,
        52,
        35,
        195,
        106,
        6,
        177,
        86,
        28,
        78,
        203,
        52,
        41,
        40,
        84,
        119,
        187,
        226,
        19,
        43,
        77,
        13,
        40,
        32,
        128,
        160,
        38,
        195,
        198,
        146,
        22,
        190,
        233,
        32,
        111,
        163,
        102,
        0,
        96,
        149,
        114,
        0,
        224,
        226,
        223,
        101,
        66,
        3,
        25,
        49,
        62,
        89,
        211,
        132,
        24,
        58,
        38,
        201,
        84,
        242,
        176,
        248,
        97,
        113,
        80,
        146,
        175,
        87,
        147,
        2,
        6,
        97,
        32,
        47,
        74,
        235,
        194,
        131,
        71,
        138,
        148,
        95,
        167,
        239,
        197,
        94,
        39,
        204,
        99,
        106,
        130,
        16,
        188,
        21,
        217,
        2,
        187,
        246,
        21,
        40,
        246,
        121,
        128,
        143,
        151,
        208,
        70,
        20,
        201,
        56,
        198,
        107,
        163,
        36,
        83,
        102,
        95,
        179,
        244,
        21,
        130,
        205,
        102,
        5,
        121,
        48,
        97,
        4,
        223,
        166,
        68,
        144,
        119,
        83,
        235,
        66,
        68,
        128,
        149,
        68,
        52,
        114,
        114,
        225,
        98,
        169,
        234,
        198,
        141,
        96,
        38,
        128,
        170,
        183,
        164,
        36,
        169,
        233,
        213,
        148,
        54,
        114,
        65,
        94,
        161,
        214,
        133,
        74,
        86,
        127,
        67,
        67,
        179,
        240,
        32,
        146,
        83,
        171,
        21,
        7,
        81,
        92,
        98,
        183,
        132,
        184,
        150,
        125,
        23,
        37,
        87,
        51,
        239,
        94,
        29,
        105,
        123,
        210,
        143,
        98,
        227,
        169,
        89,
        250,
        162,
        131,
        184,
        147,
        243,
        88,
        177,
        125,
        108,
        67,
        14,
        25,
        149,
        168,
        11,
        122,
        250,
        46,
        86,
        120,
        163,
        106,
        106,
        28,
        164,
        232,
        178,
        31,
        165,
        19,
        19,
        108,
        34,
        69,
        80,
        93,
        39,
        170,
        232,
        233,
        219,
        86,
        84,
        47,
        212,
        142,
        208,
        147,
        87,
        91,
        235,
        240,
        105,
        242,
        10,
        21,
        200,
        67,
        210,
        16,
        245,
        201,
        211,
        156,
        243,
        212,
        44,
        114,
        3,
        185,
        32,
        94,
        67,
        30,
        230,
        236,
        214,
        36,
        191,
        128,
        62,
        231,
        9,
        173,
        182,
        253,
        222,
        141,
        247,
        73,
        242,
        96,
        37,
        152,
        177,
        218,
        38,
        137,
        216,
        121,
        99,
        130,
        83,
        125,
        146,
        60,
        196,
        14,
        205,
        176,
        243,
        132,
        60,
        140,
        111,
        214,
        139,
        133,
        221,
        241,
        45,
        123,
        130,
        60,
        120,
        70,
        74,
        242,
        211,
        81,
        186,
        135,
        161,
        233,
        219,
        34,
        240,
        40,
        24,
        194,
        49,
        244,
        84,
        91,
        73,
        222,
        191,
        49,
        21,
        138,
        109,
        132,
        174,
        203,
        33,
        251,
        182,
        154,
        81,
        21,
        36,
        79,
        171,
        217,
        98,
        86,
        146,
        135,
        36,
        197,
        234,
        71,
        14,
        50,
        40,
        125,
        34,
        2,
        173,
        150,
        15,
        141,
        20,
        96,
        66,
        59,
        51,
        76,
        137,
        231,
        97,
        239,
        192,
        42,
        242,
        190,
        88,
        105,
        190,
        111,
        251,
        233,
        210,
        44,
        211,
        226,
        121,
        164,
        72,
        242,
        47,
        167,
        149,
        35,
        201,
        251,
        15,
        23,
        249,
        20,
        121,
        151,
        175,
        148,
        155,
        22,
        73,
        22,
        222,
        195,
        192,
        235,
        130,
        13,
        28,
        95,
        32,
        15,
        57,
        129,
        106,
        118,
        171,
        222,
        61,
        12,
        224,
        51,
        209,
        221,
        51,
        163,
        97,
        114,
        164,
        205,
        186,
        147,
        60,
        28,
        55,
        48,
        97,
        247,
        108,
        169,
        51,
        121,
        254,
        162,
        251,
        182,
        152,
        128,
        141,
        132,
        167,
        220,
        73,
        30,
        50,
        182,
        212,
        246,
        133,
        141,
        238,
        219,
        146,
        140,
        101,
        173,
        140,
        1,
        228,
        151,
        120,
        43,
        121,
        216,
        43,
        81,
        179,
        41,
        69,
        50,
        6,
        76,
        203,
        85,
        153,
        191,
        36,
        203,
        43,
        201,
        67,
        59,
        86,
        230,
        170,
        116,
        160,
        156,
        41,
        211,
        202,
        146,
        194,
        226,
        161,
        39,
        237,
        194,
        29,
        228,
        189,
        63,
        49,
        69,
        138,
        209,
        153,
        148,
        37,
        213,
        65,
        41,
        63,
        111,
        175,
        25,
        249,
        121,
        136,
        74,
        80,
        51,
        221,
        207,
        254,
        81,
        98,
        41,
        121,
        152,
        106,
        180,
        178,
        229,
        117,
        228,
        231,
        69,
        184,
        37,
        51,
        244,
        94,
        62,
        141,
        64,
        36,
        234,
        88,
        69,
        30,
        18,
        44,
        181,
        246,
        132,
        117,
        100,
        134,
        54,
        107,
        101,
        134,
        2,
        145,
        102,
        229,
        36,
        131,
        192,
        193,
        35,
        19,
        61,
        66,
        30,
        14,
        187,
        104,
        61,
        113,
        58,
        115,
        146,
        35,
        41,
        9,
        221,
        221,
        168,
        217,
        240,
        95,
        134,
        222,
        214,
        116,
        212,
        113,
        200,
        120,
        242,
        172,
        12,
        183,
        146,
        55,
        123,
        254,
        13,
        210,
        89,
        94,
        232,
        111,
        118,
        54,
        188,
        159,
        124,
        238,
        64,
        216,
        232,
        116,
        222,
        66,
        68,
        152,
        167,
        239,
        224,
        56,
        75,
        201,
        195,
        54,
        165,
        90,
        248,
        204,
        89,
        160,
        183,
        142,
        47,
        100,
        155,
        222,
        19,
        64,
        54,
        234,
        22,
        30,
        130,
        135,
        20,
        169,
        172,
        106,
        100,
        171,
        190,
        203,
        121,
        42,
        69,
        204,
        12,
        242,
        112,
        56,
        6,
        135,
        88,
        240,
        148,
        83,
        4,
        250,
        234,
        72,
        83,
        211,
        125,
        2,
        168,
        165,
        220,
        135,
        37,
        103,
        207,
        16,
        198,
        218,
        184,
        245,
        174,
        148,
        90,
        118,
        64,
        227,
        73,
        81,
        35,
        15,
        199,
        176,
        240,
        101,
        88,
        124,
        246,
        108,
        156,
        87,
        158,
        122,
        132,
        131,
        142,
        212,
        88,
        42,
        121,
        32,
        107,
        234,
        236,
        107,
        108,
        11,
        119,
        163,
        16,
        204,
        196,
        238,
        157,
        30,
        113,
        231,
        169,
        71,
        183,
        159,
        183,
        109,
        77,
        110,
        100,
        213,
        176,
        75,
        87,
        202,
        165,
        189,
        14,
        61,
        249,
        202,
        174,
        115,
        174,
        39,
        206,
        219,
        250,
        254,
        73,
        239,
        28,
        207,
        157,
        244,
        54,
        92,
        99,
        0,
        161,
        238,
        31,
        246,
        188,
        168,
        49,
        208,
        130,
        144,
        231,
        164,
        186,
        69,
        136,
        87,
        214,
        85,
        193,
        74,
        103,
        89,
        93,
        21,
        190,
        120,
        120,
        115,
        93,
        21,
        231,
        250,
        42,
        134,
        203,
        188,
        161,
        162,
        15,
        44,
        251,
        232,
        216,
        10,
        225,
        67,
        121,
        184,
        31,
        237,
        224,
        220,
        108,
        128,
        88,
        30,
        159,
        221,
        29,
        21,
        125,
        156,
        107,
        73,
        149,
        139,
        134,
        138,
        96,
        220,
        98,
        91,
        19,
        251,
        194,
        135,
        142,
        21,
        73,
        251,
        25,
        56,
        234,
        222,
        90,
        45,
        41,
        164,
        124,
        224,
        255,
        184,
        14,
        215,
        227,
        62,
        147,
        78,
        142,
        151,
        187,
        179,
        150,
        148,
        243,
        42,
        156,
        225,
        227,
        85,
        204,
        50,
        68,
        42,
        58,
        190,
        168,
        159,
        231,
        37,
        149,
        27,
        109,
        62,
        66,
        154,
        205,
        91,
        42,
        55,
        250,
        98,
        205,
        80,
        211,
        74,
        0,
        91,
        81,
        173,
        22,
        113,
        175,
        131,
        94,
        86,
        173,
        22,
        250,
        116,
        247,
        181,
        58,
        201,
        187,
        69,
        10,
        21,
        154,
        80,
        39,
        57,
        220,
        215,
        234,
        36,
        187,
        226,
        37,
        185,
        98,
        118,
        180,
        155,
        42,
        116,
        71,
        203,
        253,
        189,
        252,
        162,
        54,
        252,
        115,
        94,
        27,
        158,
        242,
        171,
        4,
        171,
        58,
        63,
        249,
        85,
        130,
        120,
        142,
        60,
        217,
        112,
        117,
        56,
        185,
        77,
        229,
        242,
        231,
        248,
        127,
        203,
        175,
        18,
        204,
        236,
        236,
        225,
        95,
        37,
        248,
        15,
        175,
        107,
        16,
        56,
        137,
        13,
        205,
        241,
        0,
        0,
        0,
        0,
        73,
        69,
        78,
        68,
        174,
        66,
        96,
        130
      ]
    },
    "stat": {
      "dev": 16777220,
      "mode": 33188,
      "nlink": 1,
      "uid": 501,
      "gid": 20,
      "rdev": 0,
      "blksize": 4194304,
      "ino": 2088748,
      "size": 4269,
      "blocks": 16,
      "atime": "2018-04-17T07:59:11.793Z",
      "mtime": "2018-03-22T08:50:41.033Z",
      "ctime": "2018-03-22T08:50:41.033Z",
      "birthtime": "2018-03-22T08:50:41.033Z"
    },
    "history": [
      "/Users/jiangheng/Desktop/work-code/xxd-h5/src/mods/openaccount/yhimgs/gfyh@2x.png"
    ],
    "path": "/Users/jiangheng/Desktop/work-code/xxd-h5/src/mods/openaccount/yhimgs/gfyh@2x.png",
    "gulpCache$filePathChangedInsideTask": false,
    "gulpCache$fileBaseChangedInsideTask": false,
    "gulpCache$originalPath": "/Users/jiangheng/Desktop/work-code/xxd-h5/src/mods/openaccount/yhimgs/gfyh@2x.png",
    "gulpCache$originalBase": "/Users/jiangheng/Desktop/work-code/xxd-h5/src/mods/"
  }
]