[
  {
    "cwd": "/Users/jiangheng/Desktop/work-code/xxd-h5",
    "base": "/Users/jiangheng/Desktop/work-code/xxd-h5/src/mods/",
    "contents": {
      "type": "Buffer",
      "data": [
        137,
        80,
        78,
        71,
        13,
        10,
        26,
        10,
        0,
        0,
        0,
        13,
        73,
        72,
        68,
        82,
        0,
        0,
        0,
        60,
        0,
        0,
        0,
        60,
        8,
        6,
        0,
        0,
        0,
        58,
        252,
        217,
        114,
        0,
        0,
        7,
        6,
        73,
        68,
        65,
        84,
        104,
        222,
        237,
        155,
        107,
        76,
        213,
        101,
        28,
        199,
        185,
        29,
        80,
        68,
        185,
        8,
        2,
        73,
        152,
        130,
        102,
        29,
        206,
        225,
        28,
        46,
        231,
        128,
        88,
        150,
        89,
        155,
        89,
        171,
        86,
        246,
        74,
        61,
        71,
        110,
        129,
        34,
        96,
        91,
        183,
        149,
        173,
        23,
        181,
        86,
        189,
        105,
        235,
        98,
        101,
        182,
        181,
        106,
        186,
        124,
        235,
        86,
        75,
        151,
        115,
        204,
        86,
        43,
        157,
        86,
        54,
        23,
        18,
        146,
        134,
        4,
        152,
        128,
        130,
        92,
        14,
        135,
        190,
        63,
        251,
        253,
        217,
        227,
        159,
        115,
        249,
        255,
        207,
        121,
        206,
        1,
        233,
        188,
        248,
        109,
        2,
        207,
        237,
        243,
        252,
        174,
        207,
        243,
        127,
        140,
        154,
        152,
        152,
        136,
        250,
        63,
        73,
        84,
        4,
        56,
        2,
        28,
        1,
        142,
        0,
        207,
        10,
        96,
        227,
        206,
        179,
        179,
        66,
        166,
        3,
        56,
        154,
        37,
        70,
        131,
        68,
        11,
        50,
        51,
        129,
        203,
        182,
        76,
        76,
        17,
        21,
        100,
        44,
        36,
        14,
        98,
        128,
        196,
        151,
        84,
        13,
        102,
        216,
        156,
        163,
        102,
        187,
        115,
        204,
        70,
        98,
        115,
        142,
        25,
        139,
        107,
        174,
        164,
        210,
        223,
        184,
        93,
        28,
        247,
        153,
        220,
        0,
        79,
        115,
        8,
        115,
        77,
        31,
        176,
        26,
        210,
        212,
        216,
        145,
        0,
        168,
        85,
        101,
        14,
        247,
        171,
        101,
        91,
        220,
        71,
        208,
        230,
        18,
        100,
        194,
        139,
        116,
        162,
        205,
        215,
        118,
        199,
        248,
        51,
        182,
        173,
        163,
        70,
        222,
        160,
        56,
        81,
        251,
        51,
        6,
        88,
        13,
        90,
        92,
        51,
        176,
        16,
        11,
        127,
        1,
        127,
        107,
        245,
        1,
        232,
        71,
        220,
        223,
        97,
        140,
        77,
        230,
        134,
        191,
        230,
        8,
        224,
        83,
        52,
        62,
        29,
        62,
        172,
        192,
        198,
        89,
        234,
        187,
        19,
        177,
        200,
        231,
        253,
        104,
        82,
        175,
        156,
        177,
        59,
        93,
        15,
        10,
        38,
        127,
        131,
        182,
        195,
        9,
        44,
        106,
        213,
        0,
        51,
        180,
        98,
        1,
        39,
        37,
        130,
        170,
        53,
        254,
        105,
        81,
        109,
        95,
        138,
        26,
        58,
        92,
        192,
        147,
        90,
        165,
        157,
        183,
        59,
        92,
        155,
        48,
        249,
        96,
        232,
        96,
        39,
        161,
        127,
        45,
        173,
        188,
        150,
        207,
        254,
        29,
        171,
        37,
        154,
        203,
        0,
        22,
        97,
        19,
        96,
        194,
        205,
        88,
        204,
        120,
        232,
        97,
        39,
        229,
        92,
        105,
        229,
        176,
        145,
        77,
        220,
        47,
        180,
        12,
        96,
        1,
        214,
        85,
        19,
        128,
        150,
        134,
        17,
        185,
        79,
        218,
        182,
        142,
        28,
        130,
        124,
        5,
        87,
        56,
        134,
        77,
        235,
        214,
        57,
        78,
        107,
        73,
        245,
        149,
        197,
        172,
        233,
        24,
        95,
        208,
        193,
        2,
        71,
        243,
        174,
        198,
        99,
        161,
        107,
        49,
        241,
        168,
        214,
        69,
        218,
        29,
        238,
        94,
        228,
        219,
        55,
        11,
        154,
        219,
        55,
        160,
        255,
        125,
        144,
        123,
        89,
        214,
        66,
        30,
        176,
        214,
        93,
        122,
        26,
        193,
        233,
        180,
        102,
        104,
        135,
        251,
        112,
        65,
        211,
        185,
        68,
        127,
        208,
        193,
        0,
        43,
        166,
        28,
        95,
        92,
        219,
        151,
        133,
        73,
        59,
        180,
        195,
        186,
        90,
        205,
        59,
        46,
        60,
        129,
        190,
        119,
        67,
        202,
        11,
        154,
        218,
        203,
        173,
        245,
        61,
        143,
        88,
        235,
        122,
        31,
        197,
        162,
        203,
        241,
        59,
        59,
        100,
        117,
        65,
        243,
        31,
        247,
        67,
        235,
        223,
        104,
        31,
        119,
        188,
        25,
        253,
        196,
        180,
        37,
        21,
        88,
        49,
        229,
        185,
        152,
        232,
        61,
        29,
        38,
        220,
        95,
        216,
        208,
        249,
        56,
        250,
        149,
        153,
        26,
        255,
        44,
        71,
        101,
        245,
        57,
        126,
        127,
        85,
        104,
        51,
        2,
        205,
        30,
        48,
        239,
        56,
        79,
        208,
        165,
        128,
        190,
        7,
        227,
        107,
        205,
        223,
        255,
        20,
        215,
        244,
        231,
        248,
        242,
        231,
        64,
        129,
        21,
        83,
        78,
        40,
        173,
        26,
        50,
        97,
        34,
        151,
        86,
        96,
        68,
        213,
        15,
        208,
        207,
        6,
        49,
        3,
        228,
        176,
        15,
        109,
        29,
        65,
        155,
        59,
        33,
        69,
        240,
        207,
        151,
        116,
        104,
        249,
        13,
        244,
        17,
        77,
        91,
        10,
        112,
        12,
        15,
        72,
        133,
        197,
        94,
        29,
        193,
        197,
        13,
        83,
        94,
        135,
        126,
        166,
        146,
        234,
        193,
        106,
        127,
        237,
        81,
        161,
        61,
        70,
        208,
        208,
        246,
        26,
        29,
        115,
        244,
        88,
        182,
        117,
        165,
        147,
        50,
        60,
        105,
        57,
        16,
        224,
        73,
        237,
        22,
        110,
        239,
        202,
        192,
        4,
        3,
        58,
        118,
        255,
        44,
        250,
        89,
        32,
        43,
        97,
        182,
        251,
        252,
        181,
        135,
        255,
        238,
        66,
        219,
        229,
        100,
        13,
        112,
        133,
        62,
        173,
        243,
        32,
        128,
        110,
        100,
        45,
        79,
        241,
        229,
        64,
        128,
        21,
        223,
        77,
        196,
        41,
        103,
        179,
        158,
        244,
        1,
        200,
        99,
        164,
        221,
        235,
        192,
        142,
        241,
        239,
        53,
        0,
        191,
        130,
        182,
        121,
        164,
        101,
        0,
        95,
        214,
        177,
        177,
        123,
        209,
        39,
        137,
        125,
        89,
        10,
        48,
        13,
        148,
        132,
        129,
        247,
        232,
        2,
        118,
        140,
        255,
        76,
        218,
        50,
        53,
        157,
        179,
        0,
        160,
        219,
        191,
        73,
        247,
        63,
        140,
        246,
        203,
        96,
        73,
        101,
        186,
        242,
        178,
        195,
        125,
        10,
        253,
        146,
        57,
        98,
        223,
        96,
        214,
        122,
        129,
        21,
        115,
        166,
        129,
        146,
        49,
        240,
        113,
        189,
        133,
        6,
        180,
        124,
        20,
        224,
        63,
        105,
        104,
        119,
        144,
        205,
        57,
        15,
        149,
        212,
        139,
        58,
        231,
        25,
        65,
        191,
        52,
        202,
        32,
        108,
        141,
        65,
        1,
        199,
        241,
        64,
        105,
        146,
        79,
        65,
        98,
        158,
        62,
        142,
        148,
        85,
        66,
        192,
        56,
        14,
        146,
        255,
        118,
        234,
        29,
        195,
        178,
        173,
        123,
        9,
        250,
        207,
        83,
        71,
        235,
        64,
        128,
        13,
        28,
        16,
        210,
        67,
        2,
        235,
        116,
        253,
        8,
        216,
        213,
        255,
        69,
        231,
        11,
        102,
        45,
        190,
        238,
        37,
        194,
        23,
        123,
        242,
        99,
        189,
        192,
        74,
        58,
        74,
        130,
        31,
        102,
        135,
        2,
        22,
        85,
        215,
        93,
        20,
        216,
        10,
        183,
        95,
        44,
        69,
        249,
        121,
        34,
        208,
        177,
        80,
        154,
        210,
        129,
        98,
        190,
        12,
        224,
        235,
        1,
        11,
        21,
        80,
        166,
        158,
        130,
        67,
        67,
        64,
        107,
        55,
        53,
        118,
        80,
        77,
        109,
        65,
        30,
        173,
        64,
        124,
        248,
        61,
        152,
        241,
        176,
        97,
        75,
        165,
        2,
        67,
        0,
        236,
        238,
        149,
        4,
        236,
        134,
        70,
        28,
        84,
        85,
        161,
        200,
        40,
        2,
        236,
        153,
        32,
        207,
        201,
        93,
        24,
        43,
        75,
        54,
        240,
        34,
        45,
        209,
        86,
        163,
        41,
        159,
        192,
        120,
        20,
        164,
        140,
        168,
        173,
        63,
        148,
        96,
        45,
        45,
        164,
        16,
        169,
        62,
        12,
        201,
        192,
        57,
        246,
        19,
        25,
        192,
        72,
        59,
        31,
        81,
        126,
        166,
        130,
        36,
        144,
        136,
        236,
        161,
        210,
        162,
        122,
        122,
        17,
        175,
        83,
        94,
        148,
        46,
        169,
        26,
        116,
        72,
        1,
        174,
        26,
        122,
        157,
        2,
        149,
        169,
        169,
        195,
        76,
        230,
        29,
        236,
        120,
        69,
        181,
        125,
        84,
        175,
        47,
        20,
        202,
        75,
        57,
        121,
        24,
        65,
        38,
        95,
        79,
        201,
        231,
        35,
        239,
        254,
        0,
        83,
        254,
        2,
        22,
        243,
        165,
        4,
        115,
        62,
        142,
        181,
        229,
        66,
        82,
        101,
        21,
        30,
        147,
        149,
        22,
        100,
        49,
        204,
        103,
        79,
        24,
        239,
        175,
        180,
        88,
        75,
        35,
        214,
        149,
        13,
        89,
        224,
        233,
        196,
        20,
        84,
        45,
        77,
        126,
        98,
        169,
        239,
        89,
        133,
        137,
        134,
        130,
        141,
        210,
        136,
        204,
        93,
        122,
        174,
        136,
        188,
        104,
        247,
        148,
        177,
        185,
        141,
        110,
        49,
        211,
        61,
        85,
        89,
        65,
        159,
        150,
        184,
        94,
        93,
        130,
        83,
        205,
        187,
        65,
        44,
        116,
        12,
        62,
        215,
        132,
        113,
        42,
        204,
        13,
        23,
        54,
        96,
        209,
        109,
        65,
        140,
        67,
        199,
        66,
        186,
        241,
        72,
        17,
        174,
        122,
        228,
        157,
        135,
        217,
        108,
        178,
        80,
        29,
        25,
        177,
        208,
        211,
        1,
        166,
        164,
        95,
        48,
        6,
        85,
        87,
        101,
        4,
        141,
        64,
        248,
        118,
        64,
        145,
        185,
        114,
        248,
        29,
        62,
        74,
        102,
        168,
        210,
        81,
        180,
        212,
        27,
        15,
        214,
        114,
        174,
        181,
        174,
        119,
        125,
        32,
        1,
        12,
        229,
        227,
        69,
        84,
        109,
        21,
        156,
        135,
        109,
        182,
        202,
        145,
        207,
        116,
        195,
        58,
        199,
        14,
        25,
        119,
        182,
        81,
        41,
        185,
        88,
        165,
        221,
        24,
        233,
        119,
        90,
        92,
        205,
        80,
        206,
        203,
        131,
        73,
        109,
        1,
        244,
        96,
        0,
        90,
        110,
        129,
        102,
        159,
        133,
        107,
        80,
        94,
        31,
        211,
        235,
        255,
        166,
        29,
        231,
        105,
        195,
        150,
        10,
        190,
        27,
        239,
        237,
        170,
        86,
        198,
        173,
        165,
        18,
        177,
        41,
        50,
        174,
        40,
        122,
        234,
        242,
        102,
        25,
        169,
        74,
        215,
        201,
        168,
        182,
        159,
        174,
        124,
        111,
        241,
        118,
        232,
        151,
        125,
        47,
        173,
        152,
        118,
        42,
        79,
        122,
        187,
        101,
        219,
        223,
        15,
        193,
        167,
        127,
        11,
        23,
        48,
        223,
        125,
        101,
        120,
        187,
        214,
        9,
        201,
        151,
        7,
        21,
        244,
        138,
        130,
        230,
        118,
        123,
        105,
        213,
        181,
        247,
        177,
        160,
        107,
        161,
        6,
        70,
        225,
        178,
        223,
        91,
        101,
        21,
        170,
        143,
        105,
        34,
        116,
        10,
        155,
        55,
        69,
        76,
        115,
        97,
        67,
        231,
        122,
        68,
        208,
        253,
        129,
        248,
        246,
        13,
        121,
        218,
        87,
        201,
        137,
        211,
        85,
        56,
        129,
        163,
        132,
        239,
        194,
        10,
        116,
        50,
        7,
        50,
        42,
        241,
        86,
        66,
        172,
        40,
        67,
        215,
        150,
        84,
        95,
        125,
        205,
        230,
        28,
        61,
        10,
        248,
        43,
        26,
        32,
        135,
        41,
        101,
        161,
        114,
        250,
        24,
        155,
        182,
        201,
        82,
        223,
        93,
        143,
        170,
        174,
        197,
        11,
        184,
        11,
        110,
        148,
        43,
        92,
        192,
        71,
        135,
        235,
        131,
        120,
        44,
        79,
        56,
        135,
        253,
        41,
        141,
        207,
        165,
        183,
        145,
        111,
        67,
        10,
        249,
        171,
        67,
        5,
        14,
        249,
        79,
        34,
        216,
        60,
        135,
        77,
        120,
        11,
        80,
        187,
        73,
        40,
        7,
        23,
        215,
        12,
        188,
        140,
        20,
        87,
        137,
        84,
        181,
        6,
        237,
        86,
        241,
        119,
        38,
        27,
        231,
        233,
        213,
        214,
        250,
        158,
        173,
        0,
        255,
        86,
        253,
        73,
        22,
        39,
        174,
        13,
        225,
        240,
        97,
        159,
        223,
        138,
        121,
        199,
        23,
        48,
        120,
        38,
        87,
        65,
        203,
        24,
        222,
        200,
        71,
        66,
        43,
        29,
        252,
        89,
        172,
        188,
        41,
        5,
        108,
        25,
        203,
        217,
        53,
        168,
        79,
        62,
        255,
        142,
        250,
        216,
        0,
        190,
        17,
        135,
        141,
        131,
        10,
        56,
        172,
        97,
        215,
        116,
        0,
        79,
        121,
        250,
        32,
        128,
        207,
        103,
        255,
        94,
        200,
        230,
        158,
        205,
        133,
        194,
        173,
        108,
        250,
        185,
        252,
        239,
        28,
        14,
        124,
        153,
        28,
        121,
        211,
        185,
        79,
        186,
        176,
        105,
        121,
        12,
        127,
        7,
        210,
        224,
        58,
        100,
        132,
        3,
        144,
        125,
        170,
        28,
        28,
        222,
        103,
        75,
        30,
        222,
        101,
        197,
        179,
        169,
        39,
        178,
        38,
        22,
        176,
        175,
        167,
        168,
        36,
        153,
        255,
        150,
        196,
        0,
        137,
        44,
        243,
        132,
        77,
        203,
        224,
        13,
        203,
        225,
        77,
        203,
        132,
        27,
        228,
        112,
        187,
        176,
        107,
        216,
        155,
        198,
        99,
        132,
        135,
        102,
        241,
        172,
        249,
        57,
        94,
        36,
        129,
        219,
        24,
        132,
        62,
        6,
        97,
        211,
        148,
        13,
        75,
        225,
        84,
        152,
        204,
        191,
        243,
        249,
        109,
        120,
        58,
        158,
        30,
        170,
        159,
        29,
        198,
        10,
        22,
        16,
        39,
        252,
        236,
        233,
        249,
        161,
        184,
        105,
        10,
        248,
        92,
        214,
        234,
        92,
        254,
        217,
        32,
        244,
        159,
        49,
        111,
        45,
        189,
        109,
        130,
        214,
        55,
        149,
        158,
        158,
        48,
        26,
        60,
        60,
        81,
        156,
        177,
        192,
        50,
        92,
        69,
        109,
        13,
        81,
        179,
        17,
        248,
        166,
        121,
        62,
        28,
        1,
        158,
        145,
        192,
        145,
        255,
        243,
        16,
        1,
        142,
        0,
        223,
        20,
        242,
        47,
        76,
        143,
        12,
        163,
        4,
        101,
        12,
        156,
        0,
        0,
        0,
        0,
        73,
        69,
        78,
        68,
        174,
        66,
        96,
        130
      ]
    },
    "stat": {
      "dev": 16777220,
      "mode": 33188,
      "nlink": 1,
      "uid": 501,
      "gid": 20,
      "rdev": 0,
      "blksize": 4194304,
      "ino": 2088703,
      "size": 2938,
      "blocks": 8,
      "atime": "2018-04-17T07:59:11.791Z",
      "mtime": "2018-03-22T08:50:41.021Z",
      "ctime": "2018-03-22T08:50:41.021Z",
      "birthtime": "2018-03-22T08:50:41.021Z"
    },
    "history": [
      "/Users/jiangheng/Desktop/work-code/xxd-h5/src/mods/mypurse/imgs/helpcenter@3x.png"
    ],
    "path": "/Users/jiangheng/Desktop/work-code/xxd-h5/src/mods/mypurse/imgs/helpcenter@3x.png",
    "gulpCache$filePathChangedInsideTask": false,
    "gulpCache$fileBaseChangedInsideTask": false,
    "gulpCache$originalPath": "/Users/jiangheng/Desktop/work-code/xxd-h5/src/mods/mypurse/imgs/helpcenter@3x.png",
    "gulpCache$originalBase": "/Users/jiangheng/Desktop/work-code/xxd-h5/src/mods/"
  }
]