[
  {
    "cwd": "/Users/jiangheng/Desktop/work-code/xxd-h5",
    "base": "/Users/jiangheng/Desktop/work-code/xxd-h5/src/mods/",
    "contents": {
      "type": "Buffer",
      "data": [
        137,
        80,
        78,
        71,
        13,
        10,
        26,
        10,
        0,
        0,
        0,
        13,
        73,
        72,
        68,
        82,
        0,
        0,
        5,
        156,
        0,
        0,
        1,
        10,
        8,
        3,
        0,
        0,
        0,
        161,
        121,
        96,
        215,
        0,
        0,
        1,
        62,
        80,
        76,
        84,
        69,
        199,
        215,
        239,
        199,
        215,
        239,
        199,
        215,
        239,
        199,
        215,
        239,
        199,
        215,
        239,
        199,
        215,
        239,
        199,
        215,
        239,
        199,
        215,
        239,
        208,
        220,
        237,
        199,
        215,
        239,
        199,
        215,
        239,
        199,
        215,
        239,
        212,
        221,
        236,
        199,
        215,
        239,
        211,
        221,
        236,
        199,
        215,
        239,
        199,
        215,
        239,
        204,
        217,
        238,
        199,
        215,
        239,
        199,
        215,
        239,
        199,
        215,
        239,
        199,
        215,
        239,
        218,
        224,
        234,
        199,
        215,
        239,
        199,
        215,
        239,
        199,
        215,
        239,
        199,
        215,
        239,
        199,
        215,
        239,
        199,
        215,
        239,
        199,
        215,
        239,
        223,
        227,
        233,
        199,
        215,
        239,
        199,
        215,
        239,
        221,
        226,
        233,
        199,
        215,
        239,
        222,
        227,
        233,
        199,
        215,
        239,
        199,
        215,
        239,
        226,
        229,
        232,
        199,
        215,
        239,
        199,
        215,
        239,
        199,
        215,
        239,
        199,
        215,
        239,
        199,
        215,
        239,
        199,
        215,
        239,
        223,
        227,
        233,
        199,
        215,
        239,
        199,
        215,
        239,
        199,
        215,
        239,
        199,
        215,
        239,
        199,
        215,
        239,
        199,
        215,
        239,
        199,
        215,
        239,
        228,
        230,
        232,
        226,
        229,
        232,
        229,
        230,
        231,
        229,
        230,
        231,
        229,
        230,
        232,
        229,
        230,
        232,
        230,
        231,
        231,
        229,
        230,
        232,
        229,
        230,
        232,
        230,
        231,
        231,
        230,
        230,
        231,
        230,
        231,
        231,
        230,
        231,
        231,
        230,
        231,
        231,
        230,
        231,
        231,
        231,
        231,
        231,
        230,
        230,
        231,
        230,
        231,
        231,
        230,
        231,
        231,
        231,
        231,
        231,
        230,
        231,
        231,
        231,
        231,
        231,
        231,
        231,
        231,
        231,
        231,
        231,
        231,
        231,
        231,
        231,
        231,
        231,
        231,
        231,
        231,
        231,
        231,
        231,
        231,
        231,
        231,
        231,
        231,
        231,
        233,
        233,
        233,
        234,
        234,
        234,
        235,
        235,
        235,
        236,
        236,
        236,
        237,
        237,
        237,
        238,
        238,
        238,
        239,
        239,
        239,
        240,
        240,
        240,
        241,
        241,
        241,
        242,
        242,
        242,
        243,
        243,
        243,
        244,
        244,
        244,
        245,
        245,
        245,
        246,
        246,
        246,
        247,
        247,
        247,
        248,
        248,
        248,
        249,
        249,
        249,
        250,
        250,
        250,
        251,
        251,
        251,
        252,
        252,
        252,
        253,
        253,
        253,
        254,
        254,
        254,
        255,
        255,
        255,
        19,
        163,
        165,
        155,
        0,
        0,
        0,
        82,
        116,
        82,
        78,
        83,
        0,
        1,
        2,
        3,
        4,
        5,
        6,
        7,
        7,
        8,
        9,
        10,
        10,
        11,
        11,
        12,
        13,
        13,
        14,
        15,
        16,
        17,
        17,
        18,
        19,
        20,
        21,
        22,
        24,
        25,
        25,
        26,
        27,
        27,
        28,
        29,
        30,
        33,
        33,
        34,
        35,
        36,
        37,
        39,
        40,
        40,
        42,
        43,
        44,
        47,
        49,
        51,
        52,
        60,
        65,
        91,
        92,
        93,
        95,
        123,
        128,
        129,
        138,
        141,
        152,
        154,
        155,
        156,
        174,
        178,
        180,
        182,
        211,
        214,
        227,
        229,
        236,
        237,
        238,
        248,
        249,
        250,
        183,
        88,
        59,
        144,
        0,
        0,
        26,
        35,
        73,
        68,
        65,
        84,
        24,
        25,
        237,
        193,
        77,
        143,
        108,
        9,
        186,
        30,
        212,
        245,
        68,
        69,
        119,
        117,
        251,
        182,
        225,
        218,
        18,
        18,
        246,
        4,
        140,
        240,
        144,
        129,
        145,
        144,
        16,
        255,
        95,
        150,
        37,
        4,
        12,
        16,
        83,
        24,
        218,
        72,
        8,
        219,
        226,
        194,
        237,
        219,
        93,
        39,
        31,
        246,
        142,
        200,
        143,
        200,
        204,
        200,
        172,
        170,
        115,
        34,
        98,
        103,
        229,
        121,
        215,
        138,
        115,
        98,
        140,
        49,
        198,
        109,
        212,
        25,
        241,
        74,
        44,
        98,
        140,
        49,
        198,
        245,
        213,
        162,
        94,
        138,
        231,
        130,
        32,
        22,
        49,
        198,
        24,
        227,
        90,
        106,
        81,
        20,
        245,
        76,
        156,
        10,
        66,
        68,
        44,
        98,
        140,
        49,
        198,
        117,
        212,
        162,
        170,
        20,
        117,
        34,
        158,
        4,
        17,
        201,
        15,
        255,
        205,
        239,
        255,
        184,
        255,
        125,
        126,
        48,
        198,
        24,
        227,
        90,
        190,
        244,
        47,
        63,
        253,
        253,
        95,
        254,
        215,
        47,
        173,
        42,
        234,
        81,
        60,
        10,
        17,
        201,
        191,
        248,
        207,
        255,
        244,
        7,
        99,
        140,
        49,
        110,
        225,
        207,
        127,
        247,
        239,
        254,
        143,
        86,
        149,
        122,
        16,
        15,
        66,
        36,
        249,
        103,
        255,
        213,
        223,
        238,
        140,
        49,
        198,
        184,
        149,
        187,
        255,
        240,
        191,
        255,
        219,
        182,
        74,
        221,
        139,
        123,
        17,
        89,
        252,
        171,
        255,
        236,
        247,
        198,
        24,
        99,
        220,
        210,
        95,
        254,
        175,
        255,
        185,
        11,
        85,
        71,
        113,
        20,
        145,
        228,
        199,
        255,
        238,
        159,
        88,
        237,
        254,
        240,
        187,
        253,
        46,
        49,
        198,
        24,
        159,
        69,
        123,
        215,
        47,
        189,
        187,
        107,
        21,
        241,
        40,
        34,
        145,
        8,
        113,
        51,
        117,
        247,
        229,
        203,
        95,
        106,
        245,
        239,
        255,
        199,
        127,
        104,
        171,
        234,
        32,
        14,
        34,
        146,
        252,
        147,
        127,
        245,
        55,
        22,
        251,
        63,
        254,
        35,
        99,
        140,
        241,
        185,
        180,
        119,
        139,
        222,
        181,
        181,
        136,
        7,
        17,
        145,
        133,
        136,
        91,
        251,
        243,
        95,
        190,
        88,
        252,
        191,
        255,
        203,
        191,
        111,
        171,
        106,
        21,
        171,
        136,
        100,
        247,
        135,
        255,
        254,
        79,
        22,
        127,
        250,
        27,
        99,
        140,
        241,
        217,
        180,
        119,
        171,
        46,
        172,
        226,
        94,
        36,
        178,
        146,
        216,
        192,
        223,
        255,
        189,
        197,
        223,
        253,
        155,
        63,
        223,
        181,
        170,
        22,
        177,
        8,
        73,
        118,
        63,
        252,
        15,
        255,
        41,
        126,
        247,
        143,
        127,
        103,
        140,
        49,
        62,
        157,
        246,
        110,
        213,
        59,
        181,
        138,
        163,
        136,
        28,
        73,
        60,
        137,
        91,
        249,
        233,
        239,
        126,
        194,
        127,
        252,
        215,
        95,
        238,
        218,
        82,
        196,
        34,
        178,
        216,
        253,
        183,
        255,
        12,
        191,
        255,
        219,
        24,
        99,
        140,
        207,
        167,
        119,
        119,
        189,
        187,
        187,
        235,
        157,
        90,
        197,
        81,
        36,
        178,
        216,
        69,
        130,
        88,
        84,
        220,
        78,
        255,
        227,
        95,
        241,
        239,
        254,
        167,
        187,
        46,
        20,
        63,
        32,
        98,
        151,
        221,
        63,
        255,
        47,
        126,
        224,
        119,
        127,
        187,
        51,
        198,
        24,
        159,
        79,
        171,
        173,
        214,
        189,
        56,
        138,
        60,
        103,
        149,
        120,
        148,
        184,
        178,
        252,
        248,
        151,
        59,
        254,
        240,
        15,
        255,
        15,
        141,
        96,
        239,
        32,
        201,
        15,
        255,
        226,
        247,
        248,
        199,
        59,
        99,
        140,
        241,
        249,
        84,
        139,
        58,
        81,
        177,
        8,
        114,
        79,
        156,
        19,
        87,
        150,
        255,
        228,
        255,
        102,
        255,
        95,
        254,
        219,
        74,
        173,
        126,
        32,
        146,
        236,
        126,
        248,
        175,
        255,
        121,
        248,
        211,
        31,
        140,
        49,
        198,
        102,
        234,
        90,
        74,
        91,
        173,
        7,
        65,
        144,
        123,
        187,
        172,
        108,
        100,
        151,
        191,
        240,
        163,
        255,
        80,
        139,
        176,
        119,
        144,
        228,
        159,
        134,
        253,
        223,
        24,
        99,
        140,
        45,
        212,
        65,
        93,
        73,
        221,
        181,
        234,
        73,
        157,
        74,
        28,
        196,
        170,
        168,
        155,
        250,
        227,
        159,
        127,
        146,
        127,
        154,
        164,
        86,
        123,
        100,
        177,
        251,
        241,
        79,
        248,
        163,
        49,
        198,
        216,
        64,
        81,
        212,
        149,
        84,
        143,
        188,
        20,
        139,
        132,
        44,
        196,
        189,
        162,
        110,
        233,
        199,
        159,
        248,
        211,
        143,
        127,
        110,
        40,
        123,
        65,
        178,
        251,
        151,
        63,
        178,
        251,
        71,
        198,
        24,
        227,
        246,
        74,
        149,
        82,
        215,
        81,
        93,
        56,
        35,
        132,
        196,
        34,
        14,
        170,
        170,
        212,
        237,
        252,
        248,
        255,
        213,
        143,
        255,
        242,
        127,
        187,
        75,
        73,
        247,
        68,
        178,
        219,
        253,
        136,
        63,
        24,
        99,
        140,
        77,
        84,
        171,
        138,
        186,
        138,
        234,
        1,
        82,
        167,
        18,
        66,
        18,
        71,
        85,
        173,
        42,
        69,
        220,
        196,
        239,
        255,
        129,
        223,
        239,
        118,
        77,
        83,
        123,
        100,
        177,
        251,
        3,
        126,
        103,
        140,
        49,
        182,
        80,
        109,
        181,
        74,
        93,
        69,
        85,
        75,
        17,
        139,
        162,
        113,
        16,
        226,
        65,
        181,
        186,
        80,
        138,
        184,
        137,
        31,
        240,
        199,
        93,
        22,
        101,
        31,
        171,
        252,
        176,
        199,
        222,
        24,
        99,
        220,
        94,
        233,
        129,
        42,
        117,
        21,
        165,
        234,
        156,
        16,
        139,
        88,
        84,
        233,
        129,
        162,
        169,
        155,
        8,
        246,
        63,
        252,
        100,
        149,
        61,
        146,
        221,
        46,
        123,
        236,
        140,
        49,
        198,
        6,
        250,
        72,
        81,
        139,
        184,
        168,
        162,
        168,
        179,
        66,
        226,
        65,
        219,
        187,
        46,
        212,
        162,
        110,
        163,
        216,
        103,
        183,
        107,
        202,
        94,
        66,
        118,
        217,
        35,
        198,
        24,
        99,
        35,
        61,
        80,
        117,
        80,
        87,
        80,
        231,
        68,
        136,
        163,
        234,
        19,
        117,
        16,
        55,
        178,
        207,
        46,
        68,
        247,
        72,
        228,
        135,
        32,
        198,
        24,
        99,
        19,
        173,
        30,
        168,
        77,
        196,
        131,
        234,
        19,
        71,
        117,
        35,
        249,
        225,
        39,
        73,
        217,
        91,
        101,
        103,
        140,
        49,
        182,
        83,
        173,
        46,
        84,
        93,
        71,
        188,
        33,
        34,
        22,
        65,
        41,
        173,
        174,
        212,
        173,
        237,
        98,
        181,
        183,
        216,
        237,
        196,
        24,
        99,
        108,
        169,
        213,
        106,
        93,
        75,
        17,
        231,
        69,
        18,
        15,
        90,
        173,
        182,
        170,
        136,
        219,
        137,
        221,
        238,
        14,
        59,
        7,
        137,
        49,
        198,
        216,
        74,
        149,
        150,
        186,
        189,
        136,
        131,
        88,
        181,
        165,
        90,
        212,
        65,
        221,
        78,
        226,
        96,
        71,
        140,
        49,
        198,
        214,
        234,
        160,
        182,
        17,
        167,
        170,
        78,
        196,
        141,
        133,
        61,
        130,
        24,
        99,
        140,
        109,
        181,
        117,
        93,
        241,
        90,
        144,
        72,
        226,
        65,
        213,
        65,
        42,
        110,
        43,
        72,
        217,
        27,
        99,
        140,
        205,
        149,
        186,
        182,
        56,
        35,
        196,
        115,
        85,
        106,
        91,
        123,
        7,
        49,
        198,
        24,
        219,
        170,
        83,
        113,
        59,
        33,
        30,
        213,
        65,
        45,
        82,
        171,
        184,
        157,
        56,
        216,
        27,
        99,
        140,
        141,
        149,
        122,
        20,
        55,
        23,
        226,
        94,
        169,
        150,
        90,
        196,
        70,
        118,
        198,
        24,
        99,
        91,
        181,
        104,
        45,
        74,
        108,
        32,
        196,
        147,
        218,
        220,
        206,
        106,
        103,
        140,
        49,
        182,
        214,
        90,
        212,
        141,
        197,
        34,
        238,
        149,
        162,
        165,
        54,
        177,
        179,
        218,
        25,
        99,
        140,
        173,
        181,
        168,
        141,
        36,
        78,
        85,
        149,
        218,
        212,
        206,
        24,
        99,
        108,
        175,
        181,
        168,
        27,
        11,
        65,
        226,
        153,
        90,
        212,
        150,
        118,
        198,
        24,
        99,
        83,
        85,
        219,
        137,
        163,
        120,
        212,
        106,
        107,
        91,
        59,
        99,
        140,
        177,
        173,
        90,
        213,
        237,
        69,
        136,
        69,
        28,
        85,
        29,
        213,
        166,
        118,
        198,
        24,
        99,
        107,
        173,
        69,
        109,
        35,
        241,
        66,
        109,
        110,
        103,
        140,
        49,
        182,
        84,
        74,
        221,
        92,
        196,
        34,
        136,
        19,
        45,
        109,
        105,
        109,
        103,
        103,
        140,
        49,
        54,
        213,
        90,
        84,
        221,
        88,
        72,
        34,
        136,
        83,
        181,
        170,
        45,
        237,
        140,
        49,
        198,
        134,
        106,
        209,
        218,
        80,
        156,
        168,
        69,
        81,
        212,
        102,
        118,
        198,
        24,
        99,
        99,
        181,
        145,
        132,
        16,
        39,
        90,
        139,
        218,
        216,
        206,
        24,
        99,
        108,
        167,
        218,
        170,
        170,
        155,
        11,
        137,
        120,
        82,
        139,
        86,
        109,
        109,
        103,
        140,
        49,
        54,
        87,
        155,
        138,
        7,
        117,
        175,
        182,
        181,
        51,
        198,
        24,
        155,
        169,
        210,
        162,
        54,
        16,
        18,
        113,
        162,
        22,
        181,
        185,
        157,
        49,
        198,
        216,
        82,
        75,
        109,
        33,
        36,
        68,
        156,
        104,
        125,
        4,
        59,
        99,
        140,
        177,
        177,
        82,
        91,
        137,
        39,
        109,
        81,
        31,
        192,
        206,
        24,
        99,
        108,
        167,
        213,
        82,
        91,
        8,
        66,
        156,
        40,
        106,
        123,
        59,
        99,
        140,
        177,
        149,
        162,
        168,
        155,
        106,
        45,
        66,
        18,
        66,
        98,
        85,
        170,
        62,
        132,
        157,
        49,
        198,
        216,
        88,
        81,
        183,
        84,
        15,
        18,
        226,
        94,
        171,
        234,
        35,
        216,
        25,
        99,
        140,
        77,
        181,
        180,
        234,
        40,
        174,
        173,
        168,
        163,
        144,
        56,
        170,
        163,
        122,
        16,
        155,
        217,
        25,
        99,
        140,
        205,
        84,
        75,
        235,
        40,
        110,
        160,
        158,
        196,
        115,
        173,
        250,
        16,
        246,
        198,
        24,
        99,
        59,
        69,
        29,
        212,
        121,
        117,
        13,
        13,
        66,
        66,
        136,
        69,
        75,
        213,
        219,
        234,
        86,
        246,
        198,
        24,
        99,
        83,
        69,
        157,
        87,
        215,
        20,
        171,
        68,
        44,
        106,
        81,
        111,
        170,
        91,
        218,
        25,
        99,
        140,
        45,
        149,
        86,
        235,
        40,
        78,
        212,
        53,
        5,
        17,
        79,
        90,
        45,
        109,
        197,
        182,
        118,
        198,
        24,
        99,
        35,
        69,
        181,
        30,
        197,
        109,
        69,
        172,
        66,
        181,
        148,
        214,
        89,
        113,
        75,
        123,
        99,
        140,
        177,
        157,
        90,
        180,
        165,
        86,
        113,
        42,
        46,
        174,
        142,
        98,
        17,
        33,
        137,
        7,
        165,
        222,
        18,
        139,
        138,
        43,
        169,
        19,
        123,
        99,
        140,
        177,
        153,
        82,
        69,
        221,
        72,
        212,
        131,
        136,
        196,
        147,
        82,
        239,
        139,
        171,
        137,
        19,
        123,
        99,
        140,
        177,
        161,
        170,
        219,
        138,
        131,
        36,
        34,
        132,
        80,
        109,
        169,
        15,
        98,
        111,
        140,
        49,
        54,
        214,
        82,
        103,
        196,
        53,
        20,
        145,
        133,
        72,
        196,
        163,
        210,
        133,
        115,
        226,
        150,
        246,
        198,
        24,
        99,
        43,
        69,
        149,
        58,
        35,
        136,
        235,
        136,
        144,
        136,
        69,
        28,
        181,
        212,
        189,
        212,
        169,
        32,
        110,
        103,
        111,
        140,
        49,
        182,
        83,
        106,
        81,
        175,
        132,
        16,
        215,
        145,
        200,
        66,
        18,
        79,
        90,
        39,
        226,
        81,
        8,
        113,
        51,
        123,
        99,
        140,
        177,
        161,
        210,
        214,
        107,
        33,
        34,
        46,
        46,
        37,
        18,
        146,
        32,
        14,
        90,
        165,
        45,
        181,
        136,
        39,
        33,
        33,
        110,
        102,
        111,
        140,
        49,
        182,
        212,
        162,
        94,
        10,
        137,
        8,
        66,
        93,
        80,
        44,
        18,
        145,
        133,
        163,
        90,
        21,
        117,
        170,
        177,
        74,
        36,
        8,
        117,
        3,
        123,
        99,
        140,
        177,
        153,
        122,
        80,
        226,
        153,
        144,
        136,
        88,
        196,
        133,
        212,
        81,
        36,
        98,
        17,
        15,
        170,
        94,
        170,
        6,
        137,
        36,
        98,
        17,
        234,
        218,
        246,
        198,
        24,
        99,
        99,
        173,
        122,
        46,
        34,
        11,
        137,
        139,
        10,
        74,
        72,
        100,
        225,
        68,
        105,
        169,
        51,
        178,
        16,
        71,
        113,
        109,
        123,
        99,
        140,
        177,
        157,
        150,
        122,
        37,
        34,
        7,
        34,
        86,
        117,
        49,
        177,
        136,
        72,
        34,
        30,
        20,
        165,
        78,
        212,
        42,
        15,
        220,
        204,
        222,
        24,
        99,
        108,
        169,
        69,
        189,
        146,
        123,
        226,
        32,
        46,
        162,
        142,
        66,
        132,
        120,
        82,
        181,
        168,
        115,
        178,
        34,
        212,
        13,
        236,
        141,
        49,
        198,
        54,
        170,
        206,
        139,
        4,
        89,
        137,
        75,
        10,
        181,
        8,
        33,
        158,
        148,
        106,
        157,
        23,
        89,
        8,
        82,
        215,
        183,
        55,
        198,
        24,
        27,
        169,
        90,
        213,
        25,
        73,
        8,
        137,
        163,
        186,
        144,
        88,
        133,
        16,
        207,
        148,
        214,
        107,
        185,
        71,
        84,
        92,
        223,
        222,
        24,
        99,
        108,
        167,
        173,
        58,
        106,
        28,
        69,
        172,
        18,
        73,
        136,
        34,
        174,
        160,
        113,
        208,
        86,
        235,
        156,
        72,
        144,
        149,
        69,
        220,
        194,
        222,
        24,
        99,
        108,
        162,
        212,
        123,
        226,
        40,
        164,
        174,
        164,
        177,
        40,
        90,
        93,
        120,
        33,
        86,
        9,
        73,
        220,
        204,
        222,
        24,
        99,
        108,
        163,
        85,
        148,
        122,
        41,
        30,
        52,
        117,
        37,
        245,
        168,
        11,
        181,
        168,
        83,
        169,
        85,
        72,
        16,
        71,
        117,
        109,
        123,
        99,
        140,
        177,
        157,
        122,
        91,
        73,
        165,
        174,
        175,
        122,
        224,
        149,
        144,
        68,
        66,
        18,
        247,
        226,
        218,
        246,
        198,
        24,
        99,
        11,
        69,
        169,
        71,
        241,
        164,
        177,
        42,
        141,
        171,
        170,
        85,
        181,
        213,
        214,
        89,
        33,
        110,
        106,
        111,
        140,
        49,
        54,
        209,
        86,
        189,
        169,
        22,
        13,
        141,
        69,
        93,
        75,
        80,
        93,
        161,
        94,
        138,
        163,
        184,
        165,
        189,
        49,
        198,
        216,
        64,
        221,
        171,
        87,
        154,
        166,
        81,
        141,
        74,
        93,
        69,
        29,
        5,
        85,
        93,
        57,
        35,
        137,
        4,
        113,
        59,
        123,
        99,
        140,
        177,
        149,
        170,
        243,
        154,
        90,
        53,
        234,
        186,
        106,
        81,
        213,
        58,
        35,
        22,
        33,
        226,
        134,
        246,
        198,
        24,
        227,
        246,
        170,
        11,
        85,
        103,
        52,
        154,
        162,
        169,
        155,
        40,
        85,
        234,
        149,
        72,
        196,
        141,
        237,
        141,
        49,
        198,
        214,
        82,
        207,
        53,
        106,
        85,
        226,
        168,
        46,
        35,
        86,
        245,
        82,
        81,
        47,
        133,
        216,
        192,
        222,
        24,
        99,
        220,
        92,
        21,
        173,
        122,
        20,
        39,
        138,
        212,
        170,
        46,
        171,
        206,
        171,
        183,
        69,
        220,
        214,
        222,
        24,
        99,
        108,
        161,
        45,
        69,
        189,
        161,
        62,
        130,
        68,
        98,
        17,
        183,
        180,
        55,
        198,
        24,
        91,
        41,
        234,
        109,
        117,
        75,
        113,
        170,
        130,
        32,
        136,
        27,
        219,
        25,
        99,
        140,
        141,
        148,
        214,
        155,
        90,
        55,
        85,
        111,
        10,
        113,
        83,
        59,
        99,
        140,
        113,
        123,
        93,
        81,
        139,
        58,
        171,
        110,
        173,
        158,
        148,
        90,
        132,
        36,
        196,
        109,
        237,
        140,
        49,
        198,
        70,
        90,
        31,
        74,
        156,
        145,
        32,
        113,
        99,
        59,
        99,
        140,
        113,
        107,
        181,
        170,
        69,
        221,
        139,
        23,
        18,
        31,
        68,
        226,
        230,
        246,
        198,
        24,
        99,
        19,
        69,
        171,
        222,
        20,
        212,
        109,
        196,
        57,
        177,
        136,
        69,
        18,
        183,
        180,
        55,
        198,
        24,
        27,
        104,
        105,
        221,
        75,
        189,
        33,
        182,
        22,
        36,
        110,
        108,
        103,
        140,
        49,
        110,
        175,
        168,
        223,
        128,
        132,
        196,
        205,
        237,
        141,
        49,
        198,
        205,
        21,
        165,
        45,
        181,
        136,
        143,
        41,
        136,
        13,
        236,
        140,
        49,
        198,
        22,
        74,
        81,
        31,
        93,
        200,
        74,
        220,
        208,
        206,
        24,
        99,
        108,
        163,
        62,
        174,
        58,
        17,
        183,
        183,
        51,
        198,
        24,
        27,
        168,
        106,
        75,
        125,
        108,
        17,
        130,
        184,
        165,
        157,
        49,
        198,
        216,
        70,
        81,
        191,
        1,
        137,
        196,
        109,
        237,
        140,
        49,
        198,
        237,
        85,
        29,
        212,
        199,
        22,
        177,
        133,
        157,
        49,
        198,
        216,
        68,
        181,
        245,
        145,
        213,
        65,
        36,
        17,
        55,
        181,
        51,
        198,
        24,
        27,
        40,
        69,
        253,
        6,
        196,
        237,
        237,
        140,
        49,
        198,
        205,
        149,
        210,
        214,
        135,
        151,
        32,
        226,
        182,
        246,
        198,
        24,
        99,
        19,
        181,
        42,
        241,
        113,
        5,
        17,
        55,
        183,
        51,
        198,
        24,
        219,
        40,
        234,
        3,
        139,
        163,
        16,
        55,
        182,
        51,
        198,
        24,
        55,
        214,
        106,
        45,
        234,
        131,
        139,
        216,
        198,
        206,
        24,
        99,
        108,
        161,
        85,
        181,
        168,
        143,
        42,
        72,
        34,
        113,
        107,
        59,
        99,
        140,
        49,
        62,
        156,
        157,
        49,
        198,
        184,
        185,
        90,
        212,
        199,
        23,
        139,
        184,
        189,
        157,
        49,
        198,
        184,
        173,
        170,
        214,
        135,
        23,
        139,
        216,
        198,
        206,
        24,
        99,
        220,
        88,
        45,
        234,
        35,
        11,
        17,
        33,
        177,
        133,
        189,
        49,
        198,
        184,
        169,
        162,
        168,
        143,
        44,
        22,
        177,
        138,
        13,
        236,
        140,
        49,
        198,
        173,
        85,
        253,
        54,
        36,
        182,
        177,
        51,
        198,
        24,
        183,
        84,
        45,
        234,
        195,
        11,
        177,
        149,
        189,
        49,
        198,
        184,
        185,
        58,
        17,
        31,
        70,
        61,
        8,
        18,
        196,
        38,
        246,
        198,
        24,
        227,
        166,
        74,
        85,
        157,
        87,
        31,
        73,
        136,
        45,
        236,
        140,
        49,
        198,
        13,
        149,
        86,
        173,
        234,
        181,
        250,
        40,
        130,
        8,
        226,
        246,
        118,
        198,
        24,
        99,
        3,
        117,
        86,
        125,
        28,
        73,
        16,
        155,
        216,
        25,
        99,
        140,
        219,
        169,
        174,
        148,
        214,
        107,
        137,
        143,
        36,
        65,
        196,
        205,
        237,
        141,
        49,
        198,
        205,
        149,
        58,
        47,
        22,
        245,
        32,
        46,
        175,
        86,
        241,
        90,
        29,
        133,
        68,
        66,
        196,
        22,
        246,
        198,
        24,
        227,
        214,
        74,
        189,
        39,
        174,
        41,
        222,
        18,
        15,
        18,
        33,
        17,
        155,
        216,
        27,
        99,
        140,
        27,
        42,
        45,
        245,
        150,
        216,
        84,
        45,
        66,
        100,
        65,
        108,
        99,
        111,
        140,
        49,
        110,
        169,
        69,
        29,
        165,
        158,
        9,
        98,
        75,
        41,
        65,
        228,
        128,
        196,
        6,
        246,
        198,
        24,
        227,
        198,
        90,
        231,
        133,
        16,
        91,
        138,
        131,
        200,
        61,
        226,
        246,
        246,
        198,
        24,
        227,
        182,
        138,
        46,
        28,
        197,
        131,
        136,
        136,
        69,
        212,
        150,
        34,
        145,
        149,
        109,
        236,
        141,
        49,
        198,
        205,
        20,
        165,
        245,
        92,
        197,
        65,
        34,
        98,
        17,
        219,
        40,
        65,
        68,
        18,
        18,
        91,
        216,
        27,
        99,
        140,
        27,
        106,
        169,
        19,
        113,
        208,
        32,
        11,
        137,
        45,
        197,
        42,
        36,
        18,
        177,
        141,
        189,
        49,
        198,
        184,
        157,
        162,
        180,
        165,
        30,
        212,
        42,
        22,
        145,
        136,
        43,
        168,
        183,
        196,
        131,
        58,
        10,
        33,
        17,
        177,
        137,
        189,
        49,
        198,
        184,
        169,
        106,
        81,
        171,
        88,
        212,
        81,
        22,
        178,
        112,
        13,
        241,
        243,
        226,
        81,
        136,
        8,
        177,
        129,
        189,
        49,
        198,
        184,
        165,
        122,
        79,
        14,
        124,
        0,
        33,
        196,
        70,
        246,
        198,
        24,
        227,
        86,
        74,
        181,
        218,
        82,
        175,
        69,
        86,
        62,
        130,
        32,
        182,
        178,
        55,
        198,
        24,
        111,
        170,
        203,
        136,
        163,
        214,
        162,
        168,
        51,
        34,
        146,
        136,
        69,
        93,
        67,
        188,
        84,
        231,
        196,
        34,
        86,
        117,
        125,
        241,
        194,
        222,
        24,
        99,
        156,
        85,
        151,
        83,
        15,
        186,
        176,
        170,
        103,
        34,
        34,
        130,
        88,
        197,
        170,
        46,
        38,
        14,
        226,
        65,
        173,
        98,
        85,
        167,
        226,
        160,
        113,
        35,
        37,
        78,
        237,
        141,
        49,
        198,
        25,
        181,
        168,
        75,
        137,
        69,
        181,
        74,
        23,
        94,
        139,
        231,
        234,
        10,
        226,
        73,
        168,
        131,
        122,
        174,
        98,
        85,
        183,
        17,
        47,
        237,
        141,
        49,
        198,
        107,
        165,
        168,
        203,
        72,
        173,
        186,
        208,
        122,
        33,
        245,
        76,
        67,
        93,
        92,
        67,
        16,
        7,
        117,
        175,
        206,
        168,
        27,
        74,
        69,
        227,
        196,
        222,
        24,
        99,
        156,
        83,
        165,
        46,
        170,
        43,
        109,
        169,
        115,
        154,
        34,
        181,
        168,
        11,
        75,
        165,
        17,
        71,
        41,
        85,
        139,
        218,
        84,
        42,
        141,
        58,
        177,
        55,
        198,
        24,
        175,
        84,
        171,
        234,
        66,
        42,
        168,
        174,
        80,
        103,
        84,
        212,
        131,
        186,
        188,
        120,
        174,
        170,
        212,
        182,
        26,
        210,
        56,
        181,
        55,
        198,
        24,
        175,
        181,
        218,
        82,
        171,
        248,
        102,
        181,
        168,
        30,
        80,
        167,
        226,
        168,
        68,
        53,
        234,
        146,
        74,
        28,
        196,
        137,
        106,
        149,
        218,
        72,
        173,
        98,
        21,
        207,
        236,
        141,
        49,
        198,
        75,
        69,
        87,
        84,
        168,
        111,
        23,
        165,
        186,
        80,
        111,
        106,
        211,
        212,
        162,
        46,
        169,
        34,
        77,
        227,
        65,
        105,
        181,
        74,
        109,
        168,
        113,
        16,
        39,
        246,
        198,
        24,
        227,
        149,
        62,
        64,
        17,
        223,
        172,
        168,
        106,
        85,
        189,
        214,
        40,
        13,
        117,
        89,
        69,
        232,
        46,
        77,
        227,
        65,
        171,
        218,
        170,
        219,
        171,
        7,
        161,
        137,
        23,
        246,
        198,
        24,
        227,
        133,
        162,
        189,
        107,
        171,
        22,
        81,
        151,
        81,
        170,
        234,
        172,
        166,
        168,
        160,
        46,
        171,
        146,
        187,
        157,
        56,
        213,
        149,
        170,
        13,
        53,
        164,
        196,
        169,
        189,
        49,
        198,
        120,
        165,
        213,
        3,
        171,
        138,
        203,
        40,
        165,
        206,
        106,
        234,
        160,
        46,
        171,
        8,
        210,
        52,
        158,
        244,
        72,
        109,
        163,
        22,
        161,
        187,
        138,
        231,
        246,
        198,
        24,
        227,
        165,
        210,
        234,
        66,
        9,
        117,
        57,
        245,
        150,
        70,
        53,
        46,
        171,
        30,
        84,
        227,
        81,
        171,
        186,
        162,
        162,
        86,
        241,
        164,
        110,
        35,
        149,
        166,
        113,
        98,
        111,
        140,
        49,
        94,
        105,
        171,
        43,
        149,
        250,
        102,
        81,
        191,
        64,
        145,
        186,
        148,
        122,
        38,
        13,
        141,
        71,
        189,
        71,
        213,
        219,
        234,
        218,
        210,
        120,
        110,
        111,
        140,
        49,
        158,
        171,
        162,
        213,
        22,
        37,
        190,
        81,
        253,
        98,
        117,
        105,
        69,
        26,
        13,
        141,
        71,
        165,
        7,
        104,
        28,
        213,
        141,
        53,
        206,
        217,
        27,
        99,
        140,
        23,
        74,
        75,
        45,
        74,
        212,
        197,
        196,
        251,
        234,
        42,
        26,
        47,
        148,
        150,
        182,
        138,
        218,
        70,
        156,
        183,
        55,
        198,
        24,
        207,
        20,
        165,
        213,
        42,
        26,
        151,
        83,
        226,
        77,
        117,
        101,
        241,
        76,
        139,
        250,
        128,
        118,
        198,
        24,
        227,
        133,
        86,
        125,
        62,
        113,
        78,
        75,
        109,
        43,
        18,
        207,
        237,
        140,
        49,
        198,
        169,
        42,
        85,
        139,
        88,
        197,
        69,
        197,
        6,
        178,
        16,
        196,
        131,
        170,
        42,
        106,
        51,
        145,
        133,
        32,
        78,
        237,
        140,
        49,
        198,
        137,
        170,
        131,
        18,
        66,
        92,
        84,
        188,
        35,
        113,
        13,
        137,
        69,
        36,
        78,
        84,
        29,
        36,
        54,
        18,
        177,
        136,
        136,
        103,
        246,
        198,
        24,
        227,
        185,
        182,
        234,
        94,
        44,
        226,
        102,
        226,
        82,
        154,
        58,
        8,
        178,
        16,
        239,
        137,
        91,
        105,
        106,
        21,
        139,
        44,
        68,
        60,
        183,
        55,
        198,
        24,
        175,
        212,
        169,
        248,
        45,
        138,
        168,
        88,
        37,
        136,
        136,
        123,
        117,
        80,
        15,
        226,
        102,
        34,
        69,
        144,
        32,
        17,
        47,
        236,
        140,
        49,
        198,
        169,
        210,
        82,
        171,
        248,
        109,
        75,
        172,
        66,
        18,
        17,
        143,
        234,
        153,
        184,
        169,
        56,
        8,
        73,
        136,
        151,
        118,
        198,
        24,
        227,
        73,
        105,
        81,
        79,
        226,
        55,
        47,
        22,
        17,
        39,
        218,
        250,
        24,
        18,
        34,
        78,
        237,
        140,
        49,
        198,
        75,
        45,
        90,
        191,
        121,
        173,
        69,
        136,
        68,
        16,
        7,
        85,
        212,
        214,
        66,
        66,
        34,
        158,
        217,
        25,
        99,
        140,
        23,
        138,
        214,
        167,
        18,
        171,
        196,
        189,
        90,
        213,
        214,
        18,
        103,
        237,
        140,
        49,
        198,
        137,
        46,
        104,
        45,
        74,
        252,
        150,
        149,
        122,
        144,
        136,
        19,
        173,
        237,
        20,
        117,
        148,
        196,
        42,
        78,
        236,
        140,
        49,
        198,
        75,
        245,
        185,
        4,
        33,
        30,
        148,
        82,
        31,
        65,
        144,
        196,
        115,
        59,
        99,
        140,
        241,
        66,
        209,
        250,
        68,
        146,
        184,
        23,
        7,
        85,
        39,
        98,
        67,
        9,
        226,
        153,
        157,
        49,
        198,
        120,
        166,
        165,
        165,
        62,
        151,
        132,
        184,
        87,
        171,
        218,
        94,
        156,
        181,
        51,
        198,
        24,
        143,
        74,
        105,
        157,
        136,
        79,
        33,
        36,
        98,
        85,
        84,
        125,
        0,
        145,
        144,
        16,
        167,
        118,
        198,
        24,
        227,
        68,
        29,
        180,
        212,
        39,
        18,
        226,
        81,
        91,
        85,
        31,
        67,
        66,
        60,
        183,
        51,
        198,
        24,
        207,
        85,
        75,
        29,
        36,
        62,
        131,
        16,
        171,
        160,
        30,
        149,
        216,
        76,
        18,
        17,
        103,
        236,
        140,
        49,
        198,
        147,
        82,
        245,
        217,
        132,
        144,
        196,
        131,
        86,
        169,
        237,
        133,
        36,
        226,
        153,
        157,
        49,
        198,
        120,
        174,
        180,
        212,
        39,
        145,
        32,
        18,
        71,
        213,
        150,
        82,
        106,
        91,
        65,
        188,
        182,
        51,
        198,
        24,
        167,
        138,
        82,
        159,
        72,
        60,
        136,
        7,
        165,
        62,
        132,
        88,
        196,
        115,
        59,
        99,
        140,
        241,
        76,
        213,
        162,
        62,
        135,
        90,
        69,
        36,
        241,
        168,
        212,
        102,
        234,
        81,
        72,
        226,
        165,
        157,
        49,
        198,
        120,
        169,
        11,
        159,
        75,
        196,
        131,
        46,
        168,
        143,
        33,
        206,
        217,
        25,
        99,
        140,
        19,
        165,
        245,
        217,
        196,
        42,
        226,
        65,
        75,
        235,
        94,
        108,
        36,
        8,
        226,
        133,
        157,
        49,
        198,
        120,
        165,
        104,
        125,
        38,
        17,
        207,
        149,
        218,
        90,
        144,
        120,
        101,
        103,
        140,
        49,
        78,
        181,
        84,
        149,
        250,
        109,
        171,
        71,
        137,
        16,
        139,
        162,
        213,
        186,
        23,
        91,
        74,
        16,
        47,
        237,
        140,
        49,
        198,
        147,
        162,
        69,
        125,
        34,
        241,
        92,
        169,
        143,
        32,
        22,
        113,
        198,
        206,
        24,
        99,
        124,
        122,
        33,
        18,
        71,
        165,
        180,
        165,
        86,
        113,
        91,
        181,
        138,
        119,
        236,
        141,
        49,
        198,
        131,
        86,
        173,
        234,
        45,
        245,
        107,
        197,
        47,
        81,
        95,
        47,
        126,
        137,
        184,
        87,
        74,
        81,
        111,
        168,
        27,
        73,
        144,
        120,
        101,
        111,
        140,
        49,
        78,
        181,
        85,
        231,
        212,
        87,
        169,
        69,
        188,
        163,
        190,
        77,
        17,
        111,
        11,
        137,
        231,
        234,
        73,
        156,
        170,
        91,
        73,
        144,
        56,
        103,
        103,
        140,
        49,
        94,
        171,
        87,
        234,
        27,
        212,
        219,
        234,
        2,
        234,
        13,
        113,
        20,
        79,
        170,
        180,
        212,
        71,
        181,
        51,
        198,
        24,
        247,
        74,
        45,
        234,
        140,
        250,
        38,
        181,
        165,
        32,
        241,
        168,
        90,
        106,
        75,
        65,
        44,
        226,
        140,
        157,
        49,
        198,
        120,
        208,
        106,
        157,
        23,
        223,
        36,
        222,
        20,
        23,
        16,
        111,
        73,
        132,
        120,
        82,
        247,
        106,
        75,
        73,
        36,
        206,
        219,
        27,
        99,
        140,
        163,
        162,
        212,
        121,
        113,
        45,
        113,
        61,
        113,
        16,
        207,
        85,
        91,
        103,
        197,
        85,
        213,
        65,
        4,
        33,
        206,
        218,
        27,
        99,
        140,
        123,
        85,
        165,
        62,
        153,
        88,
        196,
        147,
        82,
        212,
        6,
        226,
        40,
        146,
        72,
        196,
        57,
        123,
        99,
        140,
        113,
        80,
        234,
        29,
        241,
        77,
        234,
        45,
        113,
        9,
        245,
        74,
        42,
        86,
        241,
        66,
        189,
        45,
        110,
        33,
        100,
        229,
        13,
        123,
        99,
        140,
        241,
        164,
        234,
        156,
        88,
        196,
        87,
        171,
        168,
        51,
        98,
        17,
        223,
        172,
        81,
        47,
        5,
        73,
        136,
        19,
        69,
        181,
        104,
        60,
        23,
        139,
        184,
        190,
        136,
        36,
        18,
        103,
        237,
        141,
        49,
        198,
        81,
        23,
        170,
        94,
        11,
        33,
        136,
        95,
        171,
        142,
        154,
        122,
        37,
        132,
        32,
        190,
        94,
        45,
        154,
        122,
        83,
        136,
        7,
        69,
        169,
        106,
        156,
        8,
        66,
        16,
        215,
        150,
        200,
        66,
        226,
        140,
        189,
        49,
        198,
        88,
        213,
        187,
        34,
        66,
        252,
        106,
        81,
        139,
        166,
        169,
        23,
        66,
        68,
        136,
        111,
        144,
        210,
        52,
        245,
        74,
        16,
        196,
        137,
        214,
        170,
        158,
        11,
        17,
        33,
        174,
        45,
        36,
        18,
        33,
        94,
        219,
        27,
        99,
        140,
        39,
        85,
        175,
        69,
        36,
        34,
        226,
        215,
        170,
        148,
        166,
        206,
        137,
        68,
        132,
        248,
        90,
        181,
        170,
        85,
        197,
        51,
        73,
        36,
        158,
        212,
        162,
        90,
        47,
        132,
        136,
        68,
        196,
        181,
        133,
        68,
        18,
        103,
        237,
        141,
        49,
        198,
        162,
        186,
        178,
        42,
        169,
        69,
        45,
        130,
        72,
        34,
        17,
        191,
        88,
        212,
        42,
        165,
        81,
        169,
        39,
        21,
        34,
        18,
        137,
        136,
        69,
        168,
        95,
        45,
        117,
        80,
        74,
        227,
        73,
        44,
        226,
        181,
        58,
        35,
        18,
        73,
        4,
        161,
        174,
        38,
        68,
        132,
        56,
        103,
        111,
        140,
        49,
        78,
        84,
        235,
        181,
        44,
        36,
        34,
        126,
        177,
        88,
        212,
        131,
        90,
        149,
        168,
        7,
        73,
        36,
        17,
        113,
        16,
        191,
        86,
        73,
        235,
        81,
        227,
        65,
        68,
        130,
        136,
        163,
        170,
        163,
        90,
        52,
        238,
        69,
        132,
        172,
        196,
        42,
        174,
        40,
        68,
        196,
        89,
        123,
        99,
        140,
        241,
        168,
        245,
        182,
        44,
        136,
        175,
        81,
        103,
        197,
        34,
        11,
        17,
        95,
        175,
        162,
        206,
        10,
        226,
        153,
        182,
        222,
        144,
        35,
        33,
        234,
        154,
        130,
        8,
        113,
        198,
        222,
        24,
        99,
        60,
        40,
        138,
        122,
        37,
        71,
        196,
        175,
        210,
        80,
        247,
        82,
        245,
        76,
        238,
        137,
        248,
        22,
        149,
        186,
        215,
        120,
        16,
        139,
        136,
        23,
        234,
        156,
        60,
        34,
        174,
        45,
        136,
        55,
        236,
        141,
        49,
        198,
        170,
        11,
        212,
        107,
        33,
        100,
        33,
        196,
        175,
        208,
        168,
        160,
        222,
        22,
        18,
        226,
        171,
        52,
        69,
        234,
        181,
        144,
        133,
        16,
        15,
        234,
        172,
        136,
        131,
        44,
        132,
        184,
        188,
        138,
        138,
        123,
        177,
        136,
        115,
        246,
        198,
        24,
        227,
        81,
        235,
        149,
        134,
        16,
        139,
        136,
        95,
        37,
        37,
        117,
        175,
        14,
        234,
        68,
        18,
        9,
        226,
        171,
        165,
        158,
        105,
        156,
        10,
        113,
        175,
        213,
        90,
        212,
        131,
        138,
        131,
        60,
        144,
        88,
        4,
        117,
        73,
        65,
        28,
        197,
        65,
        156,
        181,
        55,
        198,
        24,
        15,
        234,
        188,
        16,
        196,
        175,
        17,
        117,
        208,
        149,
        247,
        69,
        124,
        189,
        122,
        67,
        144,
        16,
        79,
        74,
        235,
        45,
        9,
        18,
        130,
        18,
        117,
        21,
        113,
        16,
        231,
        237,
        140,
        49,
        6,
        181,
        40,
        218,
        122,
        16,
        207,
        213,
        175,
        209,
        162,
        234,
        153,
        32,
        241,
        82,
        213,
        215,
        169,
        90,
        84,
        61,
        105,
        235,
        32,
        9,
        137,
        7,
        85,
        181,
        168,
        123,
        45,
        181,
        200,
        1,
        89,
        72,
        44,
        130,
        58,
        104,
        93,
        72,
        107,
        85,
        239,
        218,
        27,
        99,
        140,
        131,
        150,
        22,
        117,
        70,
        99,
        209,
        212,
        175,
        83,
        125,
        224,
        109,
        77,
        83,
        95,
        167,
        186,
        240,
        182,
        56,
        81,
        212,
        219,
        18,
        139,
        56,
        40,
        165,
        14,
        234,
        82,
        138,
        168,
        120,
        219,
        222,
        24,
        99,
        156,
        23,
        41,
        66,
        69,
        125,
        149,
        106,
        235,
        160,
        86,
        241,
        92,
        45,
        210,
        212,
        87,
        170,
        30,
        120,
        174,
        17,
        139,
        132,
        44,
        172,
        138,
        58,
        39,
        86,
        9,
        73,
        60,
        170,
        82,
        215,
        16,
        239,
        217,
        27,
        99,
        140,
        69,
        75,
        235,
        68,
        156,
        168,
        80,
        191,
        94,
        181,
        213,
        214,
        59,
        234,
        235,
        149,
        214,
        155,
        130,
        120,
        212,
        86,
        85,
        157,
        19,
        18,
        143,
        170,
        170,
        234,
        226,
        82,
        82,
        241,
        150,
        189,
        49,
        198,
        120,
        210,
        162,
        136,
        85,
        106,
        209,
        160,
        86,
        245,
        11,
        197,
        170,
        84,
        171,
        213,
        122,
        146,
        58,
        170,
        123,
        181,
        138,
        250,
        165,
        162,
        14,
        170,
        213,
        5,
        82,
        167,
        18,
        18,
        66,
        220,
        171,
        55,
        36,
        196,
        42,
        86,
        85,
        173,
        150,
        186,
        172,
        52,
        169,
        120,
        219,
        222,
        24,
        99,
        28,
        149,
        210,
        58,
        163,
        86,
        141,
        95,
        170,
        142,
        74,
        171,
        138,
        122,
        148,
        90,
        53,
        20,
        141,
        131,
        250,
        229,
        234,
        168,
        180,
        90,
        247,
        66,
        29,
        5,
        33,
        17,
        171,
        162,
        84,
        189,
        146,
        32,
        178,
        112,
        175,
        218,
        106,
        213,
        229,
        84,
        104,
        72,
        133,
        198,
        89,
        123,
        99,
        140,
        113,
        80,
        173,
        151,
        226,
        160,
        81,
        141,
        250,
        197,
        130,
        90,
        84,
        169,
        170,
        19,
        113,
        84,
        52,
        234,
        27,
        84,
        85,
        21,
        241,
        92,
        136,
        69,
        172,
        218,
        82,
        111,
        137,
        88,
        196,
        170,
        116,
        165,
        85,
        23,
        84,
        98,
        17,
        26,
        111,
        216,
        27,
        99,
        140,
        71,
        109,
        169,
        151,
        154,
        90,
        52,
        126,
        185,
        58,
        42,
        69,
        157,
        209,
        52,
        69,
        227,
        235,
        21,
        165,
        222,
        16,
        73,
        172,
        106,
        85,
        234,
        172,
        8,
        226,
        160,
        122,
        79,
        75,
        137,
        111,
        87,
        139,
        120,
        16,
        111,
        217,
        27,
        99,
        140,
        85,
        85,
        81,
        103,
        213,
        162,
        68,
        253,
        18,
        177,
        170,
        131,
        162,
        206,
        104,
        42,
        165,
        190,
        81,
        81,
        175,
        69,
        4,
        113,
        175,
        165,
        206,
        138,
        144,
        56,
        209,
        35,
        181,
        168,
        11,
        105,
        154,
        29,
        241,
        142,
        189,
        49,
        198,
        184,
        87,
        171,
        122,
        173,
        162,
        86,
        245,
        203,
        212,
        51,
        117,
        94,
        163,
        46,
        161,
        206,
        137,
        136,
        71,
        109,
        105,
        189,
        45,
        136,
        69,
        117,
        65,
        87,
        234,
        98,
        74,
        26,
        149,
        198,
        219,
        246,
        198,
        24,
        227,
        160,
        104,
        235,
        188,
        186,
        142,
        186,
        190,
        196,
        147,
        162,
        117,
        78,
        196,
        169,
        62,
        80,
        151,
        82,
        7,
        105,
        188,
        107,
        111,
        140,
        49,
        22,
        181,
        40,
        234,
        147,
        104,
        172,
        34,
        196,
        162,
        22,
        69,
        41,
        82,
        15,
        26,
        98,
        145,
        196,
        81,
        91,
        90,
        218,
        170,
        131,
        248,
        70,
        181,
        106,
        52,
        26,
        139,
        56,
        111,
        111,
        140,
        49,
        142,
        90,
        239,
        169,
        175,
        21,
        239,
        169,
        11,
        136,
        243,
        66,
        60,
        105,
        105,
        45,
        234,
        140,
        4,
        241,
        168,
        180,
        168,
        163,
        250,
        102,
        69,
        26,
        26,
        239,
        217,
        25,
        99,
        140,
        71,
        109,
        105,
        157,
        81,
        95,
        173,
        173,
        55,
        213,
        37,
        212,
        57,
        33,
        145,
        56,
        106,
        105,
        189,
        37,
        65,
        60,
        169,
        214,
        189,
        182,
        46,
        160,
        14,
        74,
        44,
        226,
        45,
        59,
        99,
        140,
        161,
        180,
        212,
        162,
        62,
        151,
        16,
        39,
        186,
        114,
        148,
        120,
        16,
        68,
        196,
        170,
        218,
        42,
        93,
        56,
        136,
        203,
        9,
        18,
        17,
        111,
        216,
        25,
        99,
        12,
        138,
        214,
        162,
        174,
        32,
        222,
        20,
        151,
        16,
        103,
        197,
        115,
        173,
        122,
        20,
        47,
        197,
        131,
        162,
        212,
        189,
        196,
        37,
        196,
        42,
        14,
        226,
        109,
        123,
        99,
        140,
        241,
        168,
        245,
        150,
        80,
        95,
        37,
        222,
        21,
        77,
        125,
        147,
        56,
        35,
        66,
        66,
        226,
        73,
        157,
        136,
        123,
        17,
        241,
        90,
        29,
        164,
        46,
        37,
        141,
        69,
        34,
        222,
        179,
        55,
        198,
        24,
        139,
        90,
        148,
        122,
        91,
        92,
        71,
        196,
        213,
        196,
        147,
        42,
        93,
        168,
        215,
        18,
        18,
        143,
        170,
        86,
        169,
        123,
        241,
        141,
        74,
        136,
        16,
        145,
        120,
        203,
        206,
        24,
        99,
        172,
        90,
        159,
        76,
        28,
        196,
        51,
        245,
        76,
        28,
        196,
        42,
        241,
        164,
        234,
        65,
        66,
        18,
        223,
        42,
        14,
        34,
        22,
        241,
        182,
        157,
        49,
        198,
        168,
        162,
        62,
        185,
        170,
        42,
        234,
        149,
        56,
        163,
        45,
        181,
        72,
        92,
        66,
        16,
        34,
        137,
        247,
        236,
        140,
        49,
        134,
        90,
        213,
        39,
        147,
        136,
        103,
        170,
        90,
        47,
        196,
        34,
        158,
        169,
        42,
        234,
        162,
        34,
        18,
        63,
        107,
        103,
        140,
        241,
        221,
        43,
        90,
        159,
        75,
        8,
        241,
        66,
        45,
        234,
        149,
        144,
        56,
        85,
        181,
        170,
        139,
        138,
        85,
        16,
        239,
        216,
        25,
        99,
        12,
        45,
        69,
        125,
        22,
        145,
        88,
        197,
        147,
        150,
        46,
        60,
        23,
        137,
        85,
        60,
        170,
        85,
        91,
        23,
        23,
        34,
        222,
        183,
        55,
        198,
        248,
        222,
        85,
        41,
        245,
        89,
        196,
        81,
        130,
        56,
        106,
        81,
        47,
        197,
        81,
        130,
        56,
        81,
        117,
        21,
        9,
        226,
        93,
        123,
        99,
        140,
        241,
        73,
        197,
        107,
        181,
        42,
        241,
        36,
        196,
        107,
        181,
        168,
        11,
        139,
        69,
        136,
        247,
        236,
        140,
        49,
        190,
        115,
        213,
        133,
        250,
        92,
        146,
        32,
        33,
        238,
        213,
        170,
        212,
        11,
        9,
        226,
        84,
        139,
        182,
        46,
        46,
        17,
        241,
        190,
        157,
        49,
        198,
        88,
        84,
        181,
        62,
        141,
        88,
        196,
        115,
        45,
        85,
        47,
        196,
        34,
        132,
        56,
        168,
        69,
        213,
        162,
        117,
        73,
        65,
        16,
        226,
        109,
        59,
        99,
        140,
        239,
        93,
        81,
        159,
        80,
        196,
        11,
        45,
        234,
        133,
        16,
        113,
        162,
        22,
        117,
        13,
        65,
        226,
        103,
        236,
        140,
        49,
        190,
        111,
        165,
        45,
        85,
        159,
        71,
        36,
        65,
        196,
        121,
        245,
        32,
        36,
        34,
        226,
        81,
        173,
        90,
        165,
        46,
        161,
        181,
        8,
        73,
        8,
        241,
        142,
        157,
        49,
        198,
        88,
        84,
        125,
        54,
        137,
        83,
        173,
        85,
        157,
        19,
        47,
        149,
        82,
        215,
        18,
        239,
        217,
        25,
        99,
        124,
        231,
        138,
        214,
        137,
        248,
        237,
        11,
        33,
        226,
        94,
        75,
        235,
        84,
        173,
        34,
        18,
        34,
        78,
        84,
        235,
        130,
        234,
        68,
        34,
        222,
        181,
        51,
        198,
        248,
        222,
        181,
        165,
        245,
        137,
        132,
        132,
        120,
        169,
        234,
        73,
        29,
        5,
        113,
        27,
        33,
        33,
        222,
        183,
        51,
        198,
        248,
        174,
        213,
        170,
        245,
        73,
        212,
        147,
        16,
        79,
        234,
        29,
        33,
        158,
        212,
        65,
        93,
        94,
        130,
        88,
        197,
        155,
        118,
        198,
        24,
        227,
        160,
        173,
        79,
        160,
        86,
        65,
        136,
        7,
        85,
        45,
        245,
        74,
        72,
        136,
        39,
        213,
        186,
        162,
        248,
        57,
        59,
        99,
        140,
        239,
        92,
        181,
        180,
        14,
        226,
        55,
        173,
        86,
        33,
        9,
        241,
        164,
        74,
        61,
        105,
        173,
        66,
        130,
        120,
        82,
        139,
        86,
        213,
        5,
        149,
        88,
        36,
        72,
        188,
        103,
        103,
        140,
        241,
        125,
        171,
        210,
        250,
        132,
        66,
        18,
        171,
        90,
        212,
        219,
        66,
        18,
        15,
        234,
        122,
        130,
        132,
        120,
        199,
        206,
        24,
        99,
        212,
        81,
        173,
        226,
        83,
        72,
        136,
        71,
        173,
        69,
        157,
        149,
        72,
        60,
        168,
        170,
        235,
        72,
        130,
        248,
        57,
        59,
        99,
        140,
        239,
        94,
        209,
        214,
        111,
        95,
        81,
        7,
        65,
        220,
        171,
        82,
        245,
        66,
        17,
        9,
        113,
        162,
        40,
        117,
        57,
        245,
        36,
        241,
        179,
        118,
        198,
        24,
        223,
        187,
        210,
        162,
        69,
        105,
        253,
        214,
        37,
        65,
        172,
        226,
        168,
        170,
        206,
        8,
        66,
        16,
        139,
        162,
        212,
        245,
        100,
        65,
        188,
        109,
        103,
        140,
        241,
        157,
        171,
        86,
        23,
        22,
        181,
        170,
        223,
        166,
        90,
        213,
        81,
        72,
        98,
        81,
        109,
        189,
        35,
        68,
        226,
        65,
        213,
        65,
        92,
        70,
        173,
        106,
        21,
        7,
        241,
        158,
        189,
        49,
        198,
        247,
        173,
        104,
        45,
        74,
        29,
        213,
        183,
        139,
        247,
        213,
        213,
        84,
        136,
        196,
        137,
        86,
        157,
        23,
        226,
        73,
        107,
        85,
        103,
        213,
        55,
        104,
        44,
        226,
        103,
        237,
        141,
        49,
        190,
        119,
        165,
        43,
        117,
        73,
        21,
        111,
        170,
        235,
        40,
        113,
        86,
        41,
        234,
        181,
        16,
        226,
        168,
        22,
        85,
        231,
        213,
        215,
        41,
        113,
        20,
        89,
        136,
        119,
        236,
        140,
        49,
        190,
        123,
        69,
        169,
        79,
        161,
        14,
        34,
        146,
        8,
        213,
        150,
        210,
        58,
        43,
        18,
        17,
        7,
        109,
        85,
        93,
        82,
        81,
        69,
        136,
        159,
        181,
        51,
        198,
        248,
        174,
        85,
        169,
        170,
        79,
        36,
        136,
        56,
        85,
        234,
        156,
        136,
        88,
        196,
        162,
        138,
        186,
        158,
        248,
        5,
        118,
        198,
        24,
        223,
        179,
        162,
        212,
        229,
        37,
        222,
        150,
        184,
        138,
        16,
        66,
        8,
        17,
        71,
        45,
        117,
        78,
        28,
        36,
        158,
        148,
        122,
        20,
        39,
        226,
        171,
        4,
        145,
        8,
        145,
        68,
        188,
        103,
        111,
        140,
        49,
        142,
        82,
        113,
        51,
        113,
        121,
        37,
        4,
        145,
        72,
        220,
        107,
        105,
        173,
        234,
        149,
        136,
        56,
        170,
        106,
        41,
        234,
        156,
        248,
        10,
        21,
        7,
        145,
        136,
        159,
        181,
        55,
        198,
        248,
        158,
        165,
        164,
        82,
        169,
        184,
        181,
        88,
        213,
        133,
        196,
        65,
        18,
        137,
        32,
        86,
        69,
        209,
        90,
        165,
        94,
        10,
        226,
        168,
        40,
        173,
        203,
        9,
        21,
        137,
        16,
        139,
        120,
        215,
        222,
        24,
        99,
        164,
        113,
        5,
        245,
        150,
        56,
        136,
        131,
        184,
        140,
        58,
        202,
        74,
        136,
        71,
        69,
        169,
        115,
        18,
        226,
        68,
        169,
        179,
        226,
        43,
        53,
        34,
        137,
        68,
        18,
        63,
        99,
        111,
        140,
        241,
        93,
        75,
        211,
        52,
        158,
        139,
        111,
        85,
        26,
        117,
        78,
        16,
        226,
        194,
        162,
        22,
        145,
        123,
        226,
        73,
        235,
        65,
        168,
        163,
        196,
        65,
        196,
        131,
        150,
        58,
        43,
        4,
        241,
        235,
        148,
        88,
        100,
        37,
        136,
        247,
        237,
        141,
        49,
        190,
        111,
        105,
        26,
        71,
        113,
        81,
        245,
        150,
        8,
        177,
        136,
        186,
        156,
        88,
        229,
        128,
        120,
        84,
        165,
        168,
        87,
        18,
        226,
        65,
        91,
        90,
        171,
        122,
        33,
        34,
        196,
        175,
        20,
        181,
        136,
        172,
        36,
        126,
        206,
        222,
        24,
        227,
        59,
        151,
        6,
        105,
        92,
        64,
        28,
        53,
        69,
        83,
        175,
        69,
        68,
        34,
        86,
        113,
        57,
        181,
        136,
        28,
        137,
        123,
        85,
        170,
        245,
        32,
        245,
        36,
        17,
        39,
        106,
        81,
        171,
        212,
        65,
        197,
        34,
        18,
        17,
        171,
        250,
        229,
        98,
        21,
        89,
        17,
        63,
        99,
        111,
        140,
        241,
        189,
        139,
        85,
        92,
        74,
        74,
        170,
        161,
        40,
        113,
        34,
        34,
        145,
        136,
        88,
        213,
        165,
        196,
        42,
        114,
        224,
        153,
        122,
        87,
        60,
        42,
        90,
        245,
        164,
        52,
        18,
        89,
        136,
        131,
        248,
        21,
        138,
        200,
        145,
        159,
        181,
        55,
        198,
        248,
        190,
        197,
        42,
        117,
        20,
        223,
        46,
        84,
        238,
        234,
        65,
        227,
        153,
        144,
        133,
        56,
        136,
        75,
        41,
        66,
        36,
        136,
        123,
        85,
        213,
        82,
        175,
        196,
        34,
        158,
        148,
        214,
        131,
        88,
        212,
        189,
        28,
        136,
        95,
        167,
        196,
        34,
        146,
        32,
        126,
        206,
        222,
        24,
        227,
        187,
        23,
        105,
        92,
        74,
        40,
        26,
        42,
        245,
        66,
        132,
        28,
        17,
        234,
        114,
        226,
        32,
        34,
        113,
        175,
        85,
        85,
        234,
        156,
        36,
        78,
        148,
        58,
        168,
        215,
        114,
        64,
        234,
        87,
        136,
        123,
        17,
        137,
        159,
        183,
        55,
        198,
        248,
        206,
        197,
        37,
        197,
        34,
        181,
        106,
        84,
        189,
        146,
        7,
        196,
        85,
        68,
        60,
        83,
        181,
        168,
        231,
        226,
        40,
        226,
        73,
        117,
        229,
        81,
        29,
        228,
        9,
        81,
        191,
        94,
        72,
        196,
        207,
        218,
        27,
        99,
        124,
        215,
        82,
        105,
        26,
        23,
        18,
        15,
        234,
        156,
        56,
        17,
        139,
        184,
        160,
        18,
        139,
        88,
        52,
        22,
        213,
        82,
        109,
        157,
        17,
        207,
        213,
        123,
        34,
        201,
        78,
        124,
        165,
        16,
        191,
        196,
        222,
        24,
        227,
        251,
        150,
        138,
        11,
        138,
        163,
        166,
        206,
        138,
        85,
        22,
        8,
        117,
        65,
        241,
        168,
        81,
        171,
        106,
        171,
        168,
        39,
        41,
        145,
        136,
        69,
        60,
        169,
        82,
        234,
        153,
        32,
        34,
        145,
        248,
        74,
        177,
        136,
        159,
        183,
        55,
        198,
        248,
        206,
        165,
        196,
        197,
        165,
        82,
        91,
        105,
        104,
        80,
        90,
        85,
        47,
        165,
        142,
        18,
        79,
        170,
        170,
        85,
        231,
        68,
        86,
        86,
        241,
        85,
        226,
        151,
        216,
        27,
        99,
        124,
        239,
        162,
        46,
        38,
        22,
        141,
        250,
        89,
        13,
        117,
        37,
        117,
        175,
        180,
        170,
        11,
        207,
        132,
        16,
        196,
        115,
        181,
        168,
        71,
        169,
        85,
        66,
        72,
        196,
        170,
        126,
        189,
        248,
        101,
        246,
        86,
        119,
        198,
        24,
        223,
        179,
        184,
        138,
        122,
        91,
        137,
        10,
        117,
        37,
        169,
        85,
        105,
        213,
        89,
        137,
        32,
        78,
        148,
        182,
        94,
        136,
        16,
        18,
        226,
        32,
        174,
        225,
        206,
        106,
        239,
        160,
        181,
        248,
        63,
        141,
        49,
        198,
        216,
        82,
        235,
        96,
        135,
        82,
        99,
        140,
        49,
        62,
        128,
        82,
        236,
        40,
        119,
        238,
        140,
        49,
        198,
        216,
        220,
        157,
        59,
        202,
        206,
        226,
        206,
        221,
        157,
        49,
        198,
        24,
        155,
        187,
        187,
        115,
        103,
        145,
        197,
        110,
        247,
        195,
        239,
        126,
        247,
        187,
        253,
        143,
        251,
        31,
        246,
        187,
        36,
        198,
        24,
        99,
        220,
        86,
        219,
        187,
        159,
        190,
        252,
        244,
        15,
        63,
        253,
        245,
        175,
        127,
        253,
        114,
        119,
        215,
        238,
        209,
        246,
        110,
        241,
        87,
        237,
        110,
        151,
        24,
        99,
        140,
        113,
        91,
        237,
        221,
        221,
        151,
        47,
        127,
        189,
        91,
        180,
        197,
        158,
        166,
        119,
        95,
        118,
        137,
        187,
        223,
        125,
        201,
        110,
        103,
        140,
        49,
        198,
        173,
        221,
        221,
        245,
        238,
        175,
        119,
        95,
        126,
        250,
        242,
        229,
        174,
        202,
        94,
        211,
        180,
        63,
        69,
        119,
        119,
        249,
        33,
        59,
        99,
        140,
        49,
        110,
        237,
        174,
        95,
        122,
        119,
        247,
        211,
        151,
        159,
        90,
        85,
        123,
        139,
        250,
        226,
        175,
        237,
        46,
        187,
        47,
        98,
        140,
        49,
        198,
        173,
        213,
        221,
        93,
        239,
        190,
        252,
        116,
        247,
        165,
        181,
        216,
        55,
        138,
        47,
        254,
        122,
        183,
        203,
        78,
        98,
        140,
        49,
        198,
        173,
        181,
        238,
        122,
        247,
        165,
        95,
        186,
        160,
        123,
        154,
        226,
        75,
        154,
        216,
        177,
        51,
        198,
        24,
        227,
        182,
        238,
        184,
        211,
        222,
        117,
        165,
        68,
        136,
        36,
        18,
        59,
        99,
        140,
        49,
        182,
        113,
        167,
        213,
        86,
        105,
        8,
        17,
        17,
        196,
        24,
        99,
        140,
        219,
        43,
        170,
        170,
        84,
        16,
        130,
        32,
        198,
        24,
        99,
        108,
        161,
        40,
        74,
        137,
        69,
        44,
        98,
        140,
        49,
        198,
        182,
        106,
        81,
        196,
        81,
        140,
        49,
        198,
        216,
        94,
        29,
        252,
        255,
        114,
        224,
        226,
        187,
        2,
        3,
        255,
        194,
        0,
        0,
        0,
        0,
        73,
        69,
        78,
        68,
        174,
        66,
        96,
        130
      ]
    },
    "stat": {
      "dev": 16777220,
      "mode": 33188,
      "nlink": 1,
      "uid": 501,
      "gid": 20,
      "rdev": 0,
      "blksize": 4194304,
      "ino": 2088773,
      "size": 11698,
      "blocks": 24,
      "atime": "2018-04-17T07:59:11.794Z",
      "mtime": "2018-03-22T08:50:41.040Z",
      "ctime": "2018-03-22T08:50:41.040Z",
      "birthtime": "2018-03-22T08:50:41.039Z"
    },
    "history": [
      "/Users/jiangheng/Desktop/work-code/xxd-h5/src/mods/openaccount/yhimgs/yzyh_bg@2x.png"
    ],
    "path": "/Users/jiangheng/Desktop/work-code/xxd-h5/src/mods/openaccount/yhimgs/yzyh_bg@2x.png",
    "gulpCache$filePathChangedInsideTask": false,
    "gulpCache$fileBaseChangedInsideTask": false,
    "gulpCache$originalPath": "/Users/jiangheng/Desktop/work-code/xxd-h5/src/mods/openaccount/yhimgs/yzyh_bg@2x.png",
    "gulpCache$originalBase": "/Users/jiangheng/Desktop/work-code/xxd-h5/src/mods/"
  }
]