[
  {
    "cwd": "/Users/jiangheng/Desktop/work-code/xxd-h5",
    "base": "/Users/jiangheng/Desktop/work-code/xxd-h5/src/mods/",
    "contents": {
      "type": "Buffer",
      "data": [
        137,
        80,
        78,
        71,
        13,
        10,
        26,
        10,
        0,
        0,
        0,
        13,
        73,
        72,
        68,
        82,
        0,
        0,
        0,
        42,
        0,
        0,
        0,
        42,
        8,
        6,
        0,
        0,
        0,
        197,
        195,
        201,
        91,
        0,
        0,
        4,
        46,
        73,
        68,
        65,
        84,
        120,
        218,
        212,
        153,
        105,
        72,
        20,
        113,
        24,
        198,
        103,
        93,
        171,
        205,
        45,
        43,
        35,
        75,
        187,
        239,
        16,
        250,
        82,
        31,
        138,
        210,
        36,
        186,
        47,
        132,
        46,
        43,
        42,
        10,
        58,
        80,
        34,
        136,
        18,
        11,
        34,
        136,
        194,
        36,
        136,
        34,
        233,
        130,
        40,
        250,
        80,
        116,
        216,
        129,
        69,
        55,
        93,
        132,
        210,
        5,
        69,
        135,
        209,
        37,
        9,
        81,
        146,
        153,
        43,
        105,
        102,
        216,
        246,
        188,
        245,
        108,
        77,
        211,
        184,
        187,
        243,
        159,
        49,
        183,
        23,
        126,
        12,
        51,
        227,
        204,
        60,
        251,
        63,
        222,
        75,
        87,
        101,
        76,
        140,
        230,
        128,
        121,
        65,
        79,
        16,
        7,
        154,
        129,
        58,
        80,
        1,
        94,
        129,
        207,
        193,
        30,
        108,
        83,
        93,
        29,
        214,
        7,
        162,
        21,
        133,
        181,
        2,
        105,
        96,
        28,
        24,
        1,
        186,
        55,
        240,
        119,
        126,
        80,
        2,
        174,
        129,
        11,
        224,
        116,
        40,
        225,
        13,
        153,
        203,
        226,
        136,
        246,
        1,
        171,
        192,
        92,
        142,
        162,
        198,
        15,
        63,
        1,
        207,
        192,
        123,
        142,
        102,
        11,
        16,
        15,
        250,
        129,
        36,
        158,
        139,
        85,
        129,
        125,
        96,
        43,
        40,
        181,
        50,
        162,
        225,
        10,
        141,
        5,
        27,
        65,
        38,
        112,
        131,
        114,
        112,
        24,
        228,
        131,
        34,
        138,
        107,
        200,
        60,
        96,
        56,
        152,
        9,
        210,
        69,
        27,
        248,
        10,
        182,
        128,
        13,
        16,
        90,
        227,
        148,
        208,
        100,
        138,
        234,
        12,
        222,
        129,
        28,
        176,
        87,
        113,
        10,
        91,
        241,
        199,
        102,
        115,
        61,
        203,
        26,
        158,
        9,
        177,
        247,
        66,
        61,
        24,
        21,
        226,
        126,
        6,
        215,
        151,
        136,
        220,
        5,
        6,
        128,
        60,
        213,
        117,
        6,
        251,
        4,
        54,
        131,
        254,
        224,
        0,
        232,
        5,
        10,
        125,
        94,
        239,
        28,
        59,
        66,
        87,
        131,
        157,
        20,
        53,
        149,
        35,
        225,
        211,
        156,
        49,
        89,
        58,
        11,
        192,
        124,
        110,
        184,
        131,
        16,
        155,
        161,
        50,
        245,
        75,
        193,
        110,
        190,
        112,
        2,
        184,
        171,
        53,
        158,
        165,
        130,
        2,
        208,
        26,
        204,
        198,
        50,
        56,
        18,
        174,
        208,
        100,
        78,
        119,
        45,
        24,
        9,
        238,
        52,
        162,
        200,
        31,
        187,
        30,
        163,
        57,
        146,
        238,
        235,
        27,
        24,
        130,
        107,
        15,
        66,
        77,
        125,
        44,
        55,
        142,
        236,
        236,
        121,
        10,
        34,
        163,
        233,
        194,
        220,
        22,
        197,
        94,
        229,
        210,
        18,
        55,
        118,
        24,
        194,
        91,
        132,
        18,
        186,
        158,
        27,
        103,
        15,
        56,
        169,
        16,
        157,
        238,
        131,
        231,
        178,
        65,
        64,
        115,
        139,
        98,
        197,
        147,
        28,
        229,
        134,
        205,
        14,
        54,
        245,
        61,
        192,
        11,
        240,
        129,
        142,
        218,
        234,
        198,
        25,
        3,
        46,
        234,
        206,
        135,
        130,
        91,
        225,
        76,
        125,
        192,
        48,
        146,
        9,
        56,
        60,
        101,
        24,
        238,
        134,
        123,
        229,
        102,
        35,
        154,
        205,
        41,
        219,
        164,
        184,
        187,
        189,
        134,
        243,
        150,
        10,
        235,
        245,
        45,
        163,
        150,
        60,
        187,
        210,
        108,
        234,
        99,
        24,
        22,
        43,
        56,
        237,
        77,
        105,
        219,
        185,
        145,
        23,
        98,
        132,
        221,
        70,
        161,
        83,
        24,
        53,
        142,
        216,
        112,
        230,
        78,
        121,
        1,
        25,
        172,
        83,
        160,
        35,
        24,
        109,
        20,
        58,
        158,
        199,
        99,
        54,
        190,
        81,
        227,
        160,
        222,
        227,
        60,
        142,
        53,
        10,
        77,
        1,
        95,
        152,
        96,
        168,
        90,
        157,
        131,
        66,
        175,
        48,
        98,
        165,
        234,
        133,
        122,
        24,
        115,
        139,
        185,
        54,
        154,
        220,
        56,
        253,
        165,
        116,
        85,
        191,
        132,
        138,
        72,
        23,
        243,
        201,
        72,
        50,
        209,
        227,
        197,
        134,
        74,
        12,
        8,
        141,
        229,
        141,
        138,
        8,
        19,
        26,
        208,
        211,
        90,
        63,
        245,
        26,
        215,
        104,
        36,
        89,
        173,
        222,
        31,
        71,
        233,
        118,
        171,
        39,
        194,
        132,
        6,
        66,
        102,
        117,
        64,
        104,
        21,
        47,
        116,
        176,
        249,
        226,
        74,
        195,
        249,
        7,
        155,
        239,
        107,
        175,
        171,
        179,
        126,
        8,
        149,
        114,
        160,
        30,
        244,
        181,
        249,
        226,
        7,
        140,
        106,
        101,
        172,
        135,
        30,
        218,
        124,
        159,
        228,
        27,
        85,
        240,
        0,
        101,
        250,
        164,
        164,
        152,
        233,
        89,
        59,
        150,
        11,
        255,
        210,
        21,
        253,
        117,
        13,
        59,
        189,
        19,
        14,
        18,
        247,
        139,
        112,
        127,
        152,
        222,
        225,
        95,
        103,
        46,
        153,
        18,
        33,
        235,
        115,
        148,
        78,
        215,
        31,
        145,
        233,
        60,
        143,
        233,
        17,
        34,
        116,
        6,
        143,
        231,
        140,
        66,
        207,
        210,
        111,
        77,
        3,
        109,
        109,
        124,
        32,
        139,
        37,
        69,
        166,
        234,
        11,
        152,
        147,
        78,
        2,
        175,
        193,
        77,
        163,
        208,
        58,
        214,
        234,
        146,
        65,
        45,
        83,
        252,
        198,
        56,
        150,
        194,
        146,
        72,
        236,
        96,
        226,
        172,
        250,
        99,
        101,
        25,
        238,
        198,
        250,
        252,
        102,
        150,
        56,
        111,
        163,
        147,
        205,
        98,
        138,
        101,
        213,
        18,
        12,
        231,
        241,
        10,
        163,
        217,
        155,
        189,
        4,
        31,
        251,
        8,
        166,
        53,
        147,
        236,
        178,
        92,
        134,
        212,
        237,
        10,
        66,
        243,
        89,
        43,
        105,
        44,
        73,
        206,
        89,
        20,
        233,
        162,
        56,
        9,
        60,
        235,
        48,
        154,
        190,
        96,
        229,
        178,
        135,
        5,
        154,
        116,
        50,
        22,
        115,
        57,
        88,
        181,
        150,
        86,
        146,
        239,
        128,
        123,
        130,
        208,
        213,
        44,
        131,
        110,
        131,
        97,
        184,
        94,
        31,
        170,
        174,
        31,
        200,
        63,
        150,
        50,
        96,
        178,
        161,
        96,
        107,
        172,
        186,
        126,
        58,
        171,
        11,
        241,
        225,
        131,
        112,
        237,
        101,
        56,
        45,
        157,
        135,
        172,
        159,
        220,
        44,
        9,
        198,
        55,
        166,
        80,
        136,
        20,
        87,
        116,
        136,
        209,
        113,
        186,
        153,
        200,
        96,
        189,
        39,
        41,
        5,
        22,
        177,
        33,
        80,
        96,
        195,
        19,
        4,
        109,
        39,
        129,
        53,
        108,
        120,
        136,
        205,
        130,
        200,
        75,
        42,
        77,
        178,
        253,
        242,
        11,
        181,
        159,
        189,
        204,
        60,
        142,
        110,
        87,
        135,
        68,
        202,
        238,
        22,
        81,
        57,
        76,
        58,
        38,
        66,
        228,
        9,
        213,
        110,
        158,
        198,
        110,
        201,
        96,
        46,
        135,
        52,
        54,
        7,
        114,
        109,
        100,
        90,
        137,
        116,
        131,
        143,
        25,
        38,
        111,
        115,
        77,
        94,
        14,
        57,
        252,
        97,
        118,
        156,
        165,
        115,
        177,
        66,
        220,
        6,
        27,
        13,
        18,
        32,
        206,
        208,
        37,
        73,
        223,
        232,
        93,
        144,
        103,
        187,
        176,
        217,
        150,
        206,
        160,
        16,
        205,
        148,
        112,
        45,
        157,
        122,
        125,
        88,
        235,
        196,
        98,
        15,
        95,
        194,
        235,
        114,
        176,
        132,
        61,
        170,
        128,
        189,
        97,
        207,
        233,
        35,
        167,
        82,
        218,
        223,
        113,
        44,
        206,
        244,
        142,
        191,
        132,
        169,
        224,
        142,
        64,
        150,
        230,
        116,
        15,
        223,
        108,
        201,
        164,
        106,
        191,
        255,
        43,
        146,
        68,
        113,
        70,
        19,
        225,
        143,
        192,
        13,
        6,
        128,
        66,
        150,
        193,
        65,
        211,
        60,
        39,
        133,
        154,
        89,
        28,
        197,
        198,
        50,
        4,
        86,
        154,
        100,
        253,
        97,
        229,
        163,
        166,
        66,
        253,
        126,
        191,
        246,
        63,
        216,
        119,
        1,
        6,
        0,
        64,
        120,
        49,
        76,
        17,
        40,
        214,
        78,
        0,
        0,
        0,
        0,
        73,
        69,
        78,
        68,
        174,
        66,
        96,
        130
      ]
    },
    "stat": {
      "dev": 16777220,
      "mode": 33188,
      "nlink": 1,
      "uid": 501,
      "gid": 20,
      "rdev": 0,
      "blksize": 4194304,
      "ino": 2088738,
      "size": 1984,
      "blocks": 8,
      "atime": "2018-04-17T07:59:11.792Z",
      "mtime": "2018-03-22T08:50:41.031Z",
      "ctime": "2018-03-22T08:50:41.031Z",
      "birthtime": "2018-03-22T08:50:41.031Z"
    },
    "history": [
      "/Users/jiangheng/Desktop/work-code/xxd-h5/src/mods/openaccount/imgs/notice_icon@3x.png"
    ],
    "path": "/Users/jiangheng/Desktop/work-code/xxd-h5/src/mods/openaccount/imgs/notice_icon@3x.png",
    "gulpCache$filePathChangedInsideTask": false,
    "gulpCache$fileBaseChangedInsideTask": false,
    "gulpCache$originalPath": "/Users/jiangheng/Desktop/work-code/xxd-h5/src/mods/openaccount/imgs/notice_icon@3x.png",
    "gulpCache$originalBase": "/Users/jiangheng/Desktop/work-code/xxd-h5/src/mods/"
  }
]