[
  {
    "cwd": "/Users/jiangheng/Desktop/work-code/xxd-h5",
    "base": "/Users/jiangheng/Desktop/work-code/xxd-h5/src/mods/",
    "contents": {
      "type": "Buffer",
      "data": [
        60,
        33,
        68,
        79,
        67,
        84,
        89,
        80,
        69,
        32,
        104,
        116,
        109,
        108,
        62,
        10,
        60,
        104,
        116,
        109,
        108,
        32,
        108,
        97,
        110,
        103,
        61,
        34,
        101,
        110,
        34,
        62,
        10,
        60,
        104,
        101,
        97,
        100,
        62,
        10,
        32,
        32,
        32,
        32,
        60,
        109,
        101,
        116,
        97,
        32,
        99,
        104,
        97,
        114,
        115,
        101,
        116,
        61,
        34,
        85,
        84,
        70,
        45,
        56,
        34,
        62,
        10,
        32,
        32,
        32,
        32,
        60,
        109,
        101,
        116,
        97,
        32,
        99,
        111,
        110,
        116,
        101,
        110,
        116,
        61,
        34,
        119,
        105,
        100,
        116,
        104,
        61,
        100,
        101,
        118,
        105,
        99,
        101,
        45,
        119,
        105,
        100,
        116,
        104,
        44,
        32,
        105,
        110,
        105,
        116,
        105,
        97,
        108,
        45,
        115,
        99,
        97,
        108,
        101,
        61,
        49,
        46,
        48,
        44,
        32,
        109,
        97,
        120,
        105,
        109,
        117,
        109,
        45,
        115,
        99,
        97,
        108,
        101,
        61,
        49,
        46,
        48,
        44,
        32,
        117,
        115,
        101,
        114,
        45,
        115,
        99,
        97,
        108,
        97,
        98,
        108,
        101,
        61,
        48,
        59,
        34,
        32,
        110,
        97,
        109,
        101,
        61,
        34,
        118,
        105,
        101,
        119,
        112,
        111,
        114,
        116,
        34,
        47,
        62,
        10,
        32,
        32,
        32,
        32,
        60,
        116,
        105,
        116,
        108,
        101,
        62,
        230,
        150,
        176,
        230,
        150,
        176,
        232,
        180,
        183,
        45,
        230,
        136,
        145,
        231,
        154,
        132,
        230,
        150,
        176,
        230,
        150,
        176,
        229,
        184,
        129,
        60,
        47,
        116,
        105,
        116,
        108,
        101,
        62,
        10,
        32,
        32,
        32,
        32,
        60,
        108,
        105,
        110,
        107,
        32,
        114,
        101,
        108,
        61,
        34,
        115,
        116,
        121,
        108,
        101,
        115,
        104,
        101,
        101,
        116,
        34,
        32,
        104,
        114,
        101,
        102,
        61,
        34,
        46,
        46,
        47,
        99,
        115,
        115,
        47,
        98,
        97,
        115,
        101,
        46,
        99,
        115,
        115,
        34,
        62,
        10,
        32,
        32,
        32,
        32,
        60,
        108,
        105,
        110,
        107,
        32,
        114,
        101,
        108,
        61,
        34,
        115,
        116,
        121,
        108,
        101,
        115,
        104,
        101,
        101,
        116,
        34,
        32,
        104,
        114,
        101,
        102,
        61,
        34,
        105,
        110,
        100,
        101,
        120,
        46,
        99,
        115,
        115,
        34,
        62,
        10,
        32,
        32,
        32,
        32,
        60,
        115,
        99,
        114,
        105,
        112,
        116,
        32,
        115,
        114,
        99,
        61,
        34,
        46,
        46,
        47,
        98,
        97,
        115,
        101,
        46,
        106,
        115,
        34,
        62,
        60,
        47,
        115,
        99,
        114,
        105,
        112,
        116,
        62,
        10,
        60,
        47,
        104,
        101,
        97,
        100,
        62,
        10,
        60,
        98,
        111,
        100,
        121,
        62,
        10,
        60,
        100,
        105,
        118,
        32,
        99,
        108,
        97,
        115,
        115,
        61,
        34,
        120,
        120,
        98,
        45,
        98,
        111,
        120,
        34,
        62,
        10,
        32,
        32,
        32,
        32,
        60,
        100,
        105,
        118,
        32,
        99,
        108,
        97,
        115,
        115,
        61,
        34,
        99,
        111,
        109,
        109,
        111,
        110,
        45,
        104,
        101,
        97,
        100,
        101,
        114,
        32,
        120,
        120,
        98,
        45,
        104,
        101,
        97,
        100,
        101,
        114,
        34,
        62,
        10,
        32,
        32,
        32,
        32,
        32,
        32,
        32,
        32,
        60,
        97,
        32,
        104,
        114,
        101,
        102,
        61,
        34,
        35,
        34,
        32,
        99,
        108,
        97,
        115,
        115,
        61,
        34,
        97,
        114,
        114,
        111,
        119,
        45,
        108,
        101,
        102,
        116,
        45,
        105,
        99,
        111,
        110,
        32,
        104,
        101,
        97,
        100,
        101,
        114,
        45,
        108,
        101,
        102,
        116,
        45,
        97,
        114,
        114,
        111,
        119,
        34,
        62,
        60,
        47,
        97,
        62,
        10,
        32,
        32,
        32,
        32,
        32,
        32,
        32,
        32,
        60,
        100,
        105,
        118,
        32,
        99,
        108,
        97,
        115,
        115,
        61,
        34,
        99,
        111,
        109,
        109,
        111,
        110,
        45,
        104,
        101,
        97,
        100,
        101,
        114,
        45,
        116,
        105,
        116,
        34,
        62,
        230,
        136,
        145,
        231,
        154,
        132,
        230,
        150,
        176,
        230,
        150,
        176,
        229,
        184,
        129,
        60,
        47,
        100,
        105,
        118,
        62,
        10,
        32,
        32,
        32,
        32,
        32,
        32,
        32,
        32,
        60,
        97,
        32,
        104,
        114,
        101,
        102,
        61,
        34,
        35,
        34,
        32,
        99,
        108,
        97,
        115,
        115,
        61,
        34,
        104,
        101,
        97,
        100,
        101,
        114,
        45,
        114,
        105,
        103,
        104,
        116,
        45,
        98,
        116,
        110,
        34,
        62,
        229,
        133,
        145,
        230,
        141,
        162,
        232,
        174,
        176,
        229,
        189,
        149,
        60,
        47,
        97,
        62,
        10,
        32,
        32,
        32,
        32,
        60,
        47,
        100,
        105,
        118,
        62,
        10,
        32,
        32,
        32,
        32,
        60,
        100,
        105,
        118,
        32,
        99,
        108,
        97,
        115,
        115,
        61,
        34,
        120,
        120,
        98,
        45,
        99,
        111,
        110,
        116,
        97,
        105,
        110,
        101,
        114,
        34,
        62,
        10,
        32,
        32,
        32,
        32,
        32,
        32,
        32,
        32,
        60,
        100,
        105,
        118,
        32,
        99,
        108,
        97,
        115,
        115,
        61,
        34,
        120,
        120,
        98,
        45,
        100,
        101,
        116,
        97,
        105,
        108,
        34,
        62,
        10,
        32,
        32,
        32,
        32,
        32,
        32,
        32,
        32,
        32,
        32,
        32,
        32,
        60,
        100,
        105,
        118,
        32,
        99,
        108,
        97,
        115,
        115,
        61,
        34,
        120,
        120,
        98,
        45,
        99,
        111,
        117,
        110,
        116,
        45,
        119,
        114,
        97,
        112,
        112,
        101,
        114,
        34,
        62,
        10,
        32,
        32,
        32,
        32,
        32,
        32,
        32,
        32,
        32,
        32,
        32,
        32,
        32,
        32,
        32,
        32,
        60,
        100,
        105,
        118,
        32,
        99,
        108,
        97,
        115,
        115,
        61,
        34,
        120,
        120,
        98,
        45,
        99,
        111,
        117,
        110,
        116,
        34,
        62,
        10,
        32,
        32,
        32,
        32,
        32,
        32,
        32,
        32,
        32,
        32,
        32,
        32,
        32,
        32,
        32,
        32,
        32,
        32,
        32,
        32,
        60,
        112,
        32,
        99,
        108,
        97,
        115,
        115,
        61,
        34,
        99,
        111,
        117,
        110,
        116,
        34,
        62,
        50,
        50,
        50,
        48,
        228,
        184,
        170,
        60,
        47,
        112,
        62,
        10,
        32,
        32,
        32,
        32,
        32,
        32,
        32,
        32,
        32,
        32,
        32,
        32,
        32,
        32,
        32,
        32,
        32,
        32,
        32,
        32,
        60,
        112,
        32,
        99,
        108,
        97,
        115,
        115,
        61,
        34,
        116,
        120,
        116,
        34,
        62,
        230,
        150,
        176,
        230,
        150,
        176,
        229,
        184,
        129,
        230,
        128,
        187,
        233,
        162,
        157,
        60,
        47,
        112,
        62,
        10,
        32,
        32,
        32,
        32,
        32,
        32,
        32,
        32,
        32,
        32,
        32,
        32,
        32,
        32,
        32,
        32,
        60,
        47,
        100,
        105,
        118,
        62,
        10,
        32,
        32,
        32,
        32,
        32,
        32,
        32,
        32,
        32,
        32,
        32,
        32,
        32,
        32,
        32,
        32,
        60,
        100,
        105,
        118,
        32,
        99,
        108,
        97,
        115,
        115,
        61,
        34,
        120,
        120,
        98,
        45,
        97,
        109,
        111,
        117,
        110,
        116,
        34,
        62,
        10,
        32,
        32,
        32,
        32,
        32,
        32,
        32,
        32,
        32,
        32,
        32,
        32,
        32,
        32,
        32,
        32,
        32,
        32,
        32,
        32,
        60,
        112,
        32,
        99,
        108,
        97,
        115,
        115,
        61,
        34,
        99,
        111,
        117,
        110,
        116,
        34,
        62,
        52,
        52,
        46,
        52,
        229,
        133,
        131,
        60,
        47,
        112,
        62,
        10,
        32,
        32,
        32,
        32,
        32,
        32,
        32,
        32,
        32,
        32,
        32,
        32,
        32,
        32,
        32,
        32,
        32,
        32,
        32,
        32,
        60,
        112,
        32,
        99,
        108,
        97,
        115,
        115,
        61,
        34,
        116,
        120,
        116,
        34,
        62,
        229,
        143,
        175,
        229,
        133,
        145,
        230,
        141,
        162,
        233,
        135,
        145,
        233,
        162,
        157,
        60,
        47,
        112,
        62,
        10,
        32,
        32,
        32,
        32,
        32,
        32,
        32,
        32,
        32,
        32,
        32,
        32,
        32,
        32,
        32,
        32,
        60,
        47,
        100,
        105,
        118,
        62,
        10,
        32,
        32,
        32,
        32,
        32,
        32,
        32,
        32,
        32,
        32,
        32,
        32,
        60,
        47,
        100,
        105,
        118,
        62,
        10,
        32,
        32,
        32,
        32,
        32,
        32,
        32,
        32,
        32,
        32,
        32,
        32,
        60,
        112,
        32,
        99,
        108,
        97,
        115,
        115,
        61,
        34,
        101,
        120,
        99,
        104,
        97,
        110,
        103,
        101,
        45,
        116,
        105,
        112,
        115,
        34,
        62,
        230,
        150,
        176,
        230,
        150,
        176,
        229,
        184,
        129,
        229,
        133,
        145,
        230,
        141,
        162,
        228,
        186,
        186,
        230,
        176,
        145,
        229,
        184,
        129,
        231,
        154,
        132,
        230,
        175,
        148,
        228,
        190,
        139,
        228,
        184,
        186,
        53,
        48,
        58,
        49,
        239,
        188,
        140,
        229,
        133,
        145,
        230,
        141,
        162,
        230,
        136,
        144,
        229,
        138,
        159,
        229,
        144,
        142,
        233,
        135,
        145,
        233,
        162,
        157,
        229,
        162,
        158,
        229,
        138,
        160,
        232,
        135,
        179,
        232,
        180,
        166,
        230,
        136,
        183,
        228,
        189,
        153,
        233,
        162,
        157,
        60,
        47,
        112,
        62,
        10,
        32,
        32,
        32,
        32,
        32,
        32,
        32,
        32,
        60,
        47,
        100,
        105,
        118,
        62,
        10,
        32,
        32,
        32,
        32,
        32,
        32,
        32,
        32,
        60,
        100,
        105,
        118,
        32,
        99,
        108,
        97,
        115,
        115,
        61,
        34,
        120,
        120,
        98,
        45,
        101,
        120,
        99,
        104,
        97,
        110,
        103,
        101,
        34,
        62,
        10,
        32,
        32,
        32,
        32,
        32,
        32,
        32,
        32,
        32,
        32,
        32,
        32,
        60,
        100,
        105,
        118,
        32,
        99,
        108,
        97,
        115,
        115,
        61,
        34,
        105,
        110,
        112,
        117,
        116,
        45,
        119,
        114,
        97,
        112,
        112,
        101,
        114,
        34,
        62,
        10,
        32,
        32,
        32,
        32,
        32,
        32,
        32,
        32,
        32,
        32,
        32,
        32,
        32,
        32,
        32,
        32,
        60,
        115,
        112,
        97,
        110,
        32,
        99,
        108,
        97,
        115,
        115,
        61,
        34,
        105,
        110,
        112,
        117,
        116,
        45,
        108,
        101,
        102,
        116,
        34,
        62,
        230,
        136,
        145,
        231,
        154,
        132,
        229,
        133,
        145,
        230,
        141,
        162,
        60,
        47,
        115,
        112,
        97,
        110,
        62,
        10,
        32,
        32,
        32,
        32,
        32,
        32,
        32,
        32,
        32,
        32,
        32,
        32,
        32,
        32,
        32,
        32,
        60,
        105,
        110,
        112,
        117,
        116,
        32,
        116,
        121,
        112,
        101,
        61,
        34,
        116,
        101,
        120,
        116,
        34,
        32,
        112,
        108,
        97,
        99,
        101,
        104,
        111,
        108,
        100,
        101,
        114,
        61,
        34,
        232,
        175,
        183,
        232,
        190,
        147,
        229,
        133,
        165,
        229,
        133,
        145,
        230,
        141,
        162,
        230,
        150,
        176,
        230,
        150,
        176,
        229,
        184,
        129,
        228,
        184,
        170,
        230,
        149,
        176,
        34,
        62,
        10,
        32,
        32,
        32,
        32,
        32,
        32,
        32,
        32,
        32,
        32,
        32,
        32,
        32,
        32,
        32,
        32,
        60,
        98,
        117,
        116,
        116,
        111,
        110,
        62,
        229,
        133,
        168,
        233,
        131,
        168,
        229,
        133,
        145,
        230,
        141,
        162,
        60,
        47,
        98,
        117,
        116,
        116,
        111,
        110,
        62,
        10,
        32,
        32,
        32,
        32,
        32,
        32,
        32,
        32,
        32,
        32,
        32,
        32,
        32,
        32,
        32,
        32,
        60,
        112,
        32,
        99,
        108,
        97,
        115,
        115,
        61,
        34,
        101,
        120,
        99,
        104,
        97,
        110,
        103,
        101,
        45,
        99,
        111,
        117,
        110,
        116,
        34,
        62,
        229,
        176,
        134,
        229,
        133,
        145,
        230,
        141,
        162,
        48,
        46,
        48,
        48,
        229,
        133,
        131,
        60,
        47,
        112,
        62,
        10,
        32,
        32,
        32,
        32,
        32,
        32,
        32,
        32,
        32,
        32,
        32,
        32,
        60,
        47,
        100,
        105,
        118,
        62,
        10,
        32,
        32,
        32,
        32,
        32,
        32,
        32,
        32,
        32,
        32,
        32,
        32,
        60,
        33,
        45,
        45,
        60,
        100,
        105,
        118,
        32,
        99,
        108,
        97,
        115,
        115,
        61,
        34,
        105,
        110,
        112,
        117,
        116,
        45,
        119,
        114,
        97,
        112,
        112,
        101,
        114,
        34,
        62,
        45,
        45,
        62,
        10,
        32,
        32,
        32,
        32,
        32,
        32,
        32,
        32,
        32,
        32,
        32,
        32,
        32,
        32,
        32,
        32,
        60,
        33,
        45,
        45,
        60,
        115,
        112,
        97,
        110,
        32,
        99,
        108,
        97,
        115,
        115,
        61,
        34,
        105,
        110,
        112,
        117,
        116,
        45,
        108,
        101,
        102,
        116,
        34,
        62,
        230,
        148,
        175,
        228,
        187,
        152,
        229,
        175,
        134,
        231,
        160,
        129,
        60,
        47,
        115,
        112,
        97,
        110,
        62,
        45,
        45,
        62,
        10,
        32,
        32,
        32,
        32,
        32,
        32,
        32,
        32,
        32,
        32,
        32,
        32,
        32,
        32,
        32,
        32,
        60,
        33,
        45,
        45,
        60,
        105,
        110,
        112,
        117,
        116,
        32,
        116,
        121,
        112,
        101,
        61,
        34,
        116,
        101,
        120,
        116,
        34,
        32,
        112,
        108,
        97,
        99,
        101,
        104,
        111,
        108,
        100,
        101,
        114,
        61,
        34,
        232,
        175,
        183,
        232,
        190,
        147,
        229,
        133,
        165,
        230,
        148,
        175,
        228,
        187,
        152,
        229,
        175,
        134,
        231,
        160,
        129,
        34,
        62,
        45,
        45,
        62,
        10,
        32,
        32,
        32,
        32,
        32,
        32,
        32,
        32,
        32,
        32,
        32,
        32,
        32,
        32,
        32,
        32,
        60,
        33,
        45,
        45,
        60,
        98,
        117,
        116,
        116,
        111,
        110,
        62,
        229,
        191,
        152,
        232,
        174,
        176,
        230,
        148,
        175,
        228,
        187,
        152,
        229,
        175,
        134,
        231,
        160,
        129,
        239,
        188,
        159,
        60,
        47,
        98,
        117,
        116,
        116,
        111,
        110,
        62,
        45,
        45,
        62,
        10,
        32,
        32,
        32,
        32,
        32,
        32,
        32,
        32,
        32,
        32,
        32,
        32,
        60,
        33,
        45,
        45,
        60,
        47,
        100,
        105,
        118,
        62,
        45,
        45,
        62,
        10,
        32,
        32,
        32,
        32,
        32,
        32,
        32,
        32,
        32,
        32,
        32,
        32,
        60,
        33,
        45,
        45,
        60,
        100,
        105,
        118,
        32,
        99,
        108,
        97,
        115,
        115,
        61,
        34,
        105,
        110,
        112,
        117,
        116,
        45,
        119,
        114,
        97,
        112,
        112,
        101,
        114,
        32,
        97,
        117,
        116,
        104,
        99,
        111,
        100,
        101,
        45,
        105,
        110,
        112,
        117,
        116,
        34,
        62,
        45,
        45,
        62,
        10,
        32,
        32,
        32,
        32,
        32,
        32,
        32,
        32,
        32,
        32,
        32,
        32,
        32,
        32,
        32,
        32,
        60,
        33,
        45,
        45,
        60,
        115,
        112,
        97,
        110,
        32,
        99,
        108,
        97,
        115,
        115,
        61,
        34,
        105,
        110,
        112,
        117,
        116,
        45,
        108,
        101,
        102,
        116,
        34,
        62,
        233,
        170,
        140,
        232,
        175,
        129,
        231,
        160,
        129,
        60,
        47,
        115,
        112,
        97,
        110,
        62,
        45,
        45,
        62,
        10,
        32,
        32,
        32,
        32,
        32,
        32,
        32,
        32,
        32,
        32,
        32,
        32,
        32,
        32,
        32,
        32,
        60,
        33,
        45,
        45,
        60,
        105,
        110,
        112,
        117,
        116,
        32,
        116,
        121,
        112,
        101,
        61,
        34,
        116,
        101,
        120,
        116,
        34,
        32,
        112,
        108,
        97,
        99,
        101,
        104,
        111,
        108,
        100,
        101,
        114,
        61,
        34,
        232,
        175,
        183,
        232,
        190,
        147,
        229,
        133,
        165,
        229,
        155,
        190,
        231,
        137,
        135,
        233,
        170,
        140,
        232,
        175,
        129,
        231,
        160,
        129,
        34,
        62,
        45,
        45,
        62,
        10,
        32,
        32,
        32,
        32,
        32,
        32,
        32,
        32,
        32,
        32,
        32,
        32,
        32,
        32,
        32,
        32,
        60,
        33,
        45,
        45,
        60,
        115,
        112,
        97,
        110,
        32,
        99,
        108,
        97,
        115,
        115,
        61,
        34,
        97,
        117,
        116,
        104,
        99,
        111,
        100,
        101,
        45,
        105,
        109,
        103,
        34,
        62,
        60,
        105,
        109,
        103,
        32,
        115,
        114,
        99,
        61,
        34,
        34,
        32,
        97,
        108,
        116,
        61,
        34,
        34,
        62,
        229,
        155,
        190,
        231,
        137,
        135,
        233,
        170,
        140,
        232,
        175,
        129,
        231,
        160,
        129,
        60,
        47,
        115,
        112,
        97,
        110,
        62,
        45,
        45,
        62,
        10,
        32,
        32,
        32,
        32,
        32,
        32,
        32,
        32,
        32,
        32,
        32,
        32,
        60,
        33,
        45,
        45,
        60,
        47,
        100,
        105,
        118,
        62,
        45,
        45,
        62,
        10,
        32,
        32,
        32,
        32,
        32,
        32,
        32,
        32,
        60,
        47,
        100,
        105,
        118,
        62,
        10,
        32,
        32,
        32,
        32,
        32,
        32,
        32,
        32,
        60,
        100,
        105,
        118,
        32,
        99,
        108,
        97,
        115,
        115,
        61,
        34,
        100,
        105,
        118,
        45,
        98,
        116,
        110,
        34,
        62,
        10,
        32,
        32,
        32,
        32,
        32,
        32,
        32,
        32,
        32,
        32,
        32,
        32,
        60,
        98,
        117,
        116,
        116,
        111,
        110,
        32,
        99,
        108,
        97,
        115,
        115,
        61,
        34,
        120,
        120,
        100,
        45,
        120,
        108,
        45,
        98,
        116,
        110,
        34,
        62,
        231,
        171,
        139,
        229,
        141,
        179,
        229,
        133,
        145,
        230,
        141,
        162,
        60,
        47,
        98,
        117,
        116,
        116,
        111,
        110,
        62,
        10,
        32,
        32,
        32,
        32,
        32,
        32,
        32,
        32,
        60,
        47,
        100,
        105,
        118,
        62,
        10,
        32,
        32,
        32,
        32,
        60,
        47,
        100,
        105,
        118,
        62,
        10,
        60,
        47,
        100,
        105,
        118,
        62,
        10,
        60,
        47,
        98,
        111,
        100,
        121,
        62,
        10,
        60,
        47,
        104,
        116,
        109,
        108,
        62
      ]
    },
    "stat": {
      "dev": 16777220,
      "mode": 33188,
      "nlink": 1,
      "uid": 501,
      "gid": 20,
      "rdev": 0,
      "blksize": 4194304,
      "ino": 2088899,
      "size": 2354,
      "blocks": 8,
      "atime": "2018-04-17T07:59:11.783Z",
      "mtime": "2018-03-22T08:50:41.067Z",
      "ctime": "2018-03-22T08:50:41.067Z",
      "birthtime": "2018-03-22T08:50:41.067Z"
    },
    "history": [
      "/Users/jiangheng/Desktop/work-code/xxd-h5/src/mods/xxb/index.html"
    ],
    "path": "/Users/jiangheng/Desktop/work-code/xxd-h5/src/mods/xxb/index.html",
    "gulpCache$filePathChangedInsideTask": false,
    "gulpCache$fileBaseChangedInsideTask": false,
    "gulpCache$originalPath": "/Users/jiangheng/Desktop/work-code/xxd-h5/src/mods/xxb/index.html",
    "gulpCache$originalBase": "/Users/jiangheng/Desktop/work-code/xxd-h5/src/mods/"
  }
]