[
  {
    "cwd": "/Users/jiangheng/Desktop/work-code/xxd-h5",
    "base": "/Users/jiangheng/Desktop/work-code/xxd-h5/src/mods/",
    "contents": {
      "type": "Buffer",
      "data": [
        137,
        80,
        78,
        71,
        13,
        10,
        26,
        10,
        0,
        0,
        0,
        13,
        73,
        72,
        68,
        82,
        0,
        0,
        0,
        54,
        0,
        0,
        0,
        60,
        8,
        6,
        0,
        0,
        0,
        45,
        222,
        73,
        187,
        0,
        0,
        4,
        224,
        73,
        68,
        65,
        84,
        120,
        218,
        220,
        154,
        125,
        104,
        85,
        101,
        28,
        199,
        207,
        61,
        27,
        81,
        42,
        106,
        203,
        25,
        243,
        106,
        154,
        46,
        2,
        203,
        196,
        108,
        38,
        146,
        98,
        67,
        157,
        127,
        152,
        249,
        178,
        63,
        154,
        47,
        9,
        18,
        10,
        18,
        98,
        74,
        205,
        32,
        19,
        39,
        182,
        41,
        42,
        24,
        40,
        165,
        136,
        46,
        172,
        38,
        69,
        224,
        36,
        18,
        139,
        90,
        104,
        137,
        102,
        22,
        205,
        76,
        197,
        156,
        160,
        205,
        151,
        74,
        167,
        110,
        243,
        101,
        110,
        250,
        253,
        122,
        127,
        7,
        30,
        142,
        247,
        229,
        156,
        61,
        207,
        217,
        61,
        119,
        63,
        248,
        176,
        237,
        222,
        179,
        231,
        220,
        207,
        61,
        207,
        121,
        158,
        223,
        243,
        123,
        78,
        164,
        160,
        236,
        127,
        43,
        224,
        152,
        8,
        222,
        0,
        163,
        65,
        111,
        208,
        4,
        142,
        128,
        207,
        193,
        86,
        112,
        91,
        167,
        241,
        67,
        203,
        114,
        226,
        190,
        110,
        7,
        40,
        196,
        51,
        86,
        131,
        111,
        192,
        116,
        145,
        98,
        116,
        21,
        201,
        77,
        224,
        24,
        24,
        30,
        196,
        201,
        117,
        197,
        30,
        2,
        125,
        64,
        15,
        215,
        235,
        185,
        224,
        71,
        240,
        74,
        138,
        255,
        31,
        4,
        246,
        129,
        66,
        215,
        235,
        143,
        128,
        190,
        160,
        75,
        71,
        138,
        245,
        3,
        229,
        224,
        40,
        184,
        5,
        254,
        1,
        13,
        224,
        63,
        80,
        41,
        31,
        114,
        23,
        120,
        214,
        99,
        123,
        148,
        248,
        10,
        140,
        7,
        171,
        192,
        9,
        208,
        12,
        206,
        74,
        183,
        173,
        151,
        118,
        71,
        249,
        249,
        144,
        17,
        31,
        247,
        24,
        191,
        132,
        119,
        192,
        10,
        185,
        82,
        233,
        136,
        47,
        193,
        124,
        112,
        217,
        212,
        61,
        22,
        145,
        111,
        173,
        60,
        141,
        82,
        140,
        98,
        240,
        51,
        232,
        101,
        170,
        43,
        206,
        5,
        179,
        172,
        112,
        196,
        211,
        224,
        99,
        19,
        98,
        89,
        96,
        165,
        21,
        174,
        152,
        6,
        158,
        215,
        21,
        27,
        9,
        242,
        172,
        240,
        197,
        84,
        93,
        177,
        254,
        86,
        56,
        99,
        144,
        174,
        88,
        107,
        72,
        197,
        110,
        233,
        138,
        253,
        18,
        82,
        177,
        195,
        186,
        98,
        167,
        193,
        247,
        33,
        147,
        226,
        196,
        189,
        211,
        196,
        112,
        191,
        80,
        178,
        129,
        176,
        196,
        18,
        201,
        116,
        180,
        197,
        254,
        148,
        188,
        239,
        90,
        8,
        164,
        202,
        76,
        205,
        99,
        78,
        176,
        59,
        14,
        147,
        220,
        48,
        29,
        193,
        220,
        180,
        8,
        44,
        247,
        114,
        112,
        182,
        143,
        134,
        185,
        220,
        88,
        3,
        162,
        105,
        144,
        186,
        2,
        230,
        200,
        58,
        206,
        104,
        118,
        255,
        36,
        56,
        32,
        235,
        170,
        116,
        196,
        163,
        96,
        63,
        40,
        49,
        41,
        86,
        192,
        36,
        26,
        12,
        73,
        243,
        189,
        197,
        229,
        205,
        103,
        146,
        222,
        69,
        116,
        197,
        94,
        4,
        223,
        121,
        201,
        166,
        59,
        48,
        222,
        3,
        155,
        37,
        135,
        109,
        151,
        216,
        11,
        96,
        47,
        232,
        30,
        194,
        201,
        153,
        53,
        148,
        79,
        146,
        93,
        185,
        68,
        98,
        3,
        193,
        215,
        33,
        149,
        114,
        98,
        6,
        88,
        239,
        71,
        140,
        163,
        223,
        110,
        165,
        248,
        18,
        230,
        88,
        52,
        98,
        229,
        229,
        69,
        94,
        197,
        56,
        249,
        13,
        214,
        72,
        76,
        119,
        128,
        227,
        30,
        143,
        191,
        3,
        170,
        192,
        31,
        26,
        114,
        235,
        32,
        55,
        54,
        149,
        24,
        135,
        243,
        153,
        58,
        223,
        32,
        152,
        109,
        197,
        74,
        106,
        63,
        164,
        56,
        182,
        69,
        206,
        87,
        34,
        131,
        212,
        249,
        118,
        158,
        147,
        14,
        85,
        144,
        203,
        77,
        36,
        198,
        18,
        218,
        70,
        205,
        174,
        113,
        85,
        126,
        50,
        175,
        156,
        148,
        68,
        174,
        69,
        234,
        23,
        213,
        242,
        55,
        139,
        166,
        55,
        52,
        206,
        251,
        56,
        248,
        48,
        145,
        88,
        169,
        28,
        160,
        19,
        107,
        65,
        190,
        34,
        55,
        69,
        230,
        192,
        100,
        82,
        206,
        255,
        13,
        212,
        60,
        247,
        107,
        184,
        106,
        69,
        110,
        177,
        94,
        146,
        193,
        235,
        6,
        139,
        167,
        53,
        138,
        28,
        147,
        230,
        9,
        138,
        92,
        155,
        116,
        117,
        85,
        170,
        2,
        188,
        101,
        104,
        48,
        89,
        13,
        57,
        91,
        21,
        155,
        39,
        163,
        161,
        137,
        136,
        138,
        92,
        63,
        165,
        123,
        78,
        144,
        148,
        236,
        117,
        240,
        133,
        75,
        170,
        212,
        224,
        40,
        57,
        84,
        86,
        33,
        247,
        197,
        34,
        50,
        225,
        153,
        140,
        168,
        220,
        95,
        125,
        21,
        185,
        151,
        192,
        167,
        202,
        49,
        31,
        24,
        150,
        114,
        226,
        77,
        71,
        108,
        168,
        36,
        185,
        65,
        20,
        91,
        106,
        20,
        185,
        54,
        229,
        189,
        165,
        224,
        221,
        128,
        230,
        182,
        113,
        232,
        142,
        121,
        20,
        155,
        24,
        224,
        4,
        234,
        200,
        69,
        93,
        82,
        229,
        1,
        79,
        220,
        147,
        108,
        201,
        222,
        117,
        227,
        182,
        44,
        2,
        179,
        164,
        107,
        171,
        228,
        187,
        22,
        167,
        21,
        113,
        142,
        33,
        185,
        146,
        198,
        153,
        136,
        49,
        20,
        123,
        198,
        64,
        67,
        71,
        36,
        97,
        110,
        211,
        104,
        131,
        53,
        140,
        143,
        12,
        137,
        61,
        71,
        177,
        60,
        67,
        163,
        209,
        40,
        205,
        54,
        186,
        89,
        177,
        61,
        2,
        19,
        209,
        223,
        54,
        148,
        193,
        115,
        17,
        248,
        19,
        184,
        155,
        0,
        53,
        151,
        251,
        61,
        193,
        49,
        215,
        173,
        20,
        101,
        107,
        31,
        209,
        35,
        219,
        224,
        13,
        203,
        13,
        187,
        131,
        242,
        33,
        221,
        113,
        65,
        249,
        189,
        90,
        228,
        220,
        209,
        83,
        210,
        176,
        44,
        19,
        31,
        134,
        98,
        55,
        193,
        195,
        154,
        237,
        112,
        112,
        24,
        230,
        49,
        223,
        123,
        63,
        201,
        123,
        139,
        153,
        173,
        27,
        240,
        106,
        102,
        87,
        108,
        50,
        84,
        69,
        186,
        97,
        160,
        157,
        122,
        67,
        189,
        167,
        49,
        91,
        150,
        11,
        143,
        105,
        54,
        196,
        253,
        230,
        237,
        86,
        108,
        67,
        61,
        94,
        87,
        220,
        163,
        116,
        199,
        201,
        86,
        236,
        137,
        130,
        7,
        238,
        11,
        131,
        153,
        200,
        85,
        138,
        157,
        180,
        188,
        111,
        132,
        39,
        139,
        57,
        66,
        188,
        120,
        89,
        17,
        43,
        147,
        81,
        52,
        200,
        168,
        179,
        125,
        172,
        118,
        51,
        41,
        254,
        178,
        37,
        235,
        238,
        108,
        241,
        171,
        45,
        247,
        69,
        107,
        39,
        19,
        171,
        177,
        101,
        98,
        220,
        23,
        240,
        137,
        10,
        148,
        185,
        170,
        79,
        192,
        231,
        58,
        122,
        104,
        89,
        206,
        89,
        103,
        161,
        185,
        45,
        224,
        147,
        113,
        51,
        131,
        91,
        81,
        117,
        146,
        236,
        6,
        25,
        85,
        234,
        10,
        154,
        79,
        188,
        52,
        4,
        124,
        194,
        193,
        114,
        197,
        130,
        140,
        86,
        231,
        34,
        217,
        74,
        225,
        101,
        109,
        39,
        184,
        183,
        118,
        160,
        27,
        214,
        171,
        98,
        140,
        13,
        224,
        98,
        6,
        75,
        177,
        88,
        187,
        194,
        249,
        67,
        21,
        107,
        4,
        11,
        50,
        88,
        172,
        2,
        87,
        171,
        46,
        158,
        24,
        131,
        143,
        215,
        85,
        102,
        160,
        20,
        203,
        123,
        171,
        212,
        23,
        226,
        213,
        238,
        23,
        100,
        216,
        164,
        205,
        92,
        183,
        24,
        87,
        171,
        37,
        149,
        24,
        7,
        146,
        87,
        153,
        150,
        100,
        128,
        20,
        203,
        9,
        69,
        156,
        183,
        220,
        111,
        36,
        218,
        31,
        251,
        151,
        5,
        17,
        89,
        56,
        134,
        53,
        40,
        83,
        8,
        169,
        218,
        120,
        111,
        218,
        41,
        190,
        141,
        194,
        14,
        152,
        188,
        219,
        149,
        50,
        129,
        17,
        160,
        54,
        209,
        1,
        169,
        246,
        160,
        155,
        165,
        192,
        194,
        173,
        158,
        75,
        33,
        16,
        226,
        231,
        225,
        83,
        57,
        227,
        92,
        229,
        6,
        223,
        98,
        106,
        154,
        242,
        148,
        76,
        226,
        55,
        211,
        32,
        196,
        140,
        130,
        27,
        234,
        172,
        81,
        174,
        247,
        146,
        180,
        251,
        121,
        50,
        135,
        59,
        39,
        111,
        131,
        39,
        172,
        216,
        35,
        9,
        23,
        58,
        64,
        136,
        247,
        250,
        106,
        48,
        192,
        138,
        61,
        228,
        236,
        121,
        115,
        208,
        110,
        231,
        201,
        88,
        144,
        97,
        77,
        158,
        187,
        40,
        91,
        192,
        25,
        131,
        50,
        127,
        91,
        177,
        194,
        41,
        43,
        203,
        172,
        121,
        178,
        36,
        126,
        206,
        111,
        35,
        217,
        154,
        221,
        227,
        91,
        193,
        146,
        111,
        149,
        55,
        244,
        16,
        73,
        120,
        41,
        30,
        149,
        90,
        70,
        183,
        56,
        87,
        255,
        146,
        192,
        199,
        6,
        79,
        129,
        223,
        184,
        64,
        180,
        12,
        61,
        171,
        117,
        79,
        128,
        1,
        0,
        31,
        245,
        12,
        108,
        35,
        59,
        222,
        53,
        0,
        0,
        0,
        0,
        73,
        69,
        78,
        68,
        174,
        66,
        96,
        130
      ]
    },
    "stat": {
      "dev": 16777220,
      "mode": 33188,
      "nlink": 1,
      "uid": 501,
      "gid": 20,
      "rdev": 0,
      "blksize": 4194304,
      "ino": 2088651,
      "size": 2162,
      "blocks": 8,
      "atime": "2018-04-17T07:59:11.790Z",
      "mtime": "2018-03-22T08:50:41.002Z",
      "ctime": "2018-03-22T08:50:41.002Z",
      "birthtime": "2018-03-22T08:50:41.002Z"
    },
    "history": [
      "/Users/jiangheng/Desktop/work-code/xxd-h5/src/mods/home/imgs/my_xxd_icon_act@3x.png"
    ],
    "path": "/Users/jiangheng/Desktop/work-code/xxd-h5/src/mods/home/imgs/my_xxd_icon_act@3x.png",
    "gulpCache$filePathChangedInsideTask": false,
    "gulpCache$fileBaseChangedInsideTask": false,
    "gulpCache$originalPath": "/Users/jiangheng/Desktop/work-code/xxd-h5/src/mods/home/imgs/my_xxd_icon_act@3x.png",
    "gulpCache$originalBase": "/Users/jiangheng/Desktop/work-code/xxd-h5/src/mods/"
  }
]