[
  {
    "cwd": "/Users/jiangheng/Desktop/work-code/xxd-h5",
    "base": "/Users/jiangheng/Desktop/work-code/xxd-h5/src/mods/",
    "contents": {
      "type": "Buffer",
      "data": [
        137,
        80,
        78,
        71,
        13,
        10,
        26,
        10,
        0,
        0,
        0,
        13,
        73,
        72,
        68,
        82,
        0,
        0,
        0,
        79,
        0,
        0,
        0,
        79,
        8,
        6,
        0,
        0,
        0,
        170,
        52,
        152,
        134,
        0,
        0,
        9,
        129,
        73,
        68,
        65,
        84,
        120,
        218,
        237,
        93,
        103,
        80,
        21,
        87,
        20,
        38,
        49,
        213,
        76,
        52,
        198,
        73,
        49,
        101,
        18,
        13,
        70,
        211,
        76,
        239,
        197,
        17,
        75,
        76,
        108,
        41,
        104,
        18,
        11,
        154,
        162,
        41,
        198,
        110,
        198,
        50,
        182,
        196,
        222,
        48,
        118,
        1,
        11,
        66,
        68,
        35,
        168,
        177,
        55,
        108,
        8,
        168,
        17,
        131,
        16,
        123,
        69,
        121,
        150,
        40,
        34,
        162,
        40,
        72,
        57,
        185,
        223,
        186,
        207,
        121,
        62,
        118,
        247,
        222,
        189,
        111,
        121,
        5,
        57,
        51,
        231,
        7,
        203,
        190,
        91,
        190,
        221,
        123,
        206,
        119,
        206,
        185,
        239,
        62,
        63,
        34,
        242,
        243,
        144,
        150,
        99,
        90,
        139,
        233,
        23,
        76,
        7,
        48,
        141,
        98,
        186,
        133,
        233,
        126,
        166,
        54,
        166,
        89,
        116,
        77,
        178,
        212,
        191,
        113,
        125,
        43,
        211,
        24,
        166,
        163,
        152,
        6,
        169,
        159,
        47,
        231,
        169,
        57,
        184,
        187,
        195,
        106,
        76,
        187,
        49,
        93,
        197,
        52,
        155,
        172,
        145,
        108,
        181,
        189,
        110,
        106,
        251,
        165,
        10,
        188,
        138,
        76,
        59,
        48,
        141,
        99,
        90,
        68,
        37,
        43,
        69,
        106,
        63,
        29,
        212,
        126,
        125,
        22,
        188,
        170,
        76,
        167,
        48,
        189,
        66,
        158,
        145,
        92,
        181,
        255,
        170,
        190,
        4,
        158,
        63,
        211,
        112,
        166,
        249,
        228,
        29,
        146,
        175,
        142,
        167,
        186,
        55,
        131,
        87,
        129,
        233,
        24,
        166,
        121,
        228,
        157,
        146,
        167,
        142,
        175,
        130,
        183,
        129,
        215,
        132,
        105,
        58,
        249,
        134,
        164,
        171,
        227,
        245,
        56,
        120,
        229,
        153,
        134,
        146,
        111,
        74,
        168,
        58,
        126,
        143,
        128,
        7,
        219,
        150,
        66,
        190,
        45,
        41,
        234,
        60,
        220,
        10,
        94,
        109,
        166,
        231,
        168,
        116,
        200,
        57,
        117,
        62,
        110,
        1,
        47,
        80,
        165,
        1,
        165,
        73,
        114,
        213,
        121,
        149,
        40,
        120,
        173,
        153,
        22,
        80,
        233,
        20,
        204,
        171,
        77,
        73,
        129,
        23,
        88,
        138,
        129,
        115,
        4,
        48,
        208,
        106,
        240,
        2,
        188,
        152,
        191,
        149,
        4,
        31,
        12,
        176,
        10,
        60,
        127,
        135,
        12,
        199,
        205,
        34,
        89,
        34,
        94,
        88,
        132,
        199,
        165,
        208,
        205,
        41,
        41,
        60,
        30,
        200,
        3,
        47,
        132,
        110,
        110,
        9,
        145,
        5,
        175,
        49,
        149,
        9,
        169,
        56,
        152,
        2,
        175,
        162,
        213,
        177,
        106,
        94,
        126,
        1,
        37,
        236,
        74,
        167,
        144,
        165,
        201,
        212,
        101,
        210,
        90,
        250,
        184,
        247,
        159,
        244,
        114,
        135,
        25,
        244,
        240,
        231,
        227,
        233,
        158,
        143,
        70,
        147,
        95,
        157,
        97,
        215,
        245,
        238,
        134,
        163,
        232,
        190,
        38,
        193,
        244,
        84,
        171,
        169,
        84,
        187,
        235,
        31,
        20,
        52,
        124,
        41,
        13,
        152,
        21,
        71,
        139,
        54,
        239,
        39,
        219,
        217,
        108,
        119,
        131,
        103,
        211,
        203,
        13,
        234,
        129,
        23,
        108,
        69,
        175,
        169,
        135,
        207,
        208,
        208,
        63,
        18,
        232,
        131,
        46,
        145,
        116,
        103,
        131,
        145,
        55,
        0,
        36,
        170,
        0,
        246,
        209,
        230,
        19,
        233,
        137,
        47,
        39,
        95,
        215,
        183,
        59,
        206,
        166,
        174,
        236,
        1,
        44,
        78,
        56,
        64,
        151,
        115,
        221,
        146,
        249,
        26,
        39,
        10,
        222,
        211,
        76,
        175,
        202,
        246,
        114,
        248,
        228,
        121,
        26,
        20,
        190,
        153,
        170,
        183,
        153,
        38,
        12,
        208,
        35,
        129,
        19,
        232,
        211,
        254,
        49,
        212,
        111,
        198,
        38,
        138,
        88,
        243,
        47,
        37,
        238,
        182,
        81,
        250,
        153,
        108,
        186,
        146,
        103,
        12,
        76,
        126,
        65,
        161,
        187,
        192,
        3,
        30,
        53,
        68,
        192,
        155,
        43,
        211,
        250,
        234,
        237,
        71,
        168,
        81,
        159,
        249,
        116,
        75,
        0,
        31,
        172,
        7,
        62,
        253,
        157,
        218,
        12,
        91,
        66,
        115,
        98,
        119,
        121,
        98,
        25,
        202,
        202,
        60,
        30,
        120,
        207,
        50,
        45,
        52,
        11,
        218,
        155,
        63,
        133,
        115,
        1,
        187,
        183,
        209,
        24,
        106,
        55,
        114,
        25,
        173,
        79,
        78,
        163,
        194,
        162,
        34,
        95,
        116,
        28,
        133,
        42,
        62,
        186,
        224,
        133,
        137,
        182,
        180,
        247,
        88,
        6,
        53,
        248,
        101,
        46,
        23,
        52,
        216,
        168,
        113,
        49,
        127,
        211,
        197,
        203,
        242,
        1,
        202,
        213,
        252,
        66,
        58,
        246,
        223,
        5,
        74,
        218,
        127,
        138,
        98,
        119,
        28,
        85,
        28,
        135,
        93,
        87,
        253,
        125,
        152,
        54,
        238,
        60,
        70,
        187,
        211,
        206,
        210,
        153,
        243,
        57,
        238,
        200,
        1,
        106,
        130,
        87,
        153,
        4,
        138,
        53,
        176,
        51,
        67,
        34,
        19,
        232,
        142,
        250,
        198,
        14,
        0,
        94,
        52,
        116,
        89,
        178,
        114,
        191,
        25,
        73,
        59,
        157,
        69,
        81,
        235,
        118,
        83,
        247,
        41,
        177,
        84,
        175,
        103,
        20,
        61,
        214,
        98,
        34,
        221,
        26,
        48,
        92,
        216,
        126,
        194,
        49,
        61,
        255,
        77,
        24,
        125,
        54,
        96,
        1,
        13,
        142,
        140,
        167,
        53,
        73,
        71,
        232,
        66,
        142,
        101,
        73,
        32,
        224,
        115,
        191,
        22,
        120,
        93,
        120,
        159,
        60,
        145,
        113,
        145,
        222,
        235,
        28,
        97,
        56,
        120,
        76,
        180,
        231,
        212,
        117,
        116,
        233,
        138,
        152,
        207,
        41,
        40,
        44,
        82,
        222,
        166,
        142,
        227,
        87,
        83,
        181,
        150,
        83,
        164,
        60,
        50,
        79,
        203,
        213,
        29,
        78,
        239,
        119,
        142,
        164,
        97,
        115,
        18,
        233,
        64,
        186,
        203,
        105,
        200,
        174,
        90,
        224,
        109,
        55,
        250,
        4,
        150,
        204,
        67,
        159,
        141,
        55,
        28,
        36,
        120,
        217,
        150,
        221,
        54,
        161,
        17,
        28,
        103,
        203,
        176,
        239,
        244,
        141,
        220,
        54,
        75,
        66,
        97,
        163,
        103,
        172,
        216,
        201,
        245,
        230,
        122,
        80,
        56,
        131,
        87,
        205,
        232,
        238,
        117,
        255,
        164,
        41,
        196,
        213,
        104,
        64,
        13,
        123,
        205,
        163,
        204,
        108,
        126,
        137,
        22,
        84,
        166,
        237,
        136,
        165,
        116,
        91,
        189,
        17,
        110,
        7,
        77,
        203,
        235,
        143,
        136,
        218,
        34,
        67,
        119,
        252,
        29,
        193,
        235,
        172,
        119,
        23,
        140,
        49,
        15,
        184,
        150,
        67,
        22,
        43,
        203,
        207,
        72,
        114,
        114,
        175,
        82,
        15,
        182,
        156,
        111,
        175,
        239,
        121,
        208,
        180,
        120,
        230,
        188,
        245,
        123,
        204,
        128,
        215,
        217,
        17,
        188,
        149,
        90,
        119,
        192,
        62,
        84,
        106,
        26,
        108,
        216,
        241,
        87,
        131,
        255,
        226,
        2,
        7,
        210,
        251,
        228,
        87,
        147,
        189,
        14,
        52,
        103,
        109,
        214,
        47,
        154,
        206,
        101,
        95,
        22,
        1,
        111,
        165,
        29,
        60,
        236,
        50,
        186,
        80,
        44,
        169,
        127,
        181,
        64,
        241,
        90,
        70,
        157,
        189,
        197,
        194,
        36,
        196,
        172,
        70,
        50,
        117,
        201,
        63,
        150,
        45,
        209,
        7,
        217,
        50,
        195,
        152,
        222,
        237,
        20,
        161,
        196,
        188,
        118,
        125,
        238,
        235,
        80,
        197,
        187,
        91,
        209,
        7,
        168,
        85,
        242,
        193,
        211,
        60,
        240,
        192,
        236,
        203,
        1,
        188,
        90,
        90,
        255,
        237,
        19,
        182,
        129,
        75,
        122,
        121,
        209,
        1,
        188,
        155,
        236,
        36,
        0,
        72,
        167,
        9,
        107,
        40,
        146,
        133,
        107,
        136,
        145,
        121,
        15,
        73,
        225,
        17,
        204,
        1,
        224,
        94,
        132,
        120,
        240,
        222,
        207,
        180,
        11,
        145,
        234,
        187,
        66,
        163,
        177,
        180,
        117,
        207,
        9,
        94,
        119,
        181,
        252,
        212,
        162,
        71,
        49,
        163,
        206,
        179,
        77,
        227,
        23,
        24,
        58,
        103,
        154,
        180,
        40,
        201,
        244,
        160,
        253,
        91,
        79,
        165,
        225,
        81,
        137,
        116,
        244,
        148,
        117,
        137,
        235,
        67,
        39,
        50,
        21,
        190,
        103,
        214,
        108,
        84,
        108,
        60,
        150,
        246,
        29,
        207,
        48,
        106,
        186,
        13,
        192,
        27,
        233,
        124,
        245,
        219,
        209,
        203,
        13,
        27,
        6,
        113,
        53,
        34,
        191,
        176,
        113,
        102,
        150,
        106,
        141,
        160,
        16,
        138,
        217,
        180,
        79,
        58,
        108,
        195,
        199,
        120,
        30,
        19,
        118,
        121,
        46,
        35,
        223,
        160,
        83,
        162,
        227,
        170,
        217,
        54,
        196,
        168,
        221,
        81,
        0,
        47,
        218,
        241,
        10,
        232,
        198,
        93,
        31,
        26,
        123,
        87,
        44,
        71,
        163,
        65,
        138,
        46,
        23,
        16,
        106,
        188,
        21,
        8,
        191,
        100,
        5,
        188,
        18,
        188,
        13,
        246,
        16,
        17,
        13,
        239,
        1,
        96,
        249,
        131,
        95,
        138,
        70,
        45,
        184,
        87,
        71,
        162,
        139,
        145,
        227,
        240,
        85,
        169,
        220,
        6,
        15,
        218,
        50,
        117,
        7,
        183,
        124,
        235,
        33,
        225,
        39,
        139,
        132,
        104,
        118,
        142,
        92,
        204,
        139,
        148,
        21,
        40,
        146,
        115,
        155,
        47,
        126,
        55,
        157,
        54,
        36,
        31,
        227,
        126,
        126,
        73,
        226,
        1,
        238,
        75,
        2,
        197,
        61,
        25,
        23,
        52,
        61,
        240,
        118,
        128,
        183,
        207,
        241,
        138,
        214,
        128,
        156,
        57,
        145,
        145,
        128,
        116,
        154,
        177,
        45,
        136,
        48,
        192,
        246,
        69,
        151,
        44,
        248,
        226,
        192,
        240,
        56,
        46,
        247,
        68,
        126,
        144,
        231,
        208,
        162,
        55,
        238,
        21,
        26,
        227,
        216,
        249,
        219,
        180,
        62,
        126,
        4,
        224,
        221,
        224,
        86,
        120,
        75,
        46,
        160,
        251,
        28,
        195,
        1,
        205,
        94,
        157,
        42,
        229,
        225,
        144,
        146,
        223,
        148,
        114,
        220,
        208,
        174,
        193,
        139,
        34,
        171,
        44,
        218,
        230,
        227,
        95,
        76,
        162,
        243,
        23,
        141,
        163,
        158,
        214,
        195,
        150,
        112,
        219,
        169,
        219,
        35,
        74,
        179,
        60,
        233,
        231,
        204,
        241,
        202,
        55,
        28,
        109,
        216,
        208,
        151,
        140,
        20,
        27,
        22,
        60,
        47,
        229,
        82,
        229,
        102,
        227,
        164,
        41,
        74,
        224,
        160,
        133,
        116,
        132,
        121,
        123,
        71,
        65,
        237,
        227,
        245,
        31,
        102,
        73,
        181,
        135,
        12,
        141,
        145,
        128,
        211,
        137,
        132,
        113,
        90,
        153,
        50,
        63,
        231,
        43,
        188,
        134,
        144,
        234,
        225,
        201,
        138,
        109,
        135,
        164,
        107,
        22,
        246,
        180,
        82,
        239,
        208,
        13,
        180,
        235,
        232,
        89,
        229,
        97,
        185,
        66,
        122,
        17,
        94,
        242,
        196,
        185,
        0,
        165,
        165,
        90,
        82,
        236,
        205,
        227,
        241,
        187,
        87,
        58,
        204,
        20,
        46,
        254,
        224,
        94,
        79,
        134,
        91,
        168,
        210,
        137,
        8,
        56,
        157,
        81,
        59,
        200,
        93,
        234,
        189,
        121,
        55,
        216,
        188,
        42,
        204,
        33,
        240,
        232,
        133,
        72,
        246,
        68,
        201,
        91,
        51,
        67,
        5,
        103,
        192,
        107,
        211,
        106,
        125,
        225,
        219,
        48,
        37,
        19,
        36,
        34,
        136,
        101,
        121,
        237,
        85,
        209,
        118,
        146,
        89,
        197,
        188,
        45,
        98,
        69,
        94,
        99,
        193,
        209,
        219,
        76,
        209,
        10,
        164,
        224,
        193,
        151,
        68,
        168,
        129,
        171,
        41,
        166,
        105,
        44,
        150,
        230,
        37,
        42,
        28,
        5,
        69,
        40,
        94,
        187,
        192,
        68,
        207,
        219,
        38,
        57,
        94,
        65,
        249,
        79,
        228,
        73,
        200,
        164,
        182,
        17,
        118,
        181,
        248,
        117,
        145,
        229,
        160,
        193,
        212,
        32,
        123,
        13,
        103,
        101,
        86,
        68,
        94,
        150,
        254,
        51,
        55,
        233,
        242,
        188,
        27,
        34,
        140,
        248,
        127,
        211,
        133,
        6,
        140,
        16,
        78,
        86,
        54,
        167,
        166,
        211,
        171,
        223,
        207,
        180,
        44,
        141,
        100,
        68,
        218,
        121,
        142,
        77,
        164,
        15,
        120,
        123,
        189,
        8,
        163,
        152,
        53,
        228,
        165,
        162,
        236,
        58,
        249,
        175,
        29,
        242,
        117,
        60,
        102,
        15,
        103,
        173,
        76,
        145,
        182,
        135,
        102,
        236,
        154,
        150,
        160,
        210,
        246,
        136,
        64,
        223,
        192,
        194,
        40,
        182,
        45,
        150,
        85,
        65,
        140,
        40,
        58,
        137,
        41,
        139,
        229,
        1,
        148,
        177,
        135,
        50,
        118,
        77,
        171,
        79,
        81,
        222,
        8,
        44,
        116,
        36,
        72,
        51,
        159,
        135,
        129,
        225,
        201,
        138,
        2,
        136,
        244,
        186,
        43,
        147,
        17,
        177,
        135,
        174,
        216,
        53,
        71,
        57,
        157,
        121,
        137,
        94,
        19,
        4,
        14,
        24,
        24,
        204,
        171,
        150,
        110,
        38,
        25,
        161,
        146,
        153,
        122,
        233,
        59,
        63,
        71,
        40,
        133,
        112,
        87,
        5,
        246,
        16,
        118,
        204,
        78,
        92,
        17,
        173,
        192,
        190,
        202,
        218,
        53,
        231,
        66,
        22,
        210,
        105,
        162,
        25,
        31,
        131,
        112,
        241,
        122,
        38,
        89,
        183,
        134,
        241,
        91,
        68,
        188,
        233,
        200,
        160,
        87,
        232,
        122,
        110,
        60,
        41,
        42,
        86,
        109,
        226,
        129,
        125,
        251,
        33,
        120,
        165,
        208,
        62,
        26,
        187,
        98,
        238,
        34,
        53,
        12,
        104,
        119,
        61,
        163,
        222,
        164,
        111,
        180,
        105,
        99,
        142,
        162,
        17,
        220,
        59,
        150,
        136,
        39,
        229,
        108,
        214,
        101,
        101,
        95,
        31,
        47,
        130,
        112,
        86,
        204,
        153,
        147,
        229,
        233,
        225,
        8,
        158,
        191,
        81,
        10,
        168,
        78,
        183,
        57,
        82,
        30,
        17,
        97,
        77,
        115,
        22,
        232,
        47,
        77,
        60,
        232,
        82,
        194,
        211,
        172,
        23,
        143,
        75,
        61,
        174,
        108,
        136,
        228,
        37,
        57,
        180,
        20,
        115,
        197,
        156,
        205,
        212,
        109,
        139,
        145,
        101,
        103,
        0,
        101,
        222,
        64,
        231,
        130,
        17,
        50,
        38,
        211,
        151,
        239,
        228,
        213,
        6,
        164,
        156,
        0,
        114,
        115,
        237,
        199,
        172,
        112,
        169,
        138,
        134,
        57,
        10,
        0,
        151,
        100,
        122,
        175,
        10,
        188,
        14,
        188,
        170,
        85,
        81,
        1,
        28,
        1,
        158,
        50,
        42,
        100,
        40,
        22,
        33,
        179,
        187,
        227,
        192,
        41,
        197,
        235,
        194,
        102,
        58,
        122,
        57,
        76,
        232,
        100,
        198,
        69,
        197,
        33,
        97,
        95,
        11,
        248,
        33,
        150,
        227,
        39,
        253,
        99,
        76,
        213,
        36,
        44,
        98,
        12,
        93,
        245,
        118,
        73,
        113,
        121,
        192,
        130,
        184,
        125,
        46,
        229,
        235,
        188,
        77,
        49,
        23,
        204,
        201,
        196,
        46,
        169,
        202,
        122,
        251,
        243,
        166,
        139,
        180,
        128,
        183,
        0,
        105,
        110,
        95,
        7,
        14,
        115,
        192,
        92,
        76,
        72,
        24,
        89,
        181,
        51,
        20,
        188,
        73,
        52,
        148,
        243,
        38,
        197,
        152,
        37,
        66,
        187,
        34,
        226,
        236,
        12,
        133,
        206,
        55,
        235,
        221,
        254,
        220,
        176,
        135,
        94,
        106,
        63,
        195,
        235,
        65,
        195,
        24,
        49,
        86,
        201,
        250,
        240,
        124,
        18,
        216,
        208,
        141,
        93,
        223,
        82,
        187,
        225,
        215,
        38,
        29,
        85,
        66,
        44,
        222,
        174,
        81,
        119,
        42,
        198,
        130,
        49,
        97,
        108,
        46,
        136,
        240,
        110,
        120,
        232,
        56,
        87,
        122,
        66,
        157,
        19,
        9,
        3,
        236,
        89,
        246,
        4,
        144,
        232,
        19,
        125,
        99,
        12,
        58,
        53,
        87,
        179,
        242,
        59,
        153,
        252,
        6,
        144,
        205,
        138,
        94,
        81,
        212,
        94,
        184,
        121,
        63,
        117,
        155,
        28,
        75,
        111,
        252,
        24,
        94,
        34,
        155,
        26,
        209,
        38,
        218,
        70,
        31,
        232,
        75,
        182,
        144,
        174,
        35,
        166,
        191,
        1,
        100,
        63,
        238,
        195,
        114,
        193,
        78,
        38,
        148,
        251,
        144,
        254,
        70,
        8,
        215,
        106,
        232,
        98,
        170,
        223,
        115,
        174,
        82,
        47,
        6,
        109,
        208,
        10,
        165,
        112,
        13,
        255,
        195,
        61,
        216,
        228,
        141,
        207,
        224,
        179,
        104,
        3,
        109,
        73,
        110,
        143,
        21,
        149,
        166,
        84,
        246,
        173,
        71,
        41,
        145,
        254,
        214,
        99,
        217,
        247,
        109,
        93,
        252,
        190,
        109,
        217,
        55,
        189,
        203,
        206,
        24,
        48,
        37,
        150,
        158,
        49,
        96,
        215,
        230,
        116,
        115,
        156,
        110,
        209,
        156,
        202,
        206,
        85,
        145,
        2,
        174,
        196,
        206,
        85,
        113,
        60,
        95,
        37,
        175,
        20,
        46,
        213,
        18,
        63,
        209,
        199,
        241,
        44,
        169,
        204,
        82,
        2,
        92,
        38,
        185,
        241,
        44,
        41,
        71,
        47,
        156,
        234,
        227,
        192,
        97,
        252,
        210,
        39,
        58,
        150,
        157,
        159,
        231,
        37,
        39,
        55,
        218,
        124,
        4,
        52,
        27,
        121,
        201,
        201,
        141,
        190,
        120,
        102,
        104,
        69,
        242,
        226,
        211,
        106,
        145,
        247,
        138,
        32,
        239,
        58,
        173,
        22,
        227,
        169,
        73,
        62,
        118,
        78,
        242,
        52,
        242,
        220,
        65,
        133,
        185,
        106,
        96,
        239,
        83,
        231,
        36,
        59,
        235,
        125,
        116,
        237,
        196,
        236,
        120,
        114,
        207,
        9,
        221,
        241,
        106,
        127,
        149,
        136,
        202,
        206,
        134,
        231,
        230,
        91,
        169,
        20,
        159,
        13,
        47,
        242,
        171,
        4,
        3,
        233,
        218,
        175,
        18,
        96,
        179,
        115,
        154,
        74,
        92,
        11,
        28,
        194,
        166,
        76,
        245,
        58,
        254,
        111,
        255,
        85,
        130,
        182,
        228,
        225,
        95,
        37,
        248,
        31,
        107,
        9,
        139,
        103,
        73,
        255,
        225,
        123,
        0,
        0,
        0,
        0,
        73,
        69,
        78,
        68,
        174,
        66,
        96,
        130
      ]
    },
    "stat": {
      "dev": 16777220,
      "mode": 33188,
      "nlink": 1,
      "uid": 501,
      "gid": 20,
      "rdev": 0,
      "blksize": 4194304,
      "ino": 2088770,
      "size": 4274,
      "blocks": 16,
      "atime": "2018-04-17T07:59:11.794Z",
      "mtime": "2018-03-22T08:50:41.039Z",
      "ctime": "2018-03-22T08:50:41.039Z",
      "birthtime": "2018-03-22T08:50:41.039Z"
    },
    "history": [
      "/Users/jiangheng/Desktop/work-code/xxd-h5/src/mods/openaccount/yhimgs/xyyh@2x.png"
    ],
    "path": "/Users/jiangheng/Desktop/work-code/xxd-h5/src/mods/openaccount/yhimgs/xyyh@2x.png",
    "gulpCache$filePathChangedInsideTask": false,
    "gulpCache$fileBaseChangedInsideTask": false,
    "gulpCache$originalPath": "/Users/jiangheng/Desktop/work-code/xxd-h5/src/mods/openaccount/yhimgs/xyyh@2x.png",
    "gulpCache$originalBase": "/Users/jiangheng/Desktop/work-code/xxd-h5/src/mods/"
  }
]