[
  {
    "cwd": "/Users/jiangheng/Desktop/work-code/xxd-h5",
    "base": "/Users/jiangheng/Desktop/work-code/xxd-h5/src/mods/",
    "contents": {
      "type": "Buffer",
      "data": [
        137,
        80,
        78,
        71,
        13,
        10,
        26,
        10,
        0,
        0,
        0,
        13,
        73,
        72,
        68,
        82,
        0,
        0,
        0,
        79,
        0,
        0,
        0,
        79,
        8,
        6,
        0,
        0,
        0,
        170,
        52,
        152,
        134,
        0,
        0,
        9,
        15,
        73,
        68,
        65,
        84,
        120,
        218,
        237,
        157,
        103,
        80,
        21,
        87,
        20,
        199,
        153,
        241,
        155,
        31,
        52,
        137,
        159,
        147,
        136,
        98,
        55,
        24,
        19,
        91,
        76,
        140,
        37,
        246,
        168,
        49,
        138,
        37,
        81,
        36,
        246,
        216,
        91,
        18,
        19,
        19,
        53,
        166,
        168,
        32,
        138,
        70,
        69,
        1,
        123,
        151,
        34,
        88,
        193,
        194,
        216,
        136,
        21,
        107,
        44,
        128,
        142,
        13,
        208,
        216,
        17,
        27,
        8,
        114,
        178,
        255,
        117,
        223,
        204,
        19,
        247,
        238,
        187,
        119,
        203,
        219,
        125,
        78,
        206,
        204,
        249,
        32,
        206,
        187,
        229,
        183,
        111,
        239,
        61,
        237,
        222,
        231,
        71,
        68,
        126,
        54,
        105,
        25,
        73,
        3,
        37,
        237,
        33,
        233,
        36,
        73,
        215,
        72,
        122,
        80,
        210,
        76,
        73,
        115,
        36,
        205,
        163,
        23,
        146,
        167,
        252,
        27,
        127,
        63,
        36,
        105,
        188,
        164,
        97,
        146,
        246,
        81,
        62,
        95,
        198,
        174,
        57,
        120,
        187,
        195,
        74,
        146,
        142,
        145,
        52,
        69,
        210,
        124,
        50,
        71,
        242,
        149,
        246,
        198,
        40,
        237,
        191,
        86,
        240,
        202,
        75,
        58,
        72,
        210,
        125,
        146,
        150,
        144,
        181,
        82,
        162,
        244,
        51,
        72,
        233,
        215,
        103,
        225,
        249,
        75,
        26,
        41,
        233,
        83,
        178,
        71,
        10,
        148,
        254,
        253,
        125,
        9,
        94,
        128,
        164,
        203,
        36,
        45,
        34,
        103,
        72,
        145,
        50,
        158,
        42,
        78,
        134,
        87,
        78,
        210,
        112,
        73,
        11,
        121,
        102,
        116,
        233,
        242,
        61,
        234,
        220,
        117,
        37,
        77,
        154,
        188,
        211,
        91,
        16,
        11,
        149,
        241,
        149,
        115,
        26,
        188,
        142,
        146,
        102,
        115,
        45,
        74,
        210,
        170,
        180,
        108,
        249,
        49,
        170,
        82,
        61,
        156,
        222,
        174,
        56,
        157,
        134,
        143,
        220,
        228,
        237,
        111,
        98,
        182,
        50,
        94,
        219,
        225,
        149,
        149,
        52,
        154,
        119,
        212,
        57,
        185,
        15,
        168,
        199,
        215,
        107,
        101,
        104,
        46,
        29,
        251,
        221,
        86,
        187,
        94,
        231,
        104,
        101,
        252,
        182,
        192,
        195,
        218,
        118,
        138,
        119,
        164,
        235,
        99,
        79,
        83,
        141,
        90,
        179,
        94,
        2,
        7,
        157,
        60,
        101,
        151,
        157,
        235,
        225,
        41,
        101,
        30,
        94,
        133,
        215,
        84,
        210,
        187,
        60,
        163,
        187,
        115,
        247,
        49,
        13,
        28,
        188,
        225,
        21,
        104,
        46,
        157,
        22,
        186,
        199,
        238,
        13,
        229,
        174,
        50,
        31,
        175,
        192,
        11,
        82,
        204,
        0,
        143,
        178,
        43,
        245,
        34,
        213,
        173,
        55,
        151,
        9,
        14,
        58,
        43,
        98,
        191,
        19,
        118,
        228,
        2,
        101,
        94,
        150,
        194,
        235,
        45,
        105,
        177,
        167,
        145,
        60,
        122,
        92,
        72,
        227,
        127,
        74,
        209,
        132,
        230,
        48,
        120,
        164,
        204,
        43,
        216,
        42,
        120,
        65,
        60,
        224,
        210,
        211,
        115,
        232,
        147,
        166,
        11,
        185,
        192,
        57,
        12,
        158,
        11,
        96,
        144,
        217,
        240,
        90,
        120,
        178,
        223,
        138,
        138,
        158,
        83,
        88,
        248,
        94,
        122,
        183,
        82,
        40,
        55,
        56,
        7,
        194,
        115,
        217,
        131,
        45,
        204,
        130,
        23,
        224,
        22,
        225,
        80,
        149,
        11,
        23,
        238,
        80,
        219,
        207,
        151,
        10,
        65,
        115,
        48,
        60,
        87,
        36,
        39,
        192,
        40,
        188,
        178,
        90,
        230,
        200,
        243,
        231,
        37,
        180,
        104,
        241,
        81,
        170,
        92,
        117,
        134,
        46,
        112,
        14,
        134,
        231,
        50,
        99,
        202,
        26,
        129,
        23,
        197,
        106,
        249,
        218,
        181,
        60,
        10,
        234,
        190,
        90,
        55,
        52,
        31,
        128,
        71,
        202,
        252,
        117,
        193,
        235,
        192,
        114,
        175,
        86,
        173,
        62,
        65,
        213,
        106,
        206,
        52,
        12,
        14,
        58,
        61,
        108,
        15,
        57,
        92,
        58,
        136,
        194,
        43,
        207,
        242,
        85,
        191,
        233,
        23,
        103,
        10,
        52,
        35,
        30,
        6,
        30,
        96,
        102,
        230,
        109,
        218,
        186,
        45,
        131,
        22,
        68,
        29,
        162,
        169,
        211,
        118,
        203,
        237,
        64,
        127,
        251,
        35,
        149,
        162,
        99,
        142,
        80,
        114,
        74,
        38,
        157,
        207,
        184,
        37,
        47,
        45,
        6,
        37,
        135,
        21,
        27,
        100,
        193,
        155,
        197,
        106,
        169,
        230,
        123,
        17,
        182,
        192,
        123,
        246,
        172,
        152,
        54,
        111,
        57,
        79,
        131,
        135,
        36,
        82,
        157,
        186,
        115,
        184,
        219,
        175,
        93,
        103,
        54,
        13,
        24,
        148,
        64,
        27,
        55,
        157,
        163,
        130,
        2,
        221,
        81,
        178,
        8,
        94,
        120,
        85,
        49,
        86,
        111,
        193,
        27,
        247,
        189,
        118,
        96,
        224,
        233,
        211,
        34,
        154,
        31,
        121,
        144,
        222,
        255,
        224,
        47,
        195,
        125,
        213,
        10,
        140,
        144,
        151,
        137,
        155,
        55,
        31,
        138,
        194,
        3,
        143,
        106,
        60,
        240,
        214,
        106,
        181,
        98,
        54,
        188,
        49,
        227,
        182,
        48,
        251,
        250,
        251,
        192,
        85,
        106,
        244,
        113,
        164,
        169,
        253,
        65,
        171,
        214,
        152,
        73,
        225,
        51,
        247,
        209,
        147,
        39,
        207,
        68,
        0,
        174,
        243,
        4,
        175,
        38,
        44,
        16,
        111,
        194,
        27,
        50,
        44,
        73,
        117,
        77,
        195,
        46,
        44,
        106,
        112,
        139,
        106,
        227,
        38,
        11,
        232,
        192,
        193,
        171,
        188,
        240,
        158,
        43,
        124,
        152,
        240,
        98,
        60,
        181,
        96,
        54,
        188,
        126,
        3,
        226,
        95,
        89,
        219,
        70,
        140,
        218,
        100,
        41,
        52,
        119,
        197,
        3,
        138,
        152,
        147,
        38,
        63,
        48,
        206,
        24,
        160,
        42,
        188,
        10,
        60,
        201,
        26,
        179,
        225,
        117,
        235,
        177,
        250,
        37,
        112,
        125,
        251,
        199,
        123,
        13,
        156,
        187,
        34,
        162,
        141,
        254,
        61,
        8,
        248,
        188,
        165,
        6,
        111,
        20,
        15,
        122,
        179,
        225,
        117,
        252,
        98,
        185,
        237,
        224,
        92,
        138,
        254,
        57,
        0,
        142,
        86,
        131,
        119,
        212,
        14,
        120,
        173,
        218,
        44,
        118,
        4,
        56,
        151,
        142,
        30,
        187,
        197,
        99,
        224,
        168,
        52,
        188,
        74,
        188,
        171,
        166,
        217,
        240,
        234,
        53,
        156,
        231,
        24,
        112,
        46,
        141,
        89,
        116,
        196,
        19,
        134,
        0,
        119,
        120,
        35,
        237,
        130,
        231,
        68,
        173,
        84,
        101,
        6,
        157,
        57,
        243,
        175,
        22,
        134,
        145,
        238,
        240,
        146,
        157,
        2,
        207,
        191,
        114,
        24,
        125,
        218,
        44,
        138,
        58,
        119,
        89,
        41,
        239,
        196,
        200,
        127,
        224,
        155,
        137,
        141,
        5,
        65,
        214,
        138,
        149,
        67,
        189,
        2,
        176,
        125,
        199,
        101,
        90,
        174,
        93,
        178,
        11,
        30,
        170,
        140,
        30,
        216,
        5,
        15,
        1,
        6,
        184,
        79,
        43,
        86,
        30,
        167,
        147,
        167,
        174,
        83,
        97,
        97,
        177,
        71,
        55,
        13,
        126,
        45,
        114,
        191,
        128,
        90,
        189,
        230,
        44,
        203,
        0,
        198,
        198,
        157,
        102,
        13,
        3,
        197,
        69,
        101,
        0,
        47,
        80,
        196,
        204,
        54,
        11,
        94,
        135,
        78,
        203,
        41,
        62,
        225,
        31,
        122,
        252,
        248,
        25,
        25,
        17,
        124,
        126,
        205,
        186,
        147,
        212,
        174,
        195,
        82,
        75,
        140,
        232,
        162,
        98,
        166,
        207,
        16,
        232,
        167,
        36,
        61,
        188,
        6,
        15,
        208,
        224,
        118,
        89,
        33,
        105,
        105,
        87,
        76,
        135,
        136,
        200,
        13,
        67,
        130,
        1,
        47,
        212,
        27,
        240,
        240,
        122,
        225,
        27,
        82,
        98,
        113,
        145,
        25,
        214,
        169,
        165,
        110,
        229,
        28,
        70,
        53,
        56,
        36,
        150,
        213,
        85,
        24,
        224,
        197,
        89,
        13,
        175,
        217,
        103,
        49,
        114,
        97,
        143,
        55,
        5,
        121,
        149,
        230,
        45,
        99,
        76,
        217,
        192,
        242,
        242,
        84,
        29,
        175,
        56,
        110,
        227,
        216,
        37,
        254,
        1,
        97,
        194,
        30,
        4,
        163,
        115,
        203,
        37,
        63,
        191,
        192,
        148,
        84,
        193,
        182,
        228,
        76,
        181,
        230,
        143,
        2,
        94,
        134,
        200,
        128,
        68,
        58,
        109,
        217,
        122,
        177,
        60,
        1,
        59,
        5,
        97,
        167,
        238,
        61,
        215,
        24,
        130,
        55,
        229,
        247,
        84,
        181,
        166,
        47,
        1,
        94,
        174,
        21,
        240,
        16,
        120,
        68,
        146,
        200,
        9,
        242,
        224,
        65,
        1,
        53,
        107,
        17,
        173,
        27,
        30,
        42,
        187,
        212,
        210,
        147,
        126,
        34,
        54,
        158,
        8,
        188,
        164,
        141,
        103,
        29,
        149,
        197,
        201,
        202,
        186,
        77,
        1,
        213,
        244,
        109,
        34,
        8,
        200,
        170,
        153,
        156,
        126,
        162,
        131,
        224,
        233,
        172,
        119,
        159,
        245,
        142,
        76,
        131,
        45,
        140,
        62,
        172,
        11,
        30,
        242,
        210,
        106,
        98,
        201,
        55,
        207,
        131,
        95,
        200,
        45,
        200,
        95,
        100,
        103,
        231,
        209,
        141,
        27,
        249,
        84,
        92,
        108,
        220,
        198,
        129,
        193,
        219,
        180,
        185,
        190,
        215,
        151,
        245,
        205,
        51,
        117,
        205,
        11,
        233,
        23,
        167,
        123,
        114,
        174,
        12,
        217,
        183,
        67,
        147,
        232,
        195,
        6,
        243,
        94,
        54,
        25,
        164,
        93,
        190,
        77,
        187,
        37,
        114,
        154,
        17,
        175,
        160,
        94,
        73,
        76,
        58,
        107,
        22,
        188,
        60,
        211,
        119,
        219,
        212,
        212,
        139,
        186,
        38,
        149,
        144,
        120,
        134,
        26,
        126,
        196,
        159,
        236,
        65,
        192,
        64,
        207,
        134,
        132,
        130,
        164,
        210,
        15,
        134,
        199,
        214,
        99,
        237,
        182,
        233,
        102,
        193,
        11,
        172,
        59,
        71,
        30,
        156,
        232,
        183,
        109,
        216,
        136,
        141,
        186,
        189,
        22,
        13,
        247,
        137,
        41,
        72,
        140,
        139,
        244,
        3,
        216,
        44,
        59,
        47,
        206,
        44,
        120,
        120,
        221,
        68,
        4,
        235,
        24,
        220,
        31,
        163,
        9,
        156,
        253,
        105,
        151,
        133,
        250,
        69,
        198,
        76,
        164,
        143,
        174,
        221,
        86,
        49,
        61,
        140,
        80,
        179,
        224,
        193,
        167,
        20,
        17,
        228,
        78,
        205,
        240,
        63,
        63,
        168,
        63,
        87,
        40,
        58,
        131,
        176,
        151,
        136,
        167,
        52,
        225,
        151,
        237,
        76,
        223,
        54,
        216,
        44,
        120,
        34,
        187,
        44,
        118,
        81,
        68,
        108,
        205,
        138,
        126,
        68,
        73,
        102,
        136,
        136,
        96,
        243,
        225,
        109,
        123,
        67,
        162,
        170,
        205,
        218,
        71,
        56,
        158,
        167,
        213,
        201,
        195,
        135,
        252,
        174,
        24,
        202,
        30,
        204,
        12,
        29,
        33,
        20,
        37,
        34,
        168,
        121,
        225,
        105,
        247,
        29,
        255,
        233,
        116,
        251,
        246,
        35,
        102,
        60,
        79,
        40,
        146,
        204,
        234,
        164,
        70,
        237,
        8,
        203,
        158,
        60,
        175,
        226,
        216,
        2,
        175,
        252,
        60,
        113,
        59,
        87,
        155,
        8,
        44,
        104,
        69,
        146,
        133,
        114,
        24,
        172,
        78,
        16,
        254,
        17,
        217,
        97,
        173,
        40,
        165,
        216,
        183,
        159,
        127,
        227,
        64,
        117,
        150,
        129,
        80,
        124,
        178,
        123,
        2,
        104,
        172,
        81,
        120,
        248,
        38,
        241,
        10,
        142,
        81,
        89,
        145,
        115,
        192,
        24,
        250,
        15,
        76,
        144,
        29,
        121,
        36,
        140,
        218,
        182,
        95,
        34,
        231,
        133,
        225,
        155,
        214,
        111,
        52,
        95,
        142,
        69,
        138,
        248,
        183,
        216,
        136,
        24,
        101,
        105,
        227,
        220,
        225,
        5,
        24,
        133,
        215,
        186,
        237,
        98,
        161,
        205,
        194,
        23,
        82,
        144,
        75,
        150,
        165,
        115,
        229,
        109,
        185,
        141,
        101,
        86,
        71,
        13,
        164,
        39,
        203,
        43,
        247,
        239,
        63,
        117,
        60,
        56,
        44,
        67,
        140,
        228,
        79,
        186,
        238,
        90,
        21,
        45,
        23,
        70,
        196,
        121,
        199,
        107,
        228,
        84,
        112,
        200,
        13,
        31,
        59,
        158,
        43,
        84,
        171,
        130,
        42,
        169,
        2,
        35,
        166,
        74,
        238,
        117,
        254,
        0,
        205,
        143,
        19,
        82,
        76,
        159,
        52,
        214,
        54,
        164,
        11,
        177,
        246,
        193,
        116,
        193,
        186,
        215,
        179,
        215,
        90,
        121,
        29,
        132,
        105,
        130,
        66,
        74,
        28,
        235,
        194,
        102,
        209,
        162,
        213,
        34,
        102,
        59,
        145,
        11,
        15,
        105,
        85,
        73,
        85,
        32,
        70,
        125,
        222,
        34,
        35,
        240,
        246,
        238,
        187,
        196,
        13,
        47,
        35,
        243,
        150,
        108,
        67,
        153,
        5,
        14,
        41,
        77,
        17,
        193,
        26,
        173,
        214,
        206,
        168,
        49,
        155,
        181,
        50,
        124,
        49,
        100,
        164,
        50,
        84,
        107,
        2,
        56,
        62,
        37,
        34,
        147,
        126,
        221,
        105,
        26,
        188,
        117,
        235,
        185,
        143,
        254,
        202,
        70,
        175,
        90,
        27,
        168,
        92,
        208,
        72,
        114,
        151,
        144,
        135,
        202,
        80,
        104,
        172,
        102,
        246,
        172,
        50,
        219,
        39,
        252,
        50,
        104,
        149,
        16,
        60,
        248,
        152,
        61,
        190,
        90,
        99,
        24,
        28,
        50,
        116,
        34,
        235,
        109,
        194,
        134,
        51,
        175,
        180,
        241,
        195,
        248,
        100,
        79,
        109,
        196,
        18,
        71,
        65,
        55,
        170,
        190,
        153,
        94,
        54,
        66,
        236,
        90,
        155,
        6,
        118,
        82,
        209,
        236,
        22,
        234,
        146,
        245,
        130,
        107,
        210,
        52,
        74,
        142,
        52,
        139,
        8,
        94,
        77,
        247,
        16,
        251,
        202,
        85,
        199,
        61,
        218,
        245,
        196,
        89,
        13,
        15,
        101,
        250,
        90,
        41,
        219,
        179,
        52,
        39,
        131,
        130,
        29,
        61,
        2,
        231,
        27,
        139,
        189,
        8,
        184,
        161,
        195,
        55,
        10,
        63,
        44,
        8,
        140,
        95,
        124,
        190,
        139,
        244,
        166,
        92,
        188,
        120,
        135,
        231,
        35,
        179,
        73,
        240,
        4,
        80,
        14,
        171,
        156,
        65,
        203,
        47,
        69,
        174,
        86,
        111,
        73,
        5,
        218,
        70,
        130,
        25,
        5,
        221,
        129,
        140,
        131,
        42,
        141,
        26,
        71,
        210,
        196,
        73,
        59,
        228,
        138,
        42,
        61,
        178,
        125,
        71,
        150,
        236,
        121,
        8,
        4,
        81,
        133,
        79,
        0,
        185,
        174,
        251,
        80,
        149,
        195,
        71,
        178,
        53,
        119,
        202,
        93,
        58,
        67,
        241,
        165,
        229,
        238,
        189,
        39,
        116,
        226,
        228,
        117,
        89,
        207,
        158,
        187,
        41,
        231,
        95,
        141,
        138,
        142,
        35,
        85,
        157,
        200,
        236,
        83,
        143,
        127,
        78,
        221,
        173,
        89,
        103,
        108,
        70,
        182,
        203,
        1,
        162,
        251,
        212,
        163,
        230,
        121,
        91,
        192,
        233,
        21,
        204,
        222,
        60,
        112,
        14,
        215,
        199,
        197,
        240,
        121,
        91,
        205,
        147,
        222,
        216,
        41,
        177,
        232,
        170,
        193,
        67,
        137,
        23,
        42,
        56,
        125,
        84,
        76,
        57,
        233,
        237,
        241,
        142,
        1,
        0,
        12,
        233,
        171,
        126,
        140,
        20,
        9,
        102,
        187,
        42,
        164,
        12,
        136,
        169,
        119,
        12,
        184,
        180,
        27,
        49,
        110,
        183,
        192,
        43,
        12,
        239,
        66,
        109,
        19,
        129,
        225,
        140,
        171,
        66,
        124,
        68,
        138,
        149,
        121,
        122,
        255,
        94,
        21,
        236,
        194,
        168,
        100,
        87,
        243,
        0,
        68,
        66,
        228,
        54,
        130,
        179,
        236,
        94,
        21,
        247,
        251,
        85,
        10,
        181,
        66,
        236,
        40,
        168,
        41,
        109,
        167,
        193,
        62,
        195,
        157,
        43,
        14,
        126,
        85,
        45,
        191,
        209,
        199,
        253,
        46,
        41,
        205,
        58,
        89,
        20,
        233,
        192,
        219,
        112,
        47,
        176,
        70,
        222,
        2,
        6,
        174,
        30,
        175,
        192,
        66,
        185,
        71,
        94,
        188,
        75,
        202,
        125,
        23,
        62,
        205,
        51,
        186,
        43,
        87,
        238,
        203,
        9,
        113,
        148,
        85,
        192,
        3,
        65,
        32,
        116,
        222,
        252,
        131,
        78,
        0,
        135,
        241,
        235,
        190,
        209,
        209,
        171,
        247,
        231,
        57,
        76,
        108,
        189,
        63,
        175,
        180,
        43,
        151,
        227,
        35,
        208,
        114,
        200,
        33,
        55,
        55,
        234,
        190,
        51,
        212,
        166,
        77,
        33,
        156,
        76,
        188,
        2,
        216,
        138,
        219,
        106,
        17,
        247,
        90,
        65,
        206,
        186,
        173,
        22,
        227,
        169,
        78,
        62,
        118,
        79,
        242,
        66,
        226,
        188,
        168,
        208,
        2,
        41,
        80,
        28,
        123,
        159,
        186,
        39,
        185,
        180,
        190,
        65,
        47,
        110,
        204,
        78,
        35,
        239,
        220,
        208,
        157,
        166,
        244,
        247,
        38,
        209,
        255,
        119,
        195,
        123,
        146,
        215,
        250,
        110,
        120,
        158,
        95,
        37,
        152,
        76,
        47,
        126,
        149,
        0,
        69,
        118,
        87,
        20,
        195,
        181,
        216,
        205,
        109,
        186,
        167,
        252,
        29,
        255,
        239,
        250,
        85,
        130,
        16,
        178,
        249,
        87,
        9,
        254,
        3,
        140,
        103,
        5,
        140,
        161,
        110,
        152,
        121,
        0,
        0,
        0,
        0,
        73,
        69,
        78,
        68,
        174,
        66,
        96,
        130
      ]
    },
    "stat": {
      "dev": 16777220,
      "mode": 33188,
      "nlink": 1,
      "uid": 501,
      "gid": 20,
      "rdev": 0,
      "blksize": 4194304,
      "ino": 2088760,
      "size": 4044,
      "blocks": 8,
      "atime": "2018-04-17T07:59:11.793Z",
      "mtime": "2018-03-22T08:50:41.036Z",
      "ctime": "2018-03-22T08:50:41.036Z",
      "birthtime": "2018-03-22T08:50:41.036Z"
    },
    "history": [
      "/Users/jiangheng/Desktop/work-code/xxd-h5/src/mods/openaccount/yhimgs/jtyh@2x.png"
    ],
    "path": "/Users/jiangheng/Desktop/work-code/xxd-h5/src/mods/openaccount/yhimgs/jtyh@2x.png",
    "gulpCache$filePathChangedInsideTask": false,
    "gulpCache$fileBaseChangedInsideTask": false,
    "gulpCache$originalPath": "/Users/jiangheng/Desktop/work-code/xxd-h5/src/mods/openaccount/yhimgs/jtyh@2x.png",
    "gulpCache$originalBase": "/Users/jiangheng/Desktop/work-code/xxd-h5/src/mods/"
  }
]