[
  {
    "cwd": "/Users/jiangheng/Desktop/work-code/xxd-h5",
    "base": "/Users/jiangheng/Desktop/work-code/xxd-h5/src/mods/",
    "contents": {
      "type": "Buffer",
      "data": [
        137,
        80,
        78,
        71,
        13,
        10,
        26,
        10,
        0,
        0,
        0,
        13,
        73,
        72,
        68,
        82,
        0,
        0,
        0,
        65,
        0,
        0,
        0,
        37,
        8,
        3,
        0,
        0,
        0,
        42,
        76,
        116,
        59,
        0,
        0,
        0,
        114,
        80,
        76,
        84,
        69,
        67,
        137,
        245,
        255,
        255,
        255,
        67,
        137,
        245,
        67,
        137,
        245,
        67,
        137,
        245,
        67,
        137,
        245,
        67,
        137,
        245,
        67,
        137,
        245,
        67,
        137,
        245,
        67,
        137,
        245,
        67,
        137,
        245,
        67,
        137,
        245,
        67,
        137,
        245,
        67,
        137,
        245,
        67,
        137,
        245,
        67,
        137,
        245,
        67,
        137,
        245,
        67,
        137,
        245,
        67,
        137,
        245,
        67,
        137,
        245,
        67,
        137,
        245,
        67,
        137,
        245,
        67,
        137,
        245,
        67,
        137,
        245,
        67,
        137,
        245,
        67,
        137,
        245,
        67,
        137,
        245,
        67,
        137,
        245,
        67,
        137,
        245,
        67,
        137,
        245,
        67,
        137,
        245,
        67,
        137,
        245,
        67,
        137,
        245,
        67,
        137,
        245,
        67,
        137,
        245,
        67,
        137,
        245,
        67,
        137,
        245,
        67,
        137,
        245,
        32,
        147,
        105,
        231,
        0,
        0,
        0,
        37,
        116,
        82,
        78,
        83,
        0,
        0,
        3,
        4,
        6,
        10,
        17,
        20,
        29,
        45,
        60,
        67,
        78,
        79,
        86,
        95,
        117,
        120,
        121,
        135,
        145,
        157,
        165,
        177,
        178,
        191,
        200,
        213,
        214,
        215,
        218,
        226,
        230,
        232,
        235,
        240,
        250,
        53,
        195,
        187,
        193,
        0,
        0,
        0,
        240,
        73,
        68,
        65,
        84,
        72,
        199,
        165,
        213,
        55,
        2,
        2,
        49,
        12,
        68,
        81,
        153,
        156,
        115,
        206,
        11,
        232,
        254,
        87,
        36,
        47,
        150,
        45,
        201,
        22,
        252,
        102,
        186,
        215,
        14,
        184,
        198,
        104,
        62,
        105,
        186,
        50,
        200,
        111,
        120,
        192,
        253,
        192,
        65,
        235,
        136,
        136,
        69,
        251,
        7,
        97,
        140,
        143,
        250,
        176,
        120,
        238,
        185,
        109,
        22,
        94,
        0,
        110,
        224,
        132,
        148,
        48,
        2,
        88,
        192,
        14,
        41,
        97,
        4,
        112,
        13,
        19,
        164,
        132,
        17,
        184,
        118,
        160,
        178,
        164,
        132,
        17,
        232,
        57,
        112,
        181,
        21,
        33,
        140,
        0,
        220,
        133,
        128,
        48,
        2,
        79,
        129,
        18,
        70,
        224,
        37,
        16,
        194,
        8,
        188,
        5,
        11,
        17,
        0,
        31,
        33,
        159,
        8,
        129,
        82,
        200,
        37,
        34,
        224,
        43,
        228,
        17,
        49,
        224,
        9,
        57,
        4,
        3,
        248,
        66,
        154,
        224,
        0,
        34,
        164,
        8,
        22,
        160,
        130,
        78,
        240,
        64,
        32,
        104,
        132,
        0,
        132,
        130,
        76,
        72,
        64,
        36,
        72,
        132,
        8,
        196,
        2,
        79,
        200,
        0,
        35,
        0,
        67,
        40,
        0,
        39,
        196,
        132,
        6,
        176,
        66,
        72,
        168,
        0,
        47,
        80,
        66,
        7,
        4,
        193,
        39,
        102,
        58,
        32,
        9,
        30,
        145,
        0,
        68,
        33,
        34,
        36,
        64,
        22,
        2,
        66,
        4,
        20,
        129,
        16,
        50,
        160,
        9,
        30,
        161,
        0,
        170,
        80,
        18,
        26,
        160,
        11,
        111,
        66,
        5,
        18,
        2,
        84,
        167,
        23,
        220,
        118,
        225,
        15,
        225,
        94,
        61,
        241,
        64,
        238,
        6,
        144,
        222,
        89,
        36,
        39,
        89,
        139,
        4,
        0,
        0,
        0,
        0,
        73,
        69,
        78,
        68,
        174,
        66,
        96,
        130
      ]
    },
    "stat": {
      "dev": 16777220,
      "mode": 33188,
      "nlink": 1,
      "uid": 501,
      "gid": 20,
      "rdev": 0,
      "blksize": 4194304,
      "ino": 2088798,
      "size": 856,
      "blocks": 8,
      "atime": "2018-04-17T07:59:11.795Z",
      "mtime": "2018-03-22T08:50:41.045Z",
      "ctime": "2018-03-22T08:50:41.045Z",
      "birthtime": "2018-03-22T08:50:41.045Z"
    },
    "history": [
      "/Users/jiangheng/Desktop/work-code/xxd-h5/src/mods/product/imgs/arrow_down@3x.png"
    ],
    "path": "/Users/jiangheng/Desktop/work-code/xxd-h5/src/mods/product/imgs/arrow_down@3x.png",
    "gulpCache$filePathChangedInsideTask": false,
    "gulpCache$fileBaseChangedInsideTask": false,
    "gulpCache$originalPath": "/Users/jiangheng/Desktop/work-code/xxd-h5/src/mods/product/imgs/arrow_down@3x.png",
    "gulpCache$originalBase": "/Users/jiangheng/Desktop/work-code/xxd-h5/src/mods/"
  }
]