[
  {
    "cwd": "/Users/jiangheng/Desktop/work-code/xxd-h5",
    "base": "/Users/jiangheng/Desktop/work-code/xxd-h5/src/mods/",
    "contents": {
      "type": "Buffer",
      "data": [
        137,
        80,
        78,
        71,
        13,
        10,
        26,
        10,
        0,
        0,
        0,
        13,
        73,
        72,
        68,
        82,
        0,
        0,
        0,
        44,
        0,
        0,
        0,
        35,
        8,
        6,
        0,
        0,
        0,
        239,
        210,
        232,
        212,
        0,
        0,
        3,
        46,
        73,
        68,
        65,
        84,
        120,
        218,
        212,
        152,
        73,
        104,
        212,
        80,
        24,
        199,
        51,
        207,
        105,
        65,
        65,
        69,
        69,
        43,
        246,
        214,
        10,
        46,
        56,
        136,
        82,
        173,
        90,
        151,
        193,
        165,
        46,
        7,
        169,
        98,
        15,
        74,
        65,
        113,
        1,
        193,
        30,
        4,
        65,
        20,
        170,
        7,
        171,
        21,
        68,
        4,
        65,
        15,
        138,
        162,
        136,
        43,
        42,
        110,
        184,
        80,
        113,
        173,
        162,
        56,
        174,
        7,
        69,
        165,
        10,
        133,
        90,
        132,
        182,
        7,
        235,
        193,
        165,
        212,
        248,
        255,
        240,
        31,
        120,
        132,
        180,
        147,
        188,
        153,
        105,
        226,
        7,
        191,
        38,
        47,
        77,
        222,
        252,
        72,
        190,
        247,
        190,
        151,
        196,
        74,
        106,
        219,
        44,
        70,
        12,
        140,
        5,
        67,
        173,
        232,
        196,
        31,
        240,
        41,
        85,
        51,
        228,
        139,
        115,
        32,
        206,
        237,
        20,
        112,
        28,
        140,
        178,
        34,
        24,
        147,
        118,
        182,
        95,
        197,
        102,
        53,
        196,
        219,
        99,
        184,
        195,
        197,
        104,
        188,
        2,
        253,
        173,
        104,
        199,
        19,
        48,
        93,
        225,
        207,
        102,
        151,
        236,
        179,
        136,
        8,
        74,
        174,
        126,
        214,
        218,
        83,
        193,
        124,
        17,
        158,
        168,
        29,
        60,
        13,
        166,
        129,
        42,
        208,
        25,
        162,
        108,
        51,
        40,
        3,
        179,
        36,
        135,
        181,
        227,
        19,
        68,
        56,
        79,
        59,
        112,
        9,
        116,
        129,
        83,
        96,
        9,
        248,
        17,
        130,
        236,
        7,
        185,
        155,
        200,
        215,
        143,
        216,
        182,
        128,
        71,
        218,
        255,
        242,
        149,
        235,
        228,
        115,
        146,
        220,
        220,
        191,
        46,
        143,
        0,
        116,
        244,
        162,
        236,
        11,
        48,
        3,
        178,
        205,
        24,
        104,
        249,
        216,
        63,
        9,
        86,
        234,
        39,
        184,
        133,
        165,
        125,
        20,
        108,
        98,
        187,
        129,
        143,
        165,
        173,
        23,
        100,
        239,
        129,
        57,
        144,
        109,
        133,
        108,
        63,
        236,
        95,
        6,
        203,
        45,
        15,
        65,
        175,
        216,
        11,
        234,
        56,
        55,
        191,
        102,
        194,
        55,
        229,
        80,
        86,
        166,
        173,
        69,
        144,
        253,
        6,
        217,
        129,
        216,
        175,
        7,
        11,
        189,
        78,
        84,
        61,
        116,
        178,
        21,
        28,
        2,
        125,
        64,
        163,
        76,
        41,
        224,
        93,
        14,
        100,
        79,
        128,
        165,
        144,
        253,
        9,
        217,
        2,
        62,
        213,
        178,
        238,
        78,
        86,
        105,
        58,
        91,
        7,
        206,
        72,
        178,
        115,
        228,
        38,
        179,
        60,
        237,
        237,
        7,
        171,
        32,
        219,
        5,
        217,
        34,
        236,
        63,
        6,
        137,
        158,
        46,
        80,
        62,
        58,
        173,
        4,
        215,
        128,
        228,
        85,
        43,
        152,
        203,
        124,
        203,
        52,
        182,
        131,
        141,
        144,
        181,
        33,
        43,
        146,
        15,
        65,
        113,
        186,
        139,
        148,
        207,
        206,
        203,
        193,
        93,
        48,
        8,
        124,
        7,
        11,
        56,
        5,
        154,
        132,
        13,
        170,
        65,
        45,
        203,
        110,
        41,
        54,
        247,
        65,
        161,
        159,
        139,
        85,
        128,
        31,
        42,
        229,
        93,
        144,
        142,
        127,
        243,
        206,
        31,
        11,
        40,
        219,
        201,
        162,
        116,
        144,
        237,
        121,
        124,
        90,
        131,
        253,
        118,
        160,
        2,
        254,
        224,
        56,
        74,
        143,
        100,
        129,
        89,
        3,
        246,
        249,
        188,
        86,
        138,
        80,
        5,
        171,
        169,
        147,
        106,
        50,
        215,
        247,
        13,
        34,
        160,
        12,
        30,
        105,
        17,
        171,
        79,
        130,
        143,
        87,
        230,
        236,
        154,
        52,
        215,
        116,
        48,
        173,
        110,
        104,
        131,
        249,
        172,
        171,
        202,
        230,
        76,
        88,
        162,
        128,
        210,
        206,
        244,
        179,
        11,
        172,
        231,
        250,
        213,
        29,
        50,
        80,
        103,
        106,
        37,
        118,
        11,
        56,
        108,
        250,
        219,
        42,
        131,
        81,
        62,
        0,
        220,
        214,
        38,
        120,
        153,
        179,
        87,
        184,
        22,
        77,
        77,
        92,
        76,
        189,
        97,
        17,
        146,
        130,
        180,
        59,
        147,
        169,
        197,
        84,
        88,
        86,
        80,
        41,
        230,
        223,
        21,
        173,
        132,
        202,
        90,
        100,
        49,
        243,
        245,
        45,
        139,
        77,
        35,
        139,
        207,
        17,
        173,
        228,
        95,
        52,
        93,
        13,
        42,
        67,
        217,
        164,
        150,
        183,
        121,
        92,
        164,
        108,
        96,
        251,
        22,
        83,
        32,
        201,
        98,
        35,
        69,
        231,
        188,
        182,
        168,
        250,
        202,
        193,
        186,
        204,
        68,
        90,
        25,
        202,
        22,
        82,
        66,
        239,
        231,
        0,
        216,
        198,
        246,
        115,
        46,
        152,
        228,
        197,
        224,
        38,
        151,
        170,
        78,
        12,
        231,
        90,
        225,
        129,
        137,
        180,
        50,
        148,
        173,
        103,
        14,
        187,
        99,
        7,
        88,
        171,
        181,
        165,
        172,
        207,
        246,
        56,
        111,
        178,
        169,
        116,
        60,
        139,
        178,
        78,
        84,
        51,
        119,
        45,
        14,
        184,
        238,
        194,
        145,
        46,
        167,
        244,
        5,
        63,
        211,
        92,
        60,
        203,
        178,
        18,
        227,
        137,
        159,
        8,
        44,
        173,
        178,
        44,
        107,
        18,
        129,
        210,
        67,
        133,
        44,
        27,
        88,
        90,
        69,
        64,
        54,
        144,
        180,
        138,
        136,
        172,
        111,
        105,
        21,
        33,
        89,
        95,
        210,
        202,
        117,
        160,
        50,
        100,
        89,
        47,
        233,
        58,
        237,
        248,
        47,
        153,
        214,
        94,
        130,
        18,
        237,
        203,
        207,
        136,
        144,
        101,
        117,
        233,
        6,
        174,
        189,
        157,
        72,
        201,
        29,
        222,
        195,
        215,
        30,
        137,
        209,
        17,
        145,
        117,
        34,
        161,
        45,
        240,
        229,
        197,
        225,
        142,
        98,
        222,
        202,
        196,
        253,
        222,
        138,
        110,
        200,
        234,
        174,
        66,
        94,
        88,
        157,
        74,
        247,
        212,
        250,
        247,
        49,
        123,
        12,
        24,
        22,
        33,
        81,
        121,
        13,
        147,
        15,
        218,
        45,
        206,
        129,
        152,
        109,
        219,
        214,
        255,
        20,
        127,
        5,
        24,
        0,
        38,
        134,
        218,
        151,
        255,
        67,
        132,
        247,
        0,
        0,
        0,
        0,
        73,
        69,
        78,
        68,
        174,
        66,
        96,
        130
      ]
    },
    "stat": {
      "dev": 16777220,
      "mode": 33188,
      "nlink": 1,
      "uid": 501,
      "gid": 20,
      "rdev": 0,
      "blksize": 4194304,
      "ino": 2088603,
      "size": 1728,
      "blocks": 8,
      "atime": "2018-04-17T07:59:11.785Z",
      "mtime": "2018-03-22T08:50:40.989Z",
      "ctime": "2018-03-22T08:50:40.989Z",
      "birthtime": "2018-03-22T08:50:40.989Z"
    },
    "history": [
      "/Users/jiangheng/Desktop/work-code/xxd-h5/src/mods/contactus/imgs/email_icon@3x.png"
    ],
    "path": "/Users/jiangheng/Desktop/work-code/xxd-h5/src/mods/contactus/imgs/email_icon@3x.png",
    "gulpCache$filePathChangedInsideTask": false,
    "gulpCache$fileBaseChangedInsideTask": false,
    "gulpCache$originalPath": "/Users/jiangheng/Desktop/work-code/xxd-h5/src/mods/contactus/imgs/email_icon@3x.png",
    "gulpCache$originalBase": "/Users/jiangheng/Desktop/work-code/xxd-h5/src/mods/"
  }
]