[
  {
    "cwd": "/Users/jiangheng/Desktop/work-code/xxd-h5",
    "base": "/Users/jiangheng/Desktop/work-code/xxd-h5/src/mods/",
    "contents": {
      "type": "Buffer",
      "data": [
        137,
        80,
        78,
        71,
        13,
        10,
        26,
        10,
        0,
        0,
        0,
        13,
        73,
        72,
        68,
        82,
        0,
        0,
        0,
        60,
        0,
        0,
        0,
        60,
        8,
        3,
        0,
        0,
        0,
        13,
        34,
        41,
        64,
        0,
        0,
        2,
        64,
        80,
        76,
        84,
        69,
        56,
        127,
        238,
        255,
        255,
        255,
        56,
        127,
        238,
        56,
        127,
        238,
        56,
        127,
        238,
        56,
        127,
        238,
        56,
        127,
        238,
        56,
        127,
        238,
        56,
        127,
        238,
        56,
        127,
        238,
        56,
        127,
        238,
        56,
        127,
        238,
        56,
        127,
        238,
        56,
        127,
        238,
        56,
        127,
        238,
        56,
        127,
        238,
        56,
        127,
        238,
        56,
        127,
        238,
        56,
        127,
        238,
        56,
        127,
        238,
        56,
        127,
        238,
        56,
        127,
        238,
        56,
        127,
        238,
        56,
        127,
        238,
        56,
        127,
        238,
        56,
        127,
        238,
        56,
        127,
        238,
        56,
        127,
        238,
        56,
        127,
        238,
        56,
        127,
        238,
        56,
        127,
        238,
        56,
        127,
        238,
        56,
        127,
        238,
        56,
        127,
        238,
        56,
        127,
        238,
        56,
        127,
        238,
        56,
        127,
        238,
        56,
        127,
        238,
        56,
        127,
        238,
        56,
        127,
        238,
        56,
        127,
        238,
        56,
        127,
        238,
        56,
        127,
        238,
        56,
        127,
        238,
        56,
        127,
        238,
        56,
        127,
        238,
        56,
        127,
        238,
        56,
        127,
        238,
        56,
        127,
        238,
        56,
        127,
        238,
        56,
        127,
        238,
        56,
        127,
        238,
        56,
        127,
        238,
        56,
        127,
        238,
        56,
        127,
        238,
        56,
        127,
        238,
        56,
        127,
        238,
        56,
        127,
        238,
        56,
        127,
        238,
        56,
        127,
        238,
        56,
        127,
        238,
        56,
        127,
        238,
        56,
        127,
        238,
        56,
        127,
        238,
        56,
        127,
        238,
        56,
        127,
        238,
        56,
        127,
        238,
        56,
        127,
        238,
        56,
        127,
        238,
        56,
        127,
        238,
        56,
        127,
        238,
        56,
        127,
        238,
        56,
        127,
        238,
        56,
        127,
        238,
        56,
        127,
        238,
        56,
        127,
        238,
        56,
        127,
        238,
        56,
        127,
        238,
        56,
        127,
        238,
        56,
        127,
        238,
        56,
        127,
        238,
        56,
        127,
        238,
        56,
        127,
        238,
        56,
        127,
        238,
        56,
        127,
        238,
        56,
        127,
        238,
        56,
        127,
        238,
        56,
        127,
        238,
        56,
        127,
        238,
        56,
        127,
        238,
        56,
        127,
        238,
        56,
        127,
        238,
        56,
        127,
        238,
        56,
        127,
        238,
        56,
        127,
        238,
        56,
        127,
        238,
        56,
        127,
        238,
        56,
        127,
        238,
        56,
        127,
        238,
        56,
        127,
        238,
        56,
        127,
        238,
        56,
        127,
        238,
        56,
        127,
        238,
        56,
        127,
        238,
        56,
        127,
        238,
        56,
        127,
        238,
        56,
        127,
        238,
        56,
        127,
        238,
        56,
        127,
        238,
        56,
        127,
        238,
        56,
        127,
        238,
        56,
        127,
        238,
        56,
        127,
        238,
        56,
        127,
        238,
        56,
        127,
        238,
        56,
        127,
        238,
        56,
        127,
        238,
        56,
        127,
        238,
        56,
        127,
        238,
        56,
        127,
        238,
        56,
        127,
        238,
        56,
        127,
        238,
        56,
        127,
        238,
        56,
        127,
        238,
        56,
        127,
        238,
        56,
        127,
        238,
        56,
        127,
        238,
        56,
        127,
        238,
        56,
        127,
        238,
        56,
        127,
        238,
        56,
        127,
        238,
        56,
        127,
        238,
        56,
        127,
        238,
        56,
        127,
        238,
        56,
        127,
        238,
        56,
        127,
        238,
        56,
        127,
        238,
        56,
        127,
        238,
        56,
        127,
        238,
        56,
        127,
        238,
        56,
        127,
        238,
        56,
        127,
        238,
        56,
        127,
        238,
        56,
        127,
        238,
        56,
        127,
        238,
        56,
        127,
        238,
        56,
        127,
        238,
        56,
        127,
        238,
        56,
        127,
        238,
        56,
        127,
        238,
        56,
        127,
        238,
        56,
        127,
        238,
        56,
        127,
        238,
        56,
        127,
        238,
        56,
        127,
        238,
        56,
        127,
        238,
        56,
        127,
        238,
        56,
        127,
        238,
        56,
        127,
        238,
        56,
        127,
        238,
        56,
        127,
        238,
        56,
        127,
        238,
        56,
        127,
        238,
        56,
        127,
        238,
        56,
        127,
        238,
        56,
        127,
        238,
        56,
        127,
        238,
        56,
        127,
        238,
        56,
        127,
        238,
        56,
        127,
        238,
        56,
        127,
        238,
        56,
        127,
        238,
        56,
        127,
        238,
        56,
        127,
        238,
        56,
        127,
        238,
        56,
        127,
        238,
        56,
        127,
        238,
        56,
        127,
        238,
        56,
        127,
        238,
        56,
        127,
        238,
        56,
        127,
        238,
        56,
        127,
        238,
        56,
        127,
        238,
        56,
        127,
        238,
        56,
        127,
        238,
        56,
        127,
        238,
        56,
        127,
        238,
        56,
        127,
        238,
        56,
        127,
        238,
        56,
        127,
        238,
        56,
        127,
        238,
        56,
        127,
        238,
        237,
        45,
        86,
        126,
        0,
        0,
        0,
        191,
        116,
        82,
        78,
        83,
        0,
        0,
        1,
        2,
        4,
        5,
        6,
        7,
        8,
        9,
        10,
        11,
        15,
        16,
        17,
        18,
        19,
        20,
        21,
        22,
        23,
        24,
        25,
        28,
        29,
        30,
        32,
        33,
        34,
        35,
        40,
        41,
        42,
        43,
        44,
        45,
        46,
        47,
        48,
        50,
        53,
        54,
        55,
        56,
        58,
        59,
        60,
        61,
        62,
        63,
        64,
        65,
        66,
        67,
        68,
        69,
        70,
        71,
        72,
        74,
        75,
        76,
        77,
        78,
        82,
        83,
        84,
        85,
        86,
        87,
        88,
        89,
        92,
        93,
        94,
        95,
        96,
        97,
        98,
        99,
        100,
        101,
        102,
        103,
        105,
        107,
        108,
        109,
        110,
        115,
        116,
        117,
        119,
        120,
        121,
        125,
        126,
        128,
        129,
        130,
        133,
        141,
        142,
        143,
        144,
        145,
        146,
        148,
        149,
        150,
        152,
        153,
        154,
        155,
        156,
        157,
        160,
        161,
        162,
        163,
        165,
        166,
        167,
        168,
        169,
        170,
        171,
        172,
        173,
        179,
        180,
        181,
        182,
        184,
        185,
        186,
        187,
        188,
        189,
        194,
        195,
        196,
        197,
        198,
        199,
        200,
        201,
        202,
        203,
        204,
        205,
        206,
        207,
        208,
        210,
        214,
        215,
        216,
        217,
        219,
        220,
        221,
        222,
        223,
        225,
        227,
        229,
        230,
        232,
        233,
        234,
        235,
        236,
        237,
        238,
        239,
        240,
        241,
        242,
        243,
        244,
        245,
        246,
        247,
        248,
        249,
        250,
        251,
        252,
        253,
        254,
        105,
        233,
        28,
        129,
        0,
        0,
        4,
        112,
        73,
        68,
        65,
        84,
        72,
        199,
        149,
        151,
        255,
        95,
        82,
        103,
        20,
        199,
        207,
        240,
        226,
        112,
        77,
        152,
        163,
        210,
        57,
        37,
        77,
        251,
        34,
        150,
        165,
        43,
        221,
        154,
        22,
        51,
        191,
        164,
        219,
        12,
        208,
        245,
        205,
        108,
        155,
        38,
        224,
        220,
        80,
        150,
        78,
        141,
        210,
        216,
        138,
        185,
        45,
        221,
        244,
        130,
        91,
        197,
        69,
        210,
        50,
        1,
        49,
        164,
        153,
        64,
        112,
        239,
        191,
        182,
        7,
        113,
        234,
        189,
        247,
        185,
        124,
        249,
        252,
        194,
        235,
        62,
        231,
        121,
        191,
        238,
        185,
        60,
        231,
        156,
        231,
        28,
        0,
        158,
        136,
        61,
        114,
        101,
        75,
        247,
        208,
        3,
        155,
        107,
        201,
        237,
        94,
        114,
        217,
        30,
        12,
        117,
        183,
        40,
        229,
        123,
        136,
        184,
        245,
        173,
        93,
        226,
        179,
        226,
        210,
        166,
        235,
        70,
        11,
        185,
        232,
        143,
        48,
        155,
        138,
        248,
        23,
        73,
        139,
        241,
        122,
        83,
        169,
        56,
        41,
        156,
        173,
        80,
        233,
        72,
        63,
        195,
        147,
        159,
        212,
        169,
        20,
        217,
        137,
        225,
        92,
        245,
        56,
        229,
        141,
        48,
        24,
        69,
        188,
        212,
        184,
        58,
        55,
        1,
        156,
        83,
        215,
        59,
        19,
        100,
        4,
        21,
        156,
        233,
        173,
        203,
        17,
        128,
        137,
        2,
        141,
        245,
        53,
        147,
        80,
        175,
        173,
        218,
        2,
        2,
        11,
        151,
        245,
        58,
        54,
        152,
        36,
        218,
        112,
        244,
        150,
        97,
        224,
        204,
        83,
        131,
        207,
        153,
        20,
        244,
        124,
        240,
        84,
        38,
        23,
        206,
        170,
        52,
        175,
        50,
        41,
        105,
        213,
        92,
        153,
        197,
        129,
        79,
        143,
        189,
        100,
        82,
        212,
        203,
        177,
        211,
        44,
        152,
        56,
        58,
        232,
        99,
        82,
        150,
        111,
        240,
        40,
        177,
        11,
        46,
        212,
        63,
        99,
        210,
        208,
        51,
        125,
        161,
        104,
        27,
        222,
        171,
        161,
        152,
        180,
        68,
        105,
        247,
        110,
        195,
        159,
        78,
        190,
        73,
        15,
        126,
        243,
        123,
        237,
        22,
        44,
        202,
        211,
        179,
        206,
        151,
        246,
        60,
        113,
        6,
        216,
        155,
        3,
        206,
        39,
        30,
        154,
        117,
        222,
        134,
        15,
        50,
        54,
        97,
        169,
        198,
        198,
        218,
        185,
        110,
        170,
        57,
        55,
        182,
        206,
        90,
        25,
        61,
        91,
        243,
        35,
        59,
        248,
        230,
        180,
        178,
        77,
        248,
        192,
        61,
        246,
        123,
        150,
        181,
        232,
        228,
        70,
        214,
        118,
        22,
        214,
        70,
        62,
        2,
        104,
        247,
        176,
        125,
        185,
        87,
        132,
        96,
        145,
        164,
        222,
        201,
        246,
        209,
        253,
        245,
        187,
        0,
        39,
        238,
        110,
        211,
        254,
        59,
        21,
        40,
        85,
        191,
        97,
        195,
        140,
        179,
        94,
        34,
        2,
        162,
        212,
        192,
        9,
        143,
        208,
        148,
        38,
        27,
        196,
        21,
        63,
        109,
        121,
        254,
        239,
        240,
        113,
        49,
        250,
        180,
        233,
        16,
        39,
        84,
        12,
        165,
        4,
        72,
        26,
        200,
        48,
        231,
        191,
        92,
        127,
        248,
        229,
        62,
        128,
        170,
        184,
        231,
        254,
        225,
        19,
        0,
        251,
        47,
        78,
        115,
        243,
        45,
        76,
        54,
        72,
        64,
        222,
        197,
        175,
        27,
        161,
        63,
        218,
        164,
        0,
        21,
        119,
        144,
        197,
        111,
        62,
        6,
        32,
        83,
        79,
        133,
        249,
        181,
        165,
        75,
        14,
        74,
        35,
        230,
        28,
        67,
        15,
        219,
        165,
        32,
        62,
        62,
        18,
        10,
        14,
        31,
        35,
        64,
        214,
        193,
        245,
        121,
        83,
        70,
        37,
        180,
        254,
        140,
        139,
        130,
        208,
        244,
        197,
        253,
        0,
        103,
        190,
        235,
        251,
        4,
        249,
        172,
        254,
        51,
        140,
        219,
        99,
        105,
        129,
        110,
        27,
        54,
        134,
        194,
        83,
        106,
        41,
        188,
        147,
        159,
        159,
        5,
        50,
        205,
        52,
        150,
        101,
        200,
        110,
        24,
        90,
        196,
        71,
        96,
        120,
        186,
        67,
        22,
        11,
        221,
        247,
        190,
        250,
        11,
        207,
        50,
        139,
        67,
        96,
        245,
        11,
        5,
        48,
        217,
        158,
        15,
        240,
        97,
        135,
        93,
        200,
        190,
        102,
        5,
        59,
        38,
        39,
        34,
        72,
        81,
        58,
        104,
        173,
        3,
        56,
        55,
        25,
        164,
        163,
        177,
        103,
        76,
        118,
        216,
        193,
        197,
        93,
        163,
        3,
        243,
        179,
        51,
        36,
        73,
        206,
        61,
        190,
        255,
        25,
        64,
        253,
        253,
        199,
        115,
        232,
        97,
        102,
        118,
        62,
        64,
        115,
        119,
        186,
        96,
        137,
        187,
        228,
        254,
        190,
        173,
        177,
        177,
        169,
        169,
        169,
        249,
        194,
        249,
        3,
        40,
        240,
        207,
        95,
        104,
        70,
        15,
        141,
        141,
        109,
        63,
        184,
        185,
        59,
        151,
        192,
        195,
        93,
        114,
        212,
        0,
        86,
        31,
        59,
        184,
        59,
        61,
        124,
        120,
        161,
        53,
        19,
        199,
        102,
        182,
        46,
        240,
        97,
        158,
        219,
        107,
        147,
        186,
        111,
        227,
        234,
        84,
        2,
        40,
        59,
        183,
        30,
        116,
        147,
        1,
        190,
        219,
        46,
        225,
        98,
        179,
        126,
        13,
        224,
        218,
        186,
        176,
        221,
        133,
        61,
        170,
        255,
        47,
        182,
        78,
        128,
        78,
        225,
        139,
        15,
        29,
        21,
        54,
        72,
        232,
        121,
        203,
        232,
        152,
        217,
        120,
        6,
        133,
        183,
        209,
        60,
        54,
        106,
        153,
        167,
        241,
        65,
        130,
        11,
        79,
        218,
        211,
        95,
        121,
        176,
        228,
        112,
        113,
        14,
        186,
        117,
        139,
        15,
        151,
        28,
        172,
        236,
        247,
        210,
        216,
        240,
        196,
        37,
        70,
        244,
        239,
        207,
        81,
        15,
        33,
        138,
        255,
        205,
        232,
        71,
        252,
        197,
        63,
        81,
        108,
        98,
        180,
        254,
        130,
        129,
        23,
        186,
        143,
        20,
        21,
        151,
        40,
        80,
        102,
        200,
        20,
        37,
        197,
        69,
        71,
        122,
        22,
        163,
        216,
        148,
        44,
        31,
        192,
        125,
        243,
        163,
        91,
        134,
        190,
        254,
        155,
        39,
        1,
        78,
        222,
        236,
        239,
        51,
        220,
        122,
        68,
        227,
        139,
        1,
        174,
        12,
        161,
        132,
        244,
        175,
        172,
        248,
        40,
        84,
        131,
        181,
        148,
        111,
        101,
        197,
        143,
        75,
        202,
        88,
        25,
        122,
        187,
        193,
        38,
        144,
        175,
        204,
        171,
        171,
        0,
        87,
        95,
        9,
        24,
        195,
        54,
        84,
        0,
        249,
        165,
        119,
        39,
        252,
        174,
        0,
        92,
        241,
        8,
        221,
        210,
        177,
        210,
        43,
        146,
        168,
        156,
        2,
        118,
        119,
        12,
        118,
        11,
        24,
        157,
        42,
        73,
        236,
        56,
        20,
        227,
        107,
        233,
        195,
        129,
        9,
        69,
        252,
        162,
        83,
        227,
        107,
        32,
        179,
        124,
        9,
        224,
        210,
        50,
        222,
        102,
        211,
        72,
        55,
        225,
        140,
        92,
        61,
        190,
        133,
        114,
        95,
        6,
        184,
        140,
        127,
        243,
        134,
        62,
        47,
        99,
        235,
        114,
        175,
        253,
        13,
        155,
        29,
        129,
        46,
        128,
        174,
        0,
        254,
        114,
        175,
        219,
        105,
        43,
        180,
        14,
        220,
        150,
        232,
        237,
        218,
        218,
        219,
        81,
        156,
        197,
        209,
        190,
        111,
        27,
        22,
        9,
        52,
        52,
        62,
        138,
        242,
        37,
        109,
        104,
        128,
        40,
        51,
        165,
        211,
        74,
        153,
        202,
        8,
        86,
        19,
        87,
        157,
        78,
        19,
        87,
        205,
        109,
        31,
        171,
        238,
        166,
        72,
        175,
        154,
        171,
        178,
        120,
        141,
        107,
        181,
        41,
        181,
        198,
        213,
        196,
        111,
        92,
        145,
        202,
        117,
        142,
        96,
        50,
        52,
        72,
        233,
        202,
        177,
        253,
        182,
        184,
        64,
        155,
        180,
        89,
        255,
        181,
        189,
        80,
        44,
        48,
        38,
        188,
        95,
        167,
        155,
        13,
        9,
        163,
        161,
        89,
        221,
        89,
        121,
        130,
        1,
        37,
        79,
        59,
        65,
        121,
        177,
        113,
        17,
        245,
        82,
        19,
        218,
        188,
        196,
        163,
        145,
        84,
        161,
        210,
        219,
        49,
        33,
        25,
        176,
        235,
        85,
        10,
        105,
        242,
        161,
        236,
        80,
        243,
        141,
        1,
        139,
        109,
        247,
        80,
        102,
        179,
        12,
        220,
        104,
        62,
        36,
        78,
        97,
        162,
        139,
        143,
        131,
        61,
        104,
        28,
        124,
        250,
        194,
        235,
        125,
        241,
        20,
        141,
        131,
        61,
        2,
        227,
        224,
        127,
        90,
        204,
        109,
        216,
        202,
        80,
        37,
        52,
        0,
        0,
        0,
        0,
        73,
        69,
        78,
        68,
        174,
        66,
        96,
        130
      ]
    },
    "stat": {
      "dev": 16777220,
      "mode": 33188,
      "nlink": 1,
      "uid": 501,
      "gid": 20,
      "rdev": 0,
      "blksize": 4194304,
      "ino": 2088642,
      "size": 2851,
      "blocks": 8,
      "atime": "2018-04-17T07:59:11.787Z",
      "mtime": "2018-03-22T08:50:41.000Z",
      "ctime": "2018-03-22T08:50:41.000Z",
      "birthtime": "2018-03-22T08:50:40.999Z"
    },
    "history": [
      "/Users/jiangheng/Desktop/work-code/xxd-h5/src/mods/home/imgs/financial_icon_act@3x.png"
    ],
    "path": "/Users/jiangheng/Desktop/work-code/xxd-h5/src/mods/home/imgs/financial_icon_act@3x.png",
    "gulpCache$filePathChangedInsideTask": false,
    "gulpCache$fileBaseChangedInsideTask": false,
    "gulpCache$originalPath": "/Users/jiangheng/Desktop/work-code/xxd-h5/src/mods/home/imgs/financial_icon_act@3x.png",
    "gulpCache$originalBase": "/Users/jiangheng/Desktop/work-code/xxd-h5/src/mods/"
  }
]