[
  {
    "cwd": "/Users/jiangheng/Desktop/work-code/xxd-h5",
    "base": "/Users/jiangheng/Desktop/work-code/xxd-h5/src/mods/",
    "contents": {
      "type": "Buffer",
      "data": [
        137,
        80,
        78,
        71,
        13,
        10,
        26,
        10,
        0,
        0,
        0,
        13,
        73,
        72,
        68,
        82,
        0,
        0,
        0,
        39,
        0,
        0,
        0,
        38,
        8,
        6,
        0,
        0,
        0,
        71,
        255,
        130,
        144,
        0,
        0,
        2,
        95,
        73,
        68,
        65,
        84,
        120,
        218,
        98,
        156,
        61,
        231,
        3,
        3,
        20,
        176,
        0,
        241,
        42,
        32,
        246,
        7,
        98,
        38,
        6,
        234,
        128,
        215,
        64,
        28,
        13,
        196,
        187,
        113,
        41,
        72,
        73,
        230,
        199,
        169,
        153,
        233,
        255,
        127,
        6,
        6,
        40,
        118,
        7,
        226,
        64,
        32,
        70,
        22,
        163,
        20,
        139,
        2,
        113,
        7,
        62,
        53,
        248,
        0,
        11,
        146,
        2,
        81,
        6,
        218,
        0,
        97,
        114,
        53,
        2,
        29,
        199,
        200,
        48,
        88,
        1,
        11,
        161,
        160,
        29,
        80,
        199,
        253,
        35,
        206,
        113,
        79,
        128,
        248,
        45,
        30,
        121,
        102,
        32,
        86,
        5,
        98,
        118,
        234,
        134,
        220,
        63,
        130,
        209,
        218,
        14,
        196,
        213,
        64,
        76,
        200,
        27,
        242,
        64,
        124,
        18,
        136,
        197,
        169,
        23,
        114,
        255,
        8,
        170,
        153,
        72,
        132,
        195,
        64,
        224,
        33,
        16,
        175,
        7,
        226,
        12,
        122,
        70,
        43,
        41,
        81,
        69,
        221,
        104,
        253,
        71,
        56,
        90,
        251,
        160,
        161,
        241,
        134,
        64,
        154,
        115,
        1,
        226,
        8,
        42,
        59,
        142,
        160,
        154,
        96,
        40,
        30,
        128,
        220,
        250,
        111,
        16,
        151,
        115,
        68,
        132,
        220,
        64,
        58,
        142,
        230,
        33,
        39,
        143,
        47,
        183,
        183,
        119,
        126,
        3,
        81,
        95,
        128,
        184,
        172,
        178,
        156,
        107,
        58,
        178,
        28,
        99,
        75,
        219,
        87,
        24,
        59,
        1,
        136,
        231,
        99,
        209,
        255,
        11,
        136,
        87,
        2,
        241,
        59,
        60,
        14,
        0,
        181,
        98,
        236,
        128,
        88,
        159,
        2,
        79,
        252,
        6,
        98,
        158,
        234,
        74,
        174,
        95,
        240,
        144,
        251,
        75,
        56,
        228,
        98,
        161,
        77,
        41,
        130,
        177,
        0,
        196,
        167,
        129,
        216,
        128,
        76,
        199,
        177,
        2,
        49,
        23,
        52,
        48,
        136,
        78,
        115,
        123,
        136,
        52,
        252,
        15,
        16,
        31,
        166,
        192,
        113,
        100,
        165,
        57,
        121,
        2,
        81,
        138,
        174,
        150,
        138,
        25,
        226,
        47,
        65,
        53,
        203,
        129,
        184,
        14,
        136,
        95,
        17,
        40,
        132,
        93,
        129,
        216,
        143,
        222,
        185,
        85,
        29,
        154,
        33,
        40,
        1,
        5,
        64,
        188,
        24,
        136,
        255,
        97,
        169,
        238,
        218,
        128,
        56,
        105,
        160,
        202,
        185,
        175,
        208,
        198,
        3,
        46,
        208,
        141,
        199,
        113,
        52,
        47,
        231,
        184,
        129,
        56,
        20,
        136,
        87,
        227,
        40,
        130,
        18,
        41,
        173,
        33,
        14,
        19,
        81,
        206,
        153,
        0,
        177,
        36,
        14,
        249,
        85,
        208,
        16,
        252,
        131,
        37,
        90,
        57,
        40,
        105,
        50,
        229,
        2,
        241,
        20,
        34,
        60,
        192,
        3,
        196,
        231,
        129,
        88,
        5,
        79,
        8,
        82,
        61,
        67,
        172,
        32,
        210,
        44,
        80,
        21,
        180,
        19,
        143,
        227,
        104,
        82,
        241,
        11,
        19,
        104,
        203,
        33,
        3,
        33,
        28,
        226,
        235,
        128,
        120,
        25,
        16,
        163,
        23,
        92,
        156,
        64,
        92,
        2,
        196,
        70,
        228,
        246,
        190,
        230,
        1,
        113,
        17,
        16,
        191,
        36,
        80,
        117,
        185,
        1,
        113,
        24,
        22,
        185,
        239,
        64,
        28,
        137,
        92,
        45,
        161,
        129,
        235,
        208,
        228,
        64,
        86,
        200,
        89,
        1,
        241,
        9,
        10,
        98,
        7,
        148,
        232,
        101,
        129,
        248,
        46,
        14,
        121,
        213,
        129,
        236,
        183,
        50,
        65,
        27,
        4,
        71,
        177,
        68,
        43,
        200,
        225,
        78,
        184,
        163,
        131,
        62,
        157,
        106,
        65,
        32,
        246,
        33,
        57,
        67,
        48,
        12,
        226,
        30,
        63,
        19,
        216,
        113,
        255,
        129,
        101,
        212,
        127,
        96,
        186,
        248,
        15,
        109,
        179,
        14,
        28,
        214,
        205,
        202,
        250,
        173,
        136,
        156,
        30,
        204,
        160,
        195,
        13,
        77,
        131,
        32,
        176,
        14,
        1,
        241,
        61,
        160,
        3,
        231,
        192,
        28,
        151,
        12,
        196,
        252,
        131,
        44,
        70,
        147,
        129,
        14,
        20,
        100,
        162,
        118,
        47,
        157,
        138,
        128,
        159,
        137,
        129,
        97,
        48,
        103,
        8,
        6,
        134,
        79,
        131,
        208,
        93,
        160,
        236,
        241,
        22,
        228,
        184,
        73,
        64,
        124,
        109,
        16,
        57,
        236,
        7,
        16,
        87,
        76,
        155,
        198,
        250,
        25,
        32,
        192,
        0,
        177,
        97,
        248,
        243,
        233,
        160,
        112,
        197,
        0,
        0,
        0,
        0,
        73,
        69,
        78,
        68,
        174,
        66,
        96,
        130
      ]
    },
    "stat": {
      "dev": 16777220,
      "mode": 33188,
      "nlink": 1,
      "uid": 501,
      "gid": 20,
      "rdev": 0,
      "blksize": 4194304,
      "ino": 2088659,
      "size": 1521,
      "blocks": 8,
      "atime": "2018-04-17T07:59:11.790Z",
      "mtime": "2018-03-22T08:50:41.011Z",
      "ctime": "2018-03-22T08:50:41.011Z",
      "birthtime": "2018-03-22T08:50:41.011Z"
    },
    "history": [
      "/Users/jiangheng/Desktop/work-code/xxd-h5/src/mods/home/imgs/sasac_icon@2x.png"
    ],
    "path": "/Users/jiangheng/Desktop/work-code/xxd-h5/src/mods/home/imgs/sasac_icon@2x.png",
    "gulpCache$filePathChangedInsideTask": false,
    "gulpCache$fileBaseChangedInsideTask": false,
    "gulpCache$originalPath": "/Users/jiangheng/Desktop/work-code/xxd-h5/src/mods/home/imgs/sasac_icon@2x.png",
    "gulpCache$originalBase": "/Users/jiangheng/Desktop/work-code/xxd-h5/src/mods/"
  }
]