[
  {
    "cwd": "/Users/jiangheng/Desktop/work-code/xxd-h5",
    "base": "/Users/jiangheng/Desktop/work-code/xxd-h5/src/mods/",
    "contents": {
      "type": "Buffer",
      "data": [
        137,
        80,
        78,
        71,
        13,
        10,
        26,
        10,
        0,
        0,
        0,
        13,
        73,
        72,
        68,
        82,
        0,
        0,
        0,
        79,
        0,
        0,
        0,
        79,
        8,
        6,
        0,
        0,
        0,
        170,
        52,
        152,
        134,
        0,
        0,
        8,
        155,
        73,
        68,
        65,
        84,
        120,
        218,
        237,
        93,
        107,
        112,
        19,
        85,
        20,
        174,
        128,
        34,
        85,
        65,
        30,
        242,
        70,
        160,
        148,
        55,
        84,
        94,
        62,
        193,
        161,
        20,
        25,
        21,
        1,
        5,
        203,
        160,
        40,
        47,
        17,
        80,
        192,
        242,
        18,
        148,
        17,
        69,
        116,
        24,
        17,
        25,
        138,
        3,
        130,
        188,
        28,
        5,
        68,
        160,
        140,
        8,
        51,
        88,
        69,
        228,
        101,
        85,
        144,
        130,
        20,
        148,
        161,
        10,
        20,
        104,
        105,
        154,
        166,
        73,
        147,
        182,
        121,
        182,
        201,
        241,
        158,
        237,
        38,
        108,
        72,
        147,
        221,
        187,
        123,
        55,
        217,
        68,
        206,
        204,
        247,
        131,
        180,
        236,
        222,
        253,
        122,
        247,
        220,
        239,
        158,
        123,
        206,
        73,
        28,
        0,
        196,
        69,
        8,
        181,
        9,
        146,
        8,
        198,
        16,
        188,
        71,
        176,
        157,
        224,
        119,
        130,
        92,
        130,
        2,
        2,
        51,
        84,
        155,
        153,
        255,
        55,
        126,
        126,
        156,
        96,
        55,
        193,
        114,
        130,
        241,
        252,
        255,
        175,
        29,
        169,
        103,
        8,
        247,
        13,
        19,
        8,
        230,
        16,
        252,
        64,
        80,
        6,
        108,
        172,
        140,
        191,
        222,
        28,
        254,
        250,
        49,
        69,
        94,
        3,
        130,
        169,
        4,
        199,
        8,
        60,
        160,
        174,
        121,
        248,
        251,
        76,
        229,
        239,
        27,
        181,
        228,
        181,
        39,
        88,
        75,
        96,
        135,
        200,
        152,
        131,
        191,
        127,
        251,
        104,
        34,
        47,
        145,
        224,
        75,
        130,
        74,
        208,
        134,
        85,
        242,
        227,
        233,
        168,
        101,
        242,
        234,
        19,
        172,
        32,
        112,
        130,
        54,
        205,
        201,
        143,
        175,
        190,
        214,
        200,
        27,
        78,
        144,
        15,
        209,
        97,
        249,
        252,
        120,
        35,
        78,
        94,
        60,
        193,
        6,
        136,
        78,
        219,
        192,
        143,
        63,
        34,
        228,
        161,
        111,
        203,
        81,
        243,
        233,
        92,
        167,
        115,
        160,
        226,
        147,
        213,
        96,
        26,
        61,
        9,
        12,
        125,
        7,
        65,
        81,
        195,
        4,
        40,
        140,
        107,
        196,
        161,
        168,
        105,
        39,
        48,
        79,
        153,
        13,
        30,
        167,
        34,
        47,
        145,
        195,
        63,
        71,
        88,
        201,
        27,
        72,
        96,
        84,
        131,
        176,
        170,
        130,
        66,
        40,
        91,
        180,
        20,
        244,
        9,
        125,
        124,
        68,
        133,
        130,
        243,
        208,
        47,
        74,
        111,
        105,
        228,
        159,
        39,
        44,
        228,
        165,
        242,
        50,
        128,
        249,
        44,
        43,
        125,
        113,
        10,
        20,
        214,
        105,
        42,
        137,
        52,
        47,
        140,
        67,
        201,
        6,
        197,
        163,
        88,
        62,
        58,
        248,
        231,
        82,
        149,
        188,
        151,
        113,
        114,
        48,
        157,
        105,
        151,
        242,
        192,
        148,
        58,
        145,
        138,
        176,
        155,
        97,
        158,
        156,
        6,
        229,
        203,
        86,
        65,
        233,
        196,
        25,
        96,
        26,
        53,
        30,
        44,
        115,
        222,
        1,
        87,
        246,
        25,
        234,
        161,
        16,
        140,
        83,
        139,
        188,
        84,
        150,
        196,
        121,
        28,
        14,
        238,
        245,
        212,
        213,
        109,
        161,
        136,
        184,
        160,
        168,
        213,
        4,
        156,
        89,
        199,
        229,
        16,
        152,
        202,
        154,
        188,
        20,
        150,
        250,
        205,
        117,
        60,
        27,
        138,
        59,
        63,
        164,
        14,
        105,
        2,
        88,
        230,
        46,
        146,
        171,
        7,
        83,
        88,
        145,
        151,
        40,
        136,
        112,
        40,
        51,
        183,
        27,
        202,
        151,
        174,
        132,
        194,
        218,
        247,
        169,
        78,
        28,
        162,
        116,
        220,
        107,
        114,
        71,
        106,
        150,
        178,
        10,
        75,
        209,
        113,
        76,
        228,
        136,
        219,
        84,
        10,
        198,
        167,
        70,
        135,
        133,
        52,
        47,
        244,
        109,
        122,
        114,
        238,
        65,
        129,
        140,
        137,
        87,
        66,
        222,
        122,
        38,
        155,
        203,
        243,
        185,
        160,
        239,
        208,
        55,
        172,
        196,
        249,
        102,
        223,
        11,
        175,
        130,
        167,
        172,
        92,
        238,
        208,
        215,
        203,
        37,
        111,
        24,
        147,
        13,
        37,
        113,
        218,
        69,
        141,
        58,
        68,
        132,
        56,
        159,
        160,
        110,
        156,
        200,
        9,
        106,
        235,
        166,
        173,
        224,
        56,
        120,
        20,
        92,
        39,
        255,
        4,
        231,
        209,
        95,
        193,
        190,
        55,
        19,
        156,
        191,
        253,
        33,
        246,
        8,
        195,
        104,
        201,
        107,
        192,
        98,
        175,
        138,
        131,
        211,
        213,
        107,
        25,
        81,
        226,
        196,
        160,
        139,
        111,
        5,
        149,
        231,
        206,
        135,
        122,
        140,
        130,
        96,
        177,
        193,
        96,
        228,
        173,
        100,
        65,
        92,
        225,
        237,
        205,
        52,
        77,
        156,
        23,
        197,
        29,
        251,
        137,
        189,
        218,
        233,
        82,
        201,
        235,
        132,
        106,
        226,
        255,
        66,
        156,
        207,
        55,
        190,
        52,
        45,
        164,
        186,
        34,
        232,
        44,
        133,
        188,
        111,
        20,
        249,
        56,
        226,
        75,
        116,
        119,
        182,
        136,
        42,
        226,
        56,
        191,
        216,
        162,
        171,
        216,
        163,
        237,
        16,
        35,
        175,
        27,
        170,
        10,
        159,
        188,
        208,
        233,
        233,
        196,
        239,
        153,
        115,
        160,
        171,
        223,
        86,
        181,
        87,
        203,
        50,
        107,
        33,
        216,
        118,
        124,
        203,
        249,
        40,
        183,
        222,
        0,
        238,
        82,
        51,
        184,
        141,
        38,
        112,
        229,
        252,
        5,
        246,
        140,
        189,
        156,
        40,
        46,
        238,
        209,
        159,
        122,
        39,
        162,
        191,
        63,
        9,
        172,
        27,
        183,
        136,
        170,
        45,
        158,
        159,
        160,
        228,
        109,
        244,
        109,
        159,
        108,
        118,
        48,
        244,
        73,
        150,
        188,
        204,
        219,
        182,
        238,
        4,
        221,
        221,
        109,
        216,
        146,
        70,
        196,
        52,
        10,
        93,
        215,
        137,
        83,
        212,
        210,
        200,
        146,
        246,
        54,
        232,
        238,
        185,
        63,
        244,
        158,
        248,
        149,
        55,
        104,
        39,
        200,
        134,
        96,
        228,
        53,
        22,
        30,
        214,
        152,
        167,
        205,
        229,
        110,
        128,
        203,
        122,
        200,
        63,
        7,
        153,
        1,
        165,
        99,
        167,
        50,
        159,
        105,
        166,
        231,
        39,
        64,
        229,
        191,
        151,
        149,
        9,
        115,
        67,
        9,
        148,
        45,
        120,
        63,
        112,
        255,
        76,
        252,
        177,
        109,
        251,
        110,
        89,
        238,
        156,
        160,
        81,
        77,
        228,
        205,
        18,
        250,
        45,
        223,
        254,
        112,
        222,
        187,
        53,
        111,
        236,
        157,
        78,
        168,
        88,
        189,
        209,
        47,
        64,
        201,
        196,
        247,
        52,
        235,
        12,
        246,
        125,
        153,
        108,
        79,
        128,
        254,
        185,
        4,
        37,
        131,
        70,
        84,
        75,
        19,
        34,
        157,
        28,
        153,
        7,
        149,
        92,
        110,
        118,
        77,
        228,
        157,
        244,
        254,
        212,
        208,
        59,
        249,
        198,
        3,
        213,
        105,
        10,
        214,
        13,
        95,
        129,
        199,
        106,
        3,
        168,
        170,
        226,
        252,
        75,
        249,
        146,
        229,
        160,
        111,
        217,
        141,
        249,
        108,
        51,
        14,
        126,
        142,
        218,
        207,
        74,
        15,
        227,
        120,
        160,
        34,
        125,
        29,
        56,
        126,
        58,
        162,
        244,
        74,
        217,
        55,
        147,
        151,
        224,
        155,
        117,
        135,
        179,
        34,
        178,
        218,
        153,
        167,
        206,
        33,
        83,
        68,
        43,
        167,
        149,
        162,
        150,
        40,
        36,
        47,
        205,
        251,
        41,
        58,
        232,
        112,
        19,
        87,
        246,
        214,
        146,
        104,
        59,
        60,
        74,
        19,
        146,
        231,
        115,
        50,
        24,
        137,
        8,
        39,
        113,
        150,
        249,
        139,
        163,
        241,
        228,
        45,
        211,
        75,
        30,
        102,
        25,
        89,
        188,
        159,
        134,
        147,
        56,
        211,
        136,
        177,
        44,
        206,
        31,
        34,
        97,
        152,
        92,
        84,
        27,
        201,
        75,
        18,
        126,
        74,
        123,
        0,
        35,
        59,
        214,
        70,
        132,
        41,
        198,
        248,
        162,
        216,
        146,
        226,
        248,
        67,
        15,
        159,
        21,
        119,
        127,
        44,
        44,
        228,
        217,
        247,
        236,
        135,
        40,
        183,
        113,
        72,
        222,
        199,
        194,
        79,
        202,
        63,
        74,
        87,
        157,
        184,
        146,
        129,
        195,
        33,
        6,
        108,
        57,
        146,
        151,
        225,
        39,
        135,
        202,
        43,
        160,
        184,
        235,
        35,
        170,
        146,
        231,
        248,
        241,
        144,
        52,
        113,
        75,
        164,
        139,
        203,
        229,
        2,
        7,
        17,
        228,
        84,
        112,
        56,
        192,
        102,
        179,
        249,
        193,
        225,
        100,
        158,
        127,
        148,
        225,
        39,
        142,
        133,
        1,
        129,
        146,
        199,
        159,
        17,
        37,
        193,
        240,
        224,
        96,
        46,
        237,
        129,
        202,
        215,
        181,
        235,
        37,
        121,
        145,
        184,
        156,
        151,
        7,
        23,
        47,
        93,
        98,
        130,
        235,
        215,
        175,
        179,
        38,
        239,
        36,
        146,
        119,
        33,
        152,
        34,
        183,
        109,
        219,
        5,
        37,
        253,
        159,
        246,
        59,
        237,
        42,
        106,
        210,
        145,
        59,
        23,
        224,
        102,
        15,
        249,
        29,
        116,
        252,
        84,
        154,
        142,
        236,
        53,
        165,
        154,
        198,
        201,
        187,
        140,
        228,
        137,
        94,
        21,
        247,
        177,
        85,
        215,
        10,
        192,
        93,
        108,
        8,
        248,
        153,
        174,
        65,
        59,
        186,
        87,
        150,
        98,
        123,
        164,
        113,
        242,
        204,
        113,
        66,
        141,
        39,
        199,
        104,
        201,
        67,
        159,
        26,
        35,
        228,
        185,
        226,
        148,
        94,
        129,
        134,
        60,
        220,
        189,
        80,
        189,
        23,
        218,
        38,
        15,
        194,
        58,
        243,
        12,
        15,
        15,
        137,
        37,
        242,
        92,
        146,
        124,
        94,
        40,
        211,
        183,
        238,
        161,
        154,
        190,
        139,
        6,
        159,
        119,
        65,
        201,
        21,
        104,
        118,
        36,
        49,
        70,
        30,
        183,
        218,
        102,
        43,
        185,
        130,
        113,
        200,
        40,
        233,
        228,
        17,
        237,
        24,
        67,
        228,
        157,
        12,
        216,
        97,
        80,
        207,
        221,
        201,
        105,
        210,
        23,
        140,
        14,
        125,
        99,
        137,
        188,
        140,
        128,
        189,
        45,
        173,
        81,
        237,
        133,
        235,
        52,
        229,
        66,
        249,
        49,
        66,
        222,
        242,
        128,
        168,
        10,
        173,
        57,
        246,
        31,
        160,
        210,
        121,
        149,
        103,
        255,
        142,
        21,
        242,
        198,
        7,
        196,
        243,
        168,
        143,
        247,
        10,
        139,
        168,
        200,
        179,
        174,
        217,
        20,
        43,
        228,
        37,
        5,
        68,
        146,
        101,
        201,
        21,
        138,
        220,
        59,
        12,
        38,
        196,
        0,
        121,
        190,
        72,
        178,
        223,
        25,
        134,
        218,
        139,
        134,
        148,
        131,
        116,
        175,
        93,
        203,
        207,
        135,
        43,
        87,
        175,
        50,
        65,
        145,
        158,
        233,
        145,
        102,
        166,
        240,
        0,
        104,
        174,
        146,
        43,
        225,
        33,
        53,
        85,
        70,
        210,
        152,
        201,
        209,
        30,
        8,
        157,
        39,
        36,
        47,
        81,
        201,
        149,
        48,
        239,
        151,
        42,
        193,
        231,
        182,
        198,
        80,
        153,
        123,
        81,
        83,
        108,
        184,
        139,
        138,
        193,
        99,
        182,
        112,
        53,
        33,
        18,
        204,
        239,
        220,
        86,
        177,
        88,
        54,
        79,
        154,
        73,
        119,
        114,
        54,
        114,
        156,
        102,
        136,
        115,
        157,
        202,
        225,
        254,
        248,
        40,
        248,
        245,
        109,
        31,
        16,
        251,
        245,
        128,
        140,
        1,
        191,
        92,
        21,
        89,
        3,
        56,
        157,
        67,
        29,
        142,
        103,
        80,
        55,
        166,
        216,
        48,
        153,
        8,
        243,
        99,
        188,
        99,
        170,
        248,
        84,
        52,
        135,
        189,
        198,
        92,
        21,
        204,
        146,
        82,
        84,
        83,
        86,
        146,
        60,
        156,
        46,
        231,
        46,
        177,
        111,
        117,
        14,
        76,
        132,
        12,
        3,
        188,
        250,
        86,
        221,
        111,
        40,
        129,
        222,
        201,
        98,
        41,
        31,
        118,
        158,
        167,
        26,
        243,
        243,
        54,
        41,
        25,
        12,
        102,
        190,
        203,
        169,
        27,
        139,
        8,
        113,
        249,
        215,
        253,
        36,
        150,
        238,
        142,
        230,
        220,
        219,
        131,
        85,
        151,
        33,
        108,
        35,
        72,
        205,
        12,
        149,
        99,
        88,
        56,
        71,
        75,
        32,
        102,
        97,
        133,
        149,
        184,
        188,
        171,
        1,
        218,
        180,
        98,
        197,
        26,
        40,
        91,
        188,
        12,
        28,
        7,
        14,
        7,
        93,
        23,
        65,
        36,
        51,
        20,
        177,
        75,
        209,
        192,
        200,
        95,
        142,
        58,
        103,
        175,
        86,
        19,
        176,
        127,
        247,
        125,
        120,
        22,
        7,
        50,
        187,
        110,
        78,
        143,
        195,
        140,
        86,
        67,
        175,
        129,
        80,
        220,
        237,
        209,
        80,
        39,
        123,
        187,
        64,
        66,
        66,
        55,
        102,
        125,
        43,
        202,
        134,
        183,
        125,
        157,
        65,
        127,
        158,
        139,
        217,
        154,
        219,
        118,
        169,
        74,
        28,
        151,
        250,
        27,
        223,
        42,
        120,
        22,
        195,
        238,
        125,
        65,
        57,
        7,
        137,
        217,
        240,
        136,
        116,
        197,
        97,
        214,
        215,
        223,
        148,
        159,
        53,
        229,
        114,
        177,
        99,
        140,
        204,
        36,
        231,
        207,
        199,
        184,
        162,
        230,
        144,
        177,
        198,
        1,
        67,
        67,
        93,
        101,
        21,
        80,
        86,
        0,
        21,
        40,
        115,
        44,
        85,
        92,
        22,
        148,
        172,
        204,
        247,
        158,
        3,
        192,
        121,
        36,
        75,
        25,
        103,
        78,
        39,
        247,
        6,
        24,
        250,
        165,
        136,
        87,
        1,
        213,
        107,
        201,
        165,
        222,
        6,
        49,
        234,
        10,
        32,
        111,
        187,
        15,
        197,
        15,
        32,
        151,
        64,
        110,
        54,
        164,
        60,
        203,
        149,
        8,
        96,
        102,
        190,
        52,
        209,
        86,
        201,
        173,
        248,
        88,
        82,
        80,
        212,
        188,
        139,
        244,
        5,
        43,
        116,
        25,
        193,
        8,
        136,
        88,
        213,
        35,
        153,
        129,
        150,
        153,
        11,
        20,
        215,
        135,
        25,
        159,
        76,
        133,
        178,
        133,
        31,
        128,
        117,
        221,
        23,
        96,
        223,
        185,
        135,
        203,
        178,
        194,
        140,
        118,
        235,
        218,
        205,
        92,
        125,
        134,
        241,
        137,
        145,
        160,
        187,
        171,
        53,
        189,
        84,
        154,
        49,
        63,
        212,
        232,
        101,
        87,
        61,
        50,
        173,
        183,
        181,
        126,
        182,
        73,
        115,
        37,
        85,
        88,
        2,
        17,
        34,
        178,
        173,
        184,
        222,
        150,
        105,
        165,
        55,
        150,
        103,
        98,
        162,
        143,
        38,
        136,
        155,
        48,
        61,
        20,
        113,
        76,
        42,
        189,
        153,
        247,
        24,
        192,
        116,
        11,
        243,
        244,
        249,
        145,
        35,
        142,
        104,
        202,
        242,
        15,
        87,
        132,
        210,
        115,
        76,
        123,
        12,
        120,
        49,
        26,
        24,
        118,
        183,
        192,
        146,
        5,
        234,
        58,
        49,
        6,
        101,
        243,
        40,
        91,
        66,
        121,
        104,
        254,
        57,
        163,
        160,
        175,
        10,
        89,
        29,
        173,
        155,
        183,
        169,
        159,
        129,
        79,
        124,
        45,
        174,
        192,
        34,
        73,
        70,
        170,
        246,
        85,
        17,
        246,
        87,
        97,
        154,
        102,
        201,
        105,
        178,
        45,
        59,
        185,
        45,
        18,
        211,
        42,
        238,
        186,
        45,
        184,
        56,
        99,
        213,
        69,
        209,
        26,
        54,
        39,
        132,
        161,
        163,
        143,
        176,
        151,
        148,
        73,
        173,
        192,
        36,
        74,
        15,
        37,
        11,
        11,
        86,
        107,
        226,
        70,
        223,
        93,
        34,
        169,
        221,
        149,
        9,
        194,
        216,
        75,
        74,
        184,
        10,
        159,
        85,
        53,
        80,
        121,
        62,
        151,
        139,
        184,
        96,
        5,
        38,
        110,
        159,
        56,
        66,
        5,
        114,
        7,
        139,
        162,
        49,
        58,
        130,
        57,
        48,
        88,
        96,
        136,
        130,
        154,
        178,
        118,
        13,
        199,
        47,
        187,
        163,
        227,
        173,
        254,
        121,
        26,
        233,
        220,
        88,
        16,
        37,
        164,
        21,
        128,
        70,
        58,
        55,
        70,
        99,
        207,
        208,
        6,
        160,
        225,
        110,
        181,
        24,
        247,
        194,
        157,
        182,
        150,
        186,
        213,
        226,
        120,
        186,
        64,
        148,
        245,
        73,
        254,
        28,
        84,
        104,
        84,
        40,
        209,
        28,
        252,
        198,
        62,
        170,
        250,
        36,
        223,
        140,
        123,
        161,
        186,
        99,
        118,
        22,
        132,
        167,
        67,
        119,
        22,
        127,
        191,
        134,
        0,
        183,
        122,
        195,
        139,
        89,
        76,
        247,
        134,
        151,
        242,
        173,
        4,
        139,
        161,
        250,
        91,
        9,
        78,
        16,
        92,
        225,
        133,
        107,
        149,
        96,
        219,
        100,
        226,
        63,
        199,
        159,
        123,
        191,
        149,
        96,
        2,
        68,
        248,
        91,
        9,
        254,
        3,
        136,
        241,
        47,
        216,
        25,
        98,
        184,
        152,
        0,
        0,
        0,
        0,
        73,
        69,
        78,
        68,
        174,
        66,
        96,
        130
      ]
    },
    "stat": {
      "dev": 16777220,
      "mode": 33188,
      "nlink": 1,
      "uid": 501,
      "gid": 20,
      "rdev": 0,
      "blksize": 4194304,
      "ino": 2088756,
      "size": 3821,
      "blocks": 8,
      "atime": "2018-04-17T07:59:11.793Z",
      "mtime": "2018-03-22T08:50:41.035Z",
      "ctime": "2018-03-22T08:50:41.035Z",
      "birthtime": "2018-03-22T08:50:41.035Z"
    },
    "history": [
      "/Users/jiangheng/Desktop/work-code/xxd-h5/src/mods/openaccount/yhimgs/hxyh@2x.png"
    ],
    "path": "/Users/jiangheng/Desktop/work-code/xxd-h5/src/mods/openaccount/yhimgs/hxyh@2x.png",
    "gulpCache$filePathChangedInsideTask": false,
    "gulpCache$fileBaseChangedInsideTask": false,
    "gulpCache$originalPath": "/Users/jiangheng/Desktop/work-code/xxd-h5/src/mods/openaccount/yhimgs/hxyh@2x.png",
    "gulpCache$originalBase": "/Users/jiangheng/Desktop/work-code/xxd-h5/src/mods/"
  }
]