[
  {
    "cwd": "/Users/jiangheng/Desktop/work-code/xxd-h5",
    "base": "/Users/jiangheng/Desktop/work-code/xxd-h5/src/mods/",
    "contents": {
      "type": "Buffer",
      "data": [
        60,
        33,
        68,
        79,
        67,
        84,
        89,
        80,
        69,
        32,
        104,
        116,
        109,
        108,
        62,
        10,
        60,
        104,
        116,
        109,
        108,
        32,
        108,
        97,
        110,
        103,
        61,
        34,
        101,
        110,
        34,
        62,
        10,
        60,
        104,
        101,
        97,
        100,
        62,
        10,
        32,
        32,
        32,
        32,
        60,
        109,
        101,
        116,
        97,
        32,
        99,
        104,
        97,
        114,
        115,
        101,
        116,
        61,
        34,
        85,
        84,
        70,
        45,
        56,
        34,
        62,
        10,
        32,
        32,
        32,
        32,
        60,
        109,
        101,
        116,
        97,
        32,
        99,
        111,
        110,
        116,
        101,
        110,
        116,
        61,
        34,
        119,
        105,
        100,
        116,
        104,
        61,
        100,
        101,
        118,
        105,
        99,
        101,
        45,
        119,
        105,
        100,
        116,
        104,
        44,
        32,
        105,
        110,
        105,
        116,
        105,
        97,
        108,
        45,
        115,
        99,
        97,
        108,
        101,
        61,
        49,
        46,
        48,
        44,
        32,
        109,
        97,
        120,
        105,
        109,
        117,
        109,
        45,
        115,
        99,
        97,
        108,
        101,
        61,
        49,
        46,
        48,
        44,
        32,
        117,
        115,
        101,
        114,
        45,
        115,
        99,
        97,
        108,
        97,
        98,
        108,
        101,
        61,
        48,
        59,
        34,
        32,
        110,
        97,
        109,
        101,
        61,
        34,
        118,
        105,
        101,
        119,
        112,
        111,
        114,
        116,
        34,
        47,
        62,
        10,
        32,
        32,
        32,
        32,
        60,
        116,
        105,
        116,
        108,
        101,
        62,
        230,
        150,
        176,
        230,
        150,
        176,
        232,
        180,
        183,
        45,
        228,
        184,
        170,
        228,
        186,
        186,
        228,
        184,
        173,
        229,
        191,
        131,
        60,
        47,
        116,
        105,
        116,
        108,
        101,
        62,
        10,
        32,
        32,
        32,
        32,
        60,
        108,
        105,
        110,
        107,
        32,
        114,
        101,
        108,
        61,
        34,
        115,
        116,
        121,
        108,
        101,
        115,
        104,
        101,
        101,
        116,
        34,
        32,
        104,
        114,
        101,
        102,
        61,
        34,
        46,
        46,
        47,
        99,
        115,
        115,
        47,
        98,
        97,
        115,
        101,
        46,
        99,
        115,
        115,
        34,
        62,
        10,
        32,
        32,
        32,
        32,
        60,
        108,
        105,
        110,
        107,
        32,
        114,
        101,
        108,
        61,
        34,
        115,
        116,
        121,
        108,
        101,
        115,
        104,
        101,
        101,
        116,
        34,
        32,
        104,
        114,
        101,
        102,
        61,
        34,
        105,
        110,
        100,
        101,
        120,
        46,
        99,
        115,
        115,
        34,
        62,
        10,
        32,
        32,
        32,
        32,
        60,
        115,
        99,
        114,
        105,
        112,
        116,
        32,
        115,
        114,
        99,
        61,
        34,
        46,
        46,
        47,
        98,
        97,
        115,
        101,
        46,
        106,
        115,
        34,
        62,
        60,
        47,
        115,
        99,
        114,
        105,
        112,
        116,
        62,
        10,
        60,
        47,
        104,
        101,
        97,
        100,
        62,
        10,
        60,
        98,
        111,
        100,
        121,
        62,
        10,
        60,
        100,
        105,
        118,
        32,
        99,
        108,
        97,
        115,
        115,
        61,
        34,
        112,
        101,
        114,
        115,
        111,
        110,
        97,
        108,
        45,
        98,
        111,
        120,
        32,
        112,
        111,
        115,
        105,
        116,
        105,
        111,
        110,
        45,
        97,
        34,
        62,
        10,
        32,
        32,
        32,
        32,
        60,
        100,
        105,
        118,
        32,
        99,
        108,
        97,
        115,
        115,
        61,
        34,
        99,
        111,
        109,
        109,
        111,
        110,
        45,
        104,
        101,
        97,
        100,
        101,
        114,
        32,
        112,
        101,
        114,
        115,
        111,
        110,
        97,
        108,
        45,
        104,
        101,
        97,
        100,
        101,
        114,
        34,
        62,
        10,
        32,
        32,
        32,
        32,
        32,
        32,
        32,
        32,
        60,
        97,
        32,
        104,
        114,
        101,
        102,
        61,
        34,
        35,
        34,
        32,
        99,
        108,
        97,
        115,
        115,
        61,
        34,
        97,
        114,
        114,
        111,
        119,
        45,
        108,
        101,
        102,
        116,
        45,
        105,
        99,
        111,
        110,
        32,
        104,
        101,
        97,
        100,
        101,
        114,
        45,
        108,
        101,
        102,
        116,
        45,
        97,
        114,
        114,
        111,
        119,
        34,
        62,
        60,
        47,
        97,
        62,
        10,
        32,
        32,
        32,
        32,
        32,
        32,
        32,
        32,
        60,
        100,
        105,
        118,
        32,
        99,
        108,
        97,
        115,
        115,
        61,
        34,
        99,
        111,
        109,
        109,
        111,
        110,
        45,
        104,
        101,
        97,
        100,
        101,
        114,
        45,
        116,
        105,
        116,
        34,
        62,
        228,
        184,
        170,
        228,
        186,
        186,
        228,
        184,
        173,
        229,
        191,
        131,
        60,
        47,
        100,
        105,
        118,
        62,
        10,
        32,
        32,
        32,
        32,
        60,
        47,
        100,
        105,
        118,
        62,
        10,
        32,
        32,
        32,
        32,
        60,
        33,
        45,
        45,
        99,
        111,
        110,
        116,
        101,
        110,
        116,
        45,
        45,
        62,
        10,
        32,
        32,
        32,
        32,
        60,
        100,
        105,
        118,
        32,
        99,
        108,
        97,
        115,
        115,
        61,
        34,
        112,
        101,
        114,
        115,
        111,
        110,
        97,
        108,
        45,
        99,
        111,
        110,
        116,
        97,
        105,
        110,
        101,
        114,
        32,
        112,
        111,
        115,
        105,
        116,
        105,
        111,
        110,
        45,
        97,
        34,
        62,
        10,
        32,
        32,
        32,
        32,
        32,
        32,
        32,
        32,
        60,
        117,
        108,
        32,
        99,
        108,
        97,
        115,
        115,
        61,
        34,
        109,
        97,
        105,
        110,
        45,
        108,
        105,
        115,
        116,
        32,
        120,
        120,
        100,
        45,
        99,
        111,
        109,
        109,
        111,
        110,
        45,
        108,
        105,
        115,
        116,
        34,
        62,
        10,
        32,
        32,
        32,
        32,
        32,
        32,
        32,
        32,
        32,
        32,
        32,
        32,
        60,
        108,
        105,
        32,
        99,
        108,
        97,
        115,
        115,
        61,
        34,
        108,
        105,
        115,
        116,
        45,
        105,
        116,
        101,
        109,
        34,
        62,
        10,
        32,
        32,
        32,
        32,
        32,
        32,
        32,
        32,
        32,
        32,
        32,
        32,
        32,
        32,
        32,
        32,
        60,
        115,
        112,
        97,
        110,
        32,
        99,
        108,
        97,
        115,
        115,
        61,
        34,
        105,
        116,
        101,
        109,
        45,
        105,
        99,
        111,
        110,
        32,
        98,
        97,
        110,
        107,
        45,
        105,
        99,
        111,
        110,
        34,
        62,
        60,
        47,
        115,
        112,
        97,
        110,
        62,
        10,
        32,
        32,
        32,
        32,
        32,
        32,
        32,
        32,
        32,
        32,
        32,
        32,
        32,
        32,
        32,
        32,
        60,
        115,
        112,
        97,
        110,
        32,
        99,
        108,
        97,
        115,
        115,
        61,
        34,
        105,
        116,
        101,
        109,
        45,
        116,
        120,
        116,
        34,
        62,
        233,
        147,
        182,
        232,
        161,
        140,
        229,
        173,
        152,
        231,
        174,
        161,
        229,
        188,
        128,
        230,
        136,
        183,
        60,
        47,
        115,
        112,
        97,
        110,
        62,
        10,
        32,
        32,
        32,
        32,
        32,
        32,
        32,
        32,
        32,
        32,
        32,
        32,
        32,
        32,
        32,
        32,
        60,
        115,
        112,
        97,
        110,
        32,
        99,
        108,
        97,
        115,
        115,
        61,
        34,
        105,
        116,
        101,
        109,
        45,
        114,
        105,
        103,
        104,
        116,
        45,
        116,
        120,
        116,
        32,
        97,
        99,
        99,
        111,
        117,
        110,
        116,
        45,
        115,
        116,
        97,
        116,
        117,
        115,
        34,
        62,
        229,
        183,
        178,
        229,
        188,
        128,
        230,
        136,
        183,
        60,
        47,
        115,
        112,
        97,
        110,
        62,
        10,
        32,
        32,
        32,
        32,
        32,
        32,
        32,
        32,
        32,
        32,
        32,
        32,
        32,
        32,
        32,
        32,
        60,
        115,
        112,
        97,
        110,
        32,
        99,
        108,
        97,
        115,
        115,
        61,
        34,
        97,
        114,
        114,
        111,
        119,
        45,
        114,
        105,
        103,
        104,
        116,
        45,
        105,
        99,
        111,
        110,
        34,
        62,
        60,
        47,
        115,
        112,
        97,
        110,
        62,
        10,
        32,
        32,
        32,
        32,
        32,
        32,
        32,
        32,
        32,
        32,
        32,
        32,
        60,
        47,
        108,
        105,
        62,
        10,
        32,
        32,
        32,
        32,
        32,
        32,
        32,
        32,
        32,
        32,
        32,
        32,
        60,
        108,
        105,
        32,
        99,
        108,
        97,
        115,
        115,
        61,
        34,
        108,
        105,
        115,
        116,
        45,
        105,
        116,
        101,
        109,
        34,
        62,
        10,
        32,
        32,
        32,
        32,
        32,
        32,
        32,
        32,
        32,
        32,
        32,
        32,
        32,
        32,
        32,
        32,
        60,
        115,
        112,
        97,
        110,
        32,
        99,
        108,
        97,
        115,
        115,
        61,
        34,
        105,
        116,
        101,
        109,
        45,
        105,
        99,
        111,
        110,
        32,
        103,
        114,
        97,
        112,
        104,
        45,
        105,
        99,
        111,
        110,
        34,
        62,
        60,
        47,
        115,
        112,
        97,
        110,
        62,
        10,
        32,
        32,
        32,
        32,
        32,
        32,
        32,
        32,
        32,
        32,
        32,
        32,
        32,
        32,
        32,
        32,
        60,
        115,
        112,
        97,
        110,
        32,
        99,
        108,
        97,
        115,
        115,
        61,
        34,
        105,
        116,
        101,
        109,
        45,
        116,
        120,
        116,
        34,
        62,
        233,
        163,
        142,
        233,
        153,
        169,
        232,
        175,
        132,
        230,
        181,
        139,
        60,
        47,
        115,
        112,
        97,
        110,
        62,
        10,
        32,
        32,
        32,
        32,
        32,
        32,
        32,
        32,
        32,
        32,
        32,
        32,
        32,
        32,
        32,
        32,
        60,
        115,
        112,
        97,
        110,
        32,
        99,
        108,
        97,
        115,
        115,
        61,
        34,
        105,
        116,
        101,
        109,
        45,
        114,
        105,
        103,
        104,
        116,
        45,
        116,
        120,
        116,
        32,
        97,
        99,
        99,
        111,
        117,
        110,
        116,
        45,
        115,
        116,
        97,
        116,
        117,
        115,
        34,
        62,
        228,
        184,
        173,
        231,
        173,
        137,
        233,
        163,
        142,
        233,
        153,
        169,
        229,
        129,
        143,
        229,
        165,
        189,
        229,
        158,
        139,
        60,
        47,
        115,
        112,
        97,
        110,
        62,
        10,
        32,
        32,
        32,
        32,
        32,
        32,
        32,
        32,
        32,
        32,
        32,
        32,
        32,
        32,
        32,
        32,
        60,
        115,
        112,
        97,
        110,
        32,
        99,
        108,
        97,
        115,
        115,
        61,
        34,
        97,
        114,
        114,
        111,
        119,
        45,
        114,
        105,
        103,
        104,
        116,
        45,
        105,
        99,
        111,
        110,
        34,
        62,
        60,
        47,
        115,
        112,
        97,
        110,
        62,
        10,
        32,
        32,
        32,
        32,
        32,
        32,
        32,
        32,
        32,
        32,
        32,
        32,
        60,
        47,
        108,
        105,
        62,
        10,
        32,
        32,
        32,
        32,
        32,
        32,
        32,
        32,
        32,
        32,
        32,
        32,
        60,
        108,
        105,
        32,
        99,
        108,
        97,
        115,
        115,
        61,
        34,
        108,
        105,
        115,
        116,
        45,
        105,
        116,
        101,
        109,
        34,
        62,
        10,
        32,
        32,
        32,
        32,
        32,
        32,
        32,
        32,
        32,
        32,
        32,
        32,
        32,
        32,
        32,
        32,
        60,
        115,
        112,
        97,
        110,
        32,
        99,
        108,
        97,
        115,
        115,
        61,
        34,
        105,
        116,
        101,
        109,
        45,
        105,
        99,
        111,
        110,
        32,
        107,
        101,
        121,
        45,
        105,
        99,
        111,
        110,
        34,
        62,
        60,
        47,
        115,
        112,
        97,
        110,
        62,
        10,
        32,
        32,
        32,
        32,
        32,
        32,
        32,
        32,
        32,
        32,
        32,
        32,
        32,
        32,
        32,
        32,
        60,
        115,
        112,
        97,
        110,
        32,
        99,
        108,
        97,
        115,
        115,
        61,
        34,
        105,
        116,
        101,
        109,
        45,
        116,
        120,
        116,
        34,
        62,
        231,
        153,
        187,
        229,
        189,
        149,
        229,
        175,
        134,
        231,
        160,
        129,
        60,
        47,
        115,
        112,
        97,
        110,
        62,
        10,
        32,
        32,
        32,
        32,
        32,
        32,
        32,
        32,
        32,
        32,
        32,
        32,
        32,
        32,
        32,
        32,
        60,
        115,
        112,
        97,
        110,
        32,
        99,
        108,
        97,
        115,
        115,
        61,
        34,
        97,
        114,
        114,
        111,
        119,
        45,
        114,
        105,
        103,
        104,
        116,
        45,
        105,
        99,
        111,
        110,
        34,
        62,
        60,
        47,
        115,
        112,
        97,
        110,
        62,
        10,
        32,
        32,
        32,
        32,
        32,
        32,
        32,
        32,
        32,
        32,
        32,
        32,
        60,
        47,
        108,
        105,
        62,
        10,
        32,
        32,
        32,
        32,
        32,
        32,
        32,
        32,
        32,
        32,
        32,
        32,
        60,
        108,
        105,
        32,
        99,
        108,
        97,
        115,
        115,
        61,
        34,
        108,
        105,
        115,
        116,
        45,
        105,
        116,
        101,
        109,
        34,
        62,
        10,
        32,
        32,
        32,
        32,
        32,
        32,
        32,
        32,
        32,
        32,
        32,
        32,
        32,
        32,
        32,
        32,
        60,
        115,
        112,
        97,
        110,
        32,
        99,
        108,
        97,
        115,
        115,
        61,
        34,
        105,
        116,
        101,
        109,
        45,
        105,
        99,
        111,
        110,
        32,
        103,
        114,
        111,
        117,
        112,
        45,
        105,
        99,
        111,
        110,
        34,
        62,
        60,
        47,
        115,
        112,
        97,
        110,
        62,
        10,
        32,
        32,
        32,
        32,
        32,
        32,
        32,
        32,
        32,
        32,
        32,
        32,
        32,
        32,
        32,
        32,
        60,
        115,
        112,
        97,
        110,
        32,
        99,
        108,
        97,
        115,
        115,
        61,
        34,
        105,
        116,
        101,
        109,
        45,
        116,
        120,
        116,
        34,
        62,
        232,
        180,
        162,
        229,
        175,
        140,
        233,
        161,
        190,
        233,
        151,
        174,
        60,
        47,
        115,
        112,
        97,
        110,
        62,
        10,
        32,
        32,
        32,
        32,
        32,
        32,
        32,
        32,
        32,
        32,
        32,
        32,
        32,
        32,
        32,
        32,
        60,
        115,
        112,
        97,
        110,
        32,
        99,
        108,
        97,
        115,
        115,
        61,
        34,
        105,
        116,
        101,
        109,
        45,
        114,
        105,
        103,
        104,
        116,
        45,
        116,
        120,
        116,
        32,
        97,
        99,
        99,
        111,
        117,
        110,
        116,
        45,
        115,
        116,
        97,
        116,
        117,
        115,
        34,
        62,
        230,
        156,
        170,
        231,
        187,
        145,
        229,
        174,
        154,
        60,
        47,
        115,
        112,
        97,
        110,
        62,
        10,
        32,
        32,
        32,
        32,
        32,
        32,
        32,
        32,
        32,
        32,
        32,
        32,
        32,
        32,
        32,
        32,
        60,
        115,
        112,
        97,
        110,
        32,
        99,
        108,
        97,
        115,
        115,
        61,
        34,
        97,
        114,
        114,
        111,
        119,
        45,
        114,
        105,
        103,
        104,
        116,
        45,
        105,
        99,
        111,
        110,
        34,
        62,
        60,
        47,
        115,
        112,
        97,
        110,
        62,
        10,
        32,
        32,
        32,
        32,
        32,
        32,
        32,
        32,
        32,
        32,
        32,
        32,
        60,
        47,
        108,
        105,
        62,
        10,
        32,
        32,
        32,
        32,
        32,
        32,
        32,
        32,
        60,
        47,
        117,
        108,
        62,
        10,
        32,
        32,
        32,
        32,
        32,
        32,
        32,
        32,
        60,
        100,
        105,
        118,
        32,
        99,
        108,
        97,
        115,
        115,
        61,
        34,
        100,
        105,
        118,
        45,
        98,
        116,
        110,
        34,
        62,
        10,
        32,
        32,
        32,
        32,
        32,
        32,
        32,
        32,
        32,
        32,
        32,
        32,
        60,
        98,
        117,
        116,
        116,
        111,
        110,
        32,
        99,
        108,
        97,
        115,
        115,
        61,
        34,
        120,
        120,
        100,
        45,
        120,
        108,
        45,
        98,
        116,
        110,
        34,
        62,
        229,
        174,
        137,
        229,
        133,
        168,
        233,
        128,
        128,
        229,
        135,
        186,
        60,
        47,
        98,
        117,
        116,
        116,
        111,
        110,
        62,
        10,
        32,
        32,
        32,
        32,
        32,
        32,
        32,
        32,
        60,
        47,
        100,
        105,
        118,
        62,
        10,
        32,
        32,
        32,
        32,
        60,
        47,
        100,
        105,
        118,
        62,
        10,
        32,
        32,
        32,
        32,
        60,
        33,
        45,
        45,
        99,
        111,
        110,
        116,
        101,
        110,
        116,
        45,
        45,
        62,
        10,
        60,
        47,
        100,
        105,
        118,
        62,
        10,
        60,
        47,
        98,
        111,
        100,
        121,
        62,
        10,
        60,
        47,
        104,
        116,
        109,
        108,
        62
      ]
    },
    "stat": {
      "dev": 16777220,
      "mode": 33188,
      "nlink": 1,
      "uid": 501,
      "gid": 20,
      "rdev": 0,
      "blksize": 4194304,
      "ino": 2088792,
      "size": 2030,
      "blocks": 8,
      "atime": "2018-04-17T07:59:11.781Z",
      "mtime": "2018-03-22T08:50:41.043Z",
      "ctime": "2018-03-22T08:50:41.043Z",
      "birthtime": "2018-03-22T08:50:41.043Z"
    },
    "history": [
      "/Users/jiangheng/Desktop/work-code/xxd-h5/src/mods/personal/index.html"
    ],
    "path": "/Users/jiangheng/Desktop/work-code/xxd-h5/src/mods/personal/index.html",
    "gulpCache$filePathChangedInsideTask": false,
    "gulpCache$fileBaseChangedInsideTask": false,
    "gulpCache$originalPath": "/Users/jiangheng/Desktop/work-code/xxd-h5/src/mods/personal/index.html",
    "gulpCache$originalBase": "/Users/jiangheng/Desktop/work-code/xxd-h5/src/mods/"
  }
]