[
  {
    "cwd": "/Users/jiangheng/Desktop/work-code/xxd-h5",
    "base": "/Users/jiangheng/Desktop/work-code/xxd-h5/src/mods/",
    "contents": {
      "type": "Buffer",
      "data": [
        137,
        80,
        78,
        71,
        13,
        10,
        26,
        10,
        0,
        0,
        0,
        13,
        73,
        72,
        68,
        82,
        0,
        0,
        0,
        64,
        0,
        0,
        0,
        64,
        8,
        3,
        0,
        0,
        0,
        157,
        183,
        129,
        236,
        0,
        0,
        0,
        60,
        80,
        76,
        84,
        69,
        0,
        0,
        0,
        175,
        175,
        175,
        175,
        175,
        175,
        170,
        170,
        170,
        171,
        171,
        171,
        172,
        172,
        172,
        173,
        173,
        173,
        171,
        171,
        171,
        171,
        171,
        171,
        172,
        172,
        172,
        172,
        172,
        172,
        172,
        172,
        172,
        171,
        171,
        171,
        171,
        171,
        171,
        171,
        171,
        171,
        172,
        172,
        172,
        172,
        172,
        172,
        172,
        172,
        172,
        171,
        171,
        171,
        172,
        172,
        172,
        179,
        222,
        21,
        99,
        0,
        0,
        0,
        19,
        116,
        82,
        78,
        83,
        0,
        16,
        32,
        48,
        64,
        80,
        96,
        112,
        128,
        144,
        159,
        160,
        176,
        192,
        207,
        208,
        223,
        239,
        240,
        197,
        137,
        94,
        102,
        0,
        0,
        0,
        167,
        73,
        68,
        65,
        84,
        88,
        195,
        237,
        149,
        203,
        14,
        131,
        32,
        16,
        0,
        23,
        81,
        91,
        149,
        138,
        58,
        255,
        255,
        175,
        61,
        232,
        161,
        15,
        65,
        30,
        105,
        79,
        59,
        71,
        200,
        12,
        33,
        97,
        131,
        136,
        162,
        40,
        138,
        242,
        55,
        172,
        173,
        243,
        71,
        24,
        43,
        253,
        170,
        194,
        0,
        0,
        67,
        169,
        223,
        115,
        208,
        87,
        248,
        219,
        86,
        92,
        216,
        125,
        107,
        75,
        11,
        135,
        47,
        82,
        88,
        104,
        1,
        232,
        68,
        68,
        58,
        0,
        218,
        204,
        247,
        179,
        190,
        28,
        219,
        3,
        172,
        182,
        216,
        47,
        40,
        124,
        248,
        217,
        133,
        47,
        63,
        179,
        96,
        22,
        128,
        233,
        125,
        113,
        2,
        152,
        77,
        146,
        63,
        159,
        248,
        25,
        133,
        128,
        159,
        92,
        8,
        250,
        137,
        133,
        221,
        119,
        231,
        155,
        15,
        128,
        57,
        30,
        184,
        3,
        248,
        192,
        41,
        198,
        3,
        220,
        162,
        1,
        23,
        241,
        143,
        130,
        187,
        26,
        1,
        31,
        185,
        165,
        241,
        151,
        67,
        209,
        92,
        236,
        183,
        141,
        126,
        52,
        138,
        162,
        40,
        191,
        227,
        9,
        193,
        221,
        14,
        30,
        0,
        57,
        128,
        135,
        0,
        0,
        0,
        0,
        73,
        69,
        78,
        68,
        174,
        66,
        96,
        130
      ]
    },
    "stat": {
      "dev": 16777220,
      "mode": 33188,
      "nlink": 1,
      "uid": 501,
      "gid": 20,
      "rdev": 0,
      "blksize": 4194304,
      "ino": 2088802,
      "size": 636,
      "blocks": 8,
      "atime": "2018-04-17T08:02:38.696Z",
      "mtime": "2018-03-22T08:50:41.045Z",
      "ctime": "2018-03-22T08:50:41.045Z",
      "birthtime": "2018-03-22T08:50:41.045Z"
    },
    "history": [
      "/Users/jiangheng/Desktop/work-code/xxd-h5/src/mods/product/imgs/arrow_up_gray.png"
    ],
    "path": "/Users/jiangheng/Desktop/work-code/xxd-h5/src/mods/product/imgs/arrow_up_gray.png",
    "gulpCache$filePathChangedInsideTask": false,
    "gulpCache$fileBaseChangedInsideTask": false,
    "gulpCache$originalPath": "/Users/jiangheng/Desktop/work-code/xxd-h5/src/mods/product/imgs/arrow_up_gray.png",
    "gulpCache$originalBase": "/Users/jiangheng/Desktop/work-code/xxd-h5/src/mods/"
  }
]