[
  {
    "cwd": "/Users/jiangheng/Desktop/work-code/xxd-h5",
    "base": "/Users/jiangheng/Desktop/work-code/xxd-h5/src/mods/",
    "contents": {
      "type": "Buffer",
      "data": [
        137,
        80,
        78,
        71,
        13,
        10,
        26,
        10,
        0,
        0,
        0,
        13,
        73,
        72,
        68,
        82,
        0,
        0,
        0,
        156,
        0,
        0,
        0,
        156,
        8,
        3,
        0,
        0,
        0,
        189,
        102,
        50,
        127,
        0,
        0,
        1,
        74,
        80,
        76,
        84,
        69,
        255,
        255,
        255,
        255,
        255,
        255,
        255,
        255,
        255,
        255,
        255,
        255,
        255,
        255,
        255,
        255,
        255,
        255,
        255,
        255,
        255,
        255,
        255,
        255,
        255,
        255,
        255,
        255,
        255,
        255,
        255,
        255,
        255,
        255,
        255,
        255,
        255,
        255,
        255,
        255,
        255,
        255,
        255,
        255,
        255,
        255,
        255,
        255,
        255,
        255,
        255,
        255,
        255,
        255,
        255,
        255,
        255,
        255,
        255,
        255,
        255,
        255,
        255,
        255,
        255,
        255,
        255,
        255,
        255,
        255,
        255,
        255,
        255,
        255,
        255,
        255,
        255,
        255,
        255,
        255,
        255,
        255,
        255,
        255,
        255,
        255,
        255,
        255,
        255,
        255,
        255,
        255,
        255,
        255,
        255,
        255,
        255,
        255,
        255,
        255,
        255,
        255,
        255,
        255,
        255,
        255,
        255,
        255,
        255,
        255,
        255,
        255,
        255,
        255,
        255,
        255,
        255,
        255,
        255,
        255,
        255,
        255,
        255,
        255,
        255,
        255,
        255,
        255,
        255,
        255,
        255,
        255,
        255,
        255,
        255,
        255,
        255,
        255,
        255,
        255,
        255,
        255,
        255,
        255,
        255,
        255,
        255,
        255,
        255,
        255,
        255,
        255,
        255,
        255,
        255,
        255,
        255,
        255,
        255,
        255,
        255,
        255,
        255,
        255,
        255,
        255,
        255,
        255,
        255,
        255,
        255,
        255,
        255,
        255,
        255,
        255,
        255,
        255,
        255,
        255,
        255,
        255,
        255,
        255,
        255,
        255,
        255,
        255,
        255,
        255,
        255,
        255,
        255,
        255,
        255,
        255,
        255,
        255,
        255,
        255,
        255,
        255,
        255,
        255,
        255,
        255,
        255,
        255,
        255,
        255,
        255,
        255,
        255,
        255,
        255,
        255,
        255,
        255,
        255,
        255,
        255,
        255,
        255,
        255,
        255,
        255,
        255,
        255,
        255,
        255,
        255,
        255,
        255,
        255,
        255,
        255,
        255,
        255,
        255,
        255,
        255,
        255,
        255,
        255,
        255,
        255,
        255,
        255,
        255,
        255,
        255,
        255,
        255,
        255,
        255,
        255,
        255,
        255,
        255,
        255,
        255,
        255,
        255,
        255,
        255,
        255,
        255,
        255,
        255,
        255,
        255,
        255,
        255,
        255,
        255,
        255,
        255,
        255,
        255,
        255,
        255,
        255,
        255,
        255,
        255,
        255,
        255,
        255,
        255,
        255,
        255,
        255,
        255,
        255,
        255,
        255,
        255,
        255,
        255,
        255,
        255,
        255,
        255,
        255,
        255,
        255,
        255,
        255,
        255,
        255,
        255,
        255,
        255,
        255,
        255,
        255,
        255,
        255,
        255,
        255,
        255,
        255,
        255,
        255,
        255,
        255,
        255,
        255,
        255,
        255,
        105,
        14,
        50,
        51,
        0,
        0,
        0,
        109,
        116,
        82,
        78,
        83,
        0,
        1,
        3,
        4,
        6,
        8,
        9,
        10,
        11,
        12,
        14,
        15,
        16,
        18,
        19,
        21,
        23,
        26,
        28,
        29,
        33,
        38,
        44,
        48,
        52,
        53,
        54,
        60,
        61,
        62,
        64,
        65,
        71,
        72,
        78,
        80,
        85,
        86,
        87,
        88,
        91,
        92,
        100,
        101,
        103,
        104,
        107,
        108,
        109,
        112,
        114,
        116,
        117,
        119,
        122,
        123,
        124,
        125,
        126,
        128,
        138,
        141,
        143,
        145,
        147,
        152,
        158,
        166,
        168,
        170,
        172,
        174,
        179,
        184,
        186,
        188,
        189,
        192,
        193,
        194,
        195,
        198,
        200,
        201,
        202,
        205,
        209,
        211,
        212,
        217,
        218,
        220,
        225,
        228,
        230,
        233,
        235,
        236,
        237,
        240,
        244,
        246,
        248,
        249,
        250,
        251,
        252,
        253,
        254,
        77,
        57,
        38,
        245,
        0,
        0,
        6,
        25,
        73,
        68,
        65,
        84,
        120,
        218,
        213,
        156,
        89,
        95,
        26,
        49,
        16,
        192,
        71,
        4,
        81,
        193,
        187,
        104,
        235,
        137,
        130,
        103,
        189,
        173,
        90,
        81,
        139,
        86,
        64,
        171,
        214,
        3,
        173,
        86,
        84,
        90,
        138,
        130,
        182,
        205,
        247,
        127,
        237,
        131,
        230,
        88,
        142,
        101,
        147,
        205,
        46,
        211,
        121,
        115,
        127,
        155,
        228,
        47,
        155,
        76,
        102,
        38,
        147,
        1,
        176,
        43,
        254,
        190,
        200,
        82,
        60,
        121,
        124,
        157,
        205,
        23,
        8,
        33,
        164,
        144,
        207,
        94,
        31,
        39,
        227,
        75,
        145,
        62,
        63,
        212,
        85,
        90,
        195,
        27,
        169,
        155,
        63,
        164,
        138,
        252,
        185,
        73,
        109,
        132,
        91,
        235,
        2,
        214,
        60,
        182,
        115,
        85,
        149,
        75,
        32,
        188,
        218,
        25,
        107,
        118,
        151,
        172,
        107,
        241,
        168,
        72,
        44,
        75,
        241,
        104,
        177,
        203,
        45,
        178,
        246,
        133,
        179,
        191,
        68,
        82,
        254,
        158,
        45,
        180,
        59,
        79,
        214,
        48,
        178,
        87,
        36,
        74,
        82,
        220,
        27,
        105,
        112,
        20,
        173,
        105,
        246,
        134,
        216,
        144,
        155,
        217,
        38,
        199,
        208,
        130,
        177,
        159,
        196,
        166,
        252,
        140,
        5,
        157,
        65,
        219,
        204,
        87,
        27,
        242,
        71,
        58,
        177,
        189,
        62,
        23,
        141,
        140,
        14,
        15,
        143,
        70,
        162,
        115,
        235,
        219,
        137,
        244,
        143,
        106,
        239,
        230,
        55,
        245,
        227,
        121,
        87,
        114,
        149,
        134,
        122,
        58,
        143,
        207,
        244,
        183,
        84,
        106,
        208,
        210,
        63,
        19,
        63,
        127,
        170,
        212,
        38,
        183,
        226,
        213,
        203,
        54,
        150,
        41,
        31,
        228,
        247,
        233,
        218,
        160,
        207,
        188,
        153,
        111,
        112,
        237,
        244,
        119,
        121,
        203,
        204,
        152,
        70,
        180,
        55,
        95,
        202,
        250,
        127,
        72,
        68,
        45,
        126,
        158,
        96,
        52,
        241,
        80,
        214,
        252,
        203,
        27,
        77,
        104,
        158,
        229,
        199,
        82,
        181,
        127,
        16,
        149,
        90,
        118,
        77,
        209,
        131,
        210,
        205,
        228,
        113,
        217,
        163,
        131,
        45,
        116,
        89,
        210,
        239,
        125,
        172,
        71,
        190,
        151,
        158,
        216,
        125,
        73,
        55,
        151,
        33,
        251,
        108,
        239,
        75,
        190,
        201,
        213,
        180,
        226,
        116,
        246,
        78,
        95,
        149,
        204,
        140,
        247,
        54,
        209,
        2,
        251,
        198,
        14,
        191,
        141,
        218,
        233,
        109,
        244,
        155,
        177,
        183,
        253,
        128,
        157,
        222,
        122,
        141,
        139,
        244,
        123,
        196,
        230,
        6,
        212,
        16,
        249,
        110,
        92,
        182,
        189,
        234,
        125,
        77,
        24,
        62,
        233,
        175,
        249,
        70,
        251,
        179,
        164,
        113,
        254,
        151,
        225,
        211,
        78,
        168,
        118,
        244,
        209,
        240,
        95,
        238,
        182,
        233,
        89,
        252,
        109,
        187,
        134,
        110,
        63,
        170,
        77,
        224,
        207,
        134,
        61,
        123,
        72,
        159,
        218,
        28,
        50,
        88,
        15,
        159,
        21,
        22,
        152,
        255,
        80,
        236,
        225,
        147,
        79,
        231,
        126,
        227,
        251,
        36,
        246,
        125,
        40,
        237,
        108,
        4,
        78,
        132,
        230,
        217,
        176,
        238,
        173,
        58,
        156,
        21,
        186,
        63,
        145,
        92,
        180,
        129,
        11,
        161,
        241,
        113,
        135,
        126,
        27,
        167,
        227,
        88,
        24,
        224,
        34,
        160,
        204,
        182,
        229,
        1,
        7,
        196,
        179,
        165,
        72,
        231,
        23,
        190,
        105,
        97,
        210,
        41,
        219,
        117,
        178,
        32,
        124,
        89,
        203,
        243,
        206,
        43,
        172,
        133,
        220,
        128,
        115,
        70,
        255,
        128,
        96,
        34,
        30,
        90,
        93,
        179,
        130,
        14,
        185,
        11,
        129,
        131,
        18,
        186,
        19,
        52,
        138,
        180,
        238,
        189,
        237,
        118,
        214,
        151,
        235,
        190,
        149,
        212,
        198,
        19,
        252,
        253,
        235,
        78,
        167,
        61,
        205,
        206,
        107,
        62,
        154,
        133,
        157,
        172,
        151,
        239,
        167,
        183,
        142,
        179,
        1,
        116,
        242,
        223,
        238,
        161,
        166,
        21,
        16,
        224,
        118,
        200,
        93,
        55,
        184,
        32,
        221,
        124,
        222,
        101,
        106,
        41,
        20,
        110,
        191,
        229,
        66,
        224,
        138,
        132,
        248,
        154,
        221,
        175,
        97,
        247,
        114,
        253,
        54,
        0,
        46,
        201,
        0,
        215,
        119,
        166,
        182,
        113,
        136,
        79,
        184,
        73,
        112,
        77,
        38,
        249,
        180,
        51,
        249,
        90,
        30,
        238,
        203,
        108,
        185,
        25,
        81,
        227,
        59,
        217,
        101,
        245,
        173,
        114,
        153,
        239,
        245,
        30,
        55,
        225,
        60,
        220,
        10,
        88,
        174,
        234,
        59,
        51,
        255,
        52,
        219,
        1,
        174,
        74,
        7,
        179,
        160,
        30,
        171,
        121,
        219,
        220,
        175,
        15,
        131,
        203,
        18,
        230,
        177,
        128,
        42,
        241,
        16,
        110,
        247,
        130,
        235,
        194,
        109,
        227,
        138,
        113,
        20,
        47,
        83,
        191,
        55,
        62,
        247,
        225,
        124,
        204,
        175,
        200,
        84,
        178,
        79,
        86,
        24,
        251,
        16,
        212,
        65,
        134,
        216,
        240,
        43,
        21,
        130,
        65,
        76,
        81,
        239,
        66,
        93,
        132,
        121,
        140,
        185,
        242,
        240,
        213,
        38,
        243,
        157,
        219,
        234,
        3,
        215,
        198,
        188,
        237,
        205,
        178,
        31,
        142,
        197,
        84,
        231,
        161,
        78,
        50,
        207,
        34,
        179,
        165,
        63,
        93,
        140,
        197,
        67,
        26,
        235,
        5,
        215,
        200,
        226,
        40,
        177,
        146,
        240,
        30,
        139,
        147,
        71,
        204,
        221,
        139,
        213,
        139,
        76,
        234,
        157,
        202,
        208,
        239,
        82,
        153,
        139,
        85,
        115,
        71,
        33,
        194,
        98,
        238,
        198,
        208,
        228,
        44,
        139,
        113,
        153,
        198,
        145,
        188,
        39,
        132,
        16,
        242,
        60,
        37,
        207,
        54,
        245,
        76,
        8,
        33,
        39,
        166,
        116,
        13,
        44,
        66,
        54,
        107,
        120,
        204,
        180,
        140,
        121,
        252,
        109,
        245,
        53,
        236,
        42,
        77,
        55,
        245,
        26,
        118,
        93,
        53,
        143,
        223,
        49,
        77,
        43,
        254,
        68,
        35,
        44,
        110,
        105,
        62,
        6,
        245,
        181,
        101,
        233,
        40,
        27,
        185,
        48,
        127,
        143,
        197,
        62,
        71,
        132,
        135,
        123,
        244,
        225,
        180,
        121,
        99,
        182,
        137,
        200,
        209,
        49,
        54,
        146,
        49,
        127,
        113,
        154,
        190,
        183,
        199,
        159,
        181,
        211,
        179,
        182,
        251,
        26,
        174,
        109,
        138,
        168,
        208,
        113,
        54,
        146,
        170,
        225,
        206,
        211,
        168,
        118,
        145,
        159,
        49,
        46,
        84,
        89,
        195,
        229,
        75,
        238,
        89,
        129,
        78,
        96,
        123,
        174,
        181,
        208,
        153,
        70,
        91,
        96,
        143,
        206,
        232,
        128,
        61,
        18,
        3,
        89,
        165,
        147,
        106,
        210,
        67,
        95,
        62,
        163,
        79,
        186,
        232,
        217,
        238,
        129,
        230,
        161,
        20,
        26,
        28,
        208,
        211,
        99,
        122,
        182,
        189,
        72,
        91,
        71,
        245,
        15,
        38,
        251,
        207,
        140,
        211,
        183,
        23,
        95,
        31,
        28,
        81,
        223,
        167,
        73,
        251,
        79,
        33,
        253,
        67,
        55,
        81,
        255,
        239,
        232,
        229,
        239,
        102,
        186,
        86,
        19,
        218,
        39,
        145,
        194,
        20,
        77,
        208,
        245,
        218,
        108,
        52,
        207,
        163,
        160,
        153,
        78,
        129,
        13,
        162,
        70,
        115,
        125,
        135,
        158,
        159,
        6,
        65,
        47,
        157,
        10,
        27,
        4,
        233,
        249,
        236,
        142,
        97,
        207,
        56,
        85,
        82,
        171,
        213,
        135,
        85,
        98,
        3,
        56,
        21,
        119,
        210,
        86,
        218,
        199,
        26,
        104,
        165,
        83,
        100,
        131,
        53,
        218,
        168,
        85,
        116,
        25,
        7,
        65,
        39,
        157,
        42,
        27,
        12,
        138,
        206,
        243,
        6,
        205,
        37,
        144,
        115,
        8,
        107,
        12,
        174,
        204,
        6,
        62,
        154,
        181,
        176,
        33,
        108,
        230,
        231,
        138,
        38,
        90,
        197,
        225,
        213,
        217,
        0,
        206,
        5,
        35,
        129,
        218,
        153,
        113,
        208,
        71,
        103,
        135,
        13,
        226,
        212,
        226,
        4,
        240,
        211,
        126,
        102,
        64,
        27,
        157,
        45,
        54,
        152,
        161,
        77,
        253,
        208,
        71,
        187,
        233,
        7,
        93,
        116,
        246,
        216,
        160,
        159,
        54,
        238,
        227,
        46,
        79,
        11,
        104,
        162,
        179,
        201,
        6,
        45,
        220,
        17,
        92,
        162,
        249,
        72,
        74,
        190,
        102,
        5,
        16,
        187,
        108,
        0,
        52,
        15,
        106,
        137,
        77,
        191,
        52,
        232,
        161,
        179,
        207,
        6,
        105,
        182,
        68,
        147,
        114,
        38,
        73,
        45,
        58,
        13,
        108,
        204,
        48,
        73,
        2,
        13,
        199,
        110,
        131,
        14,
        58,
        29,
        108,
        176,
        77,
        3,
        211,
        64,
        15,
        159,
        214,
        65,
        7,
        157,
        14,
        54,
        88,
        167,
        71,
        111,
        64,
        67,
        197,
        115,
        160,
        131,
        78,
        7,
        27,
        204,
        209,
        176,
        57,
        228,
        37,
        45,
        77,
        107,
        116,
        118,
        216,
        152,
        189,
        153,
        135,
        130,
        165,
        232,
        146,
        36,
        157,
        45,
        54,
        166,
        122,
        11,
        96,
        45,
        130,
        35,
        71,
        103,
        143,
        141,
        199,
        115,
        24,
        220,
        48,
        104,
        163,
        179,
        201,
        6,
        195,
        255,
        23,
        28,
        202,
        207,
        138,
        122,
        65,
        160,
        86,
        37,
        168,
        149,
        48,
        234,
        237,
        11,
        245,
        198,
        143,
        218,
        100,
        66,
        109,
        108,
        162,
        54,
        211,
        81,
        59,
        56,
        168,
        93,
        67,
        212,
        78,
        53,
        234,
        112,
        4,
        238,
        64,
        14,
        234,
        16,
        24,
        234,
        224,
        33,
        234,
        176,
        43,
        234,
        128,
        53,
        238,
        80,
        63,
        234,
        67,
        18,
        212,
        199,
        75,
        168,
        15,
        230,
        112,
        31,
        105,
        162,
        62,
        12,
        70,
        125,
        140,
        142,
        59,
        1,
        1,
        117,
        234,
        6,
        234,
        164,
        23,
        220,
        233,
        66,
        168,
        19,
        173,
        44,
        167,
        168,
        125,
        37,
        132,
        144,
        39,
        149,
        20,
        181,
        39,
        66,
        8,
        249,
        170,
        146,
        162,
        102,
        61,
        185,
        239,
        67,
        58,
        147,
        124,
        171,
        226,
        239,
        189,
        77,
        102,
        210,
        31,
        212,
        146,
        251,
        80,
        167,
        69,
        226,
        78,
        40,
        69,
        157,
        138,
        139,
        59,
        137,
        25,
        117,
        250,
        55,
        238,
        196,
        121,
        212,
        87,
        14,
        112,
        95,
        214,
        192,
        125,
        205,
        5,
        245,
        5,
        33,
        220,
        87,
        171,
        80,
        95,
        74,
        195,
        125,
        157,
        15,
        247,
        69,
        72,
        220,
        87,
        72,
        81,
        95,
        190,
        197,
        125,
        109,
        25,
        247,
        133,
        111,
        220,
        87,
        229,
        113,
        23,
        25,
        64,
        93,
        158,
        1,
        119,
        97,
        11,
        220,
        37,
        65,
        112,
        23,
        83,
        193,
        93,
        134,
        6,
        119,
        1,
        31,
        64,
        93,
        250,
        8,
        112,
        23,
        141,
        194,
        93,
        110,
        11,
        119,
        161,
        50,
        64,
        93,
        226,
        13,
        112,
        23,
        199,
        171,
        92,
        86,
        112,
        92,
        174,
        172,
        224,
        184,
        83,
        101,
        5,
        1,
        117,
        65,
        70,
        0,
        212,
        165,
        44,
        1,
        119,
        17,
        80,
        64,
        93,
        62,
        21,
        0,
        117,
        225,
        89,
        0,
        212,
        37,
        123,
        1,
        80,
        23,
        59,
        6,
        0,
        204,
        101,
        162,
        95,
        4,
        111,
        129,
        237,
        23,
        193,
        91,
        154,
        252,
        85,
        208,
        22,
        117,
        231,
        206,
        134,
        115,
        229,
        240,
        255,
        1,
        92,
        232,
        183,
        169,
        42,
        143,
        145,
        154,
        0,
        0,
        0,
        0,
        73,
        69,
        78,
        68,
        174,
        66,
        96,
        130
      ]
    },
    "stat": {
      "dev": 16777220,
      "mode": 33188,
      "nlink": 1,
      "uid": 501,
      "gid": 20,
      "rdev": 0,
      "blksize": 4194304,
      "ino": 2088694,
      "size": 5127,
      "blocks": 16,
      "atime": "2018-04-17T07:59:11.791Z",
      "mtime": "2018-03-22T08:50:41.020Z",
      "ctime": "2018-03-22T08:50:41.020Z",
      "birthtime": "2018-03-22T08:50:41.020Z"
    },
    "history": [
      "/Users/jiangheng/Desktop/work-code/xxd-h5/src/mods/mypurse/imgs/circle_close@3x.png"
    ],
    "path": "/Users/jiangheng/Desktop/work-code/xxd-h5/src/mods/mypurse/imgs/circle_close@3x.png",
    "gulpCache$filePathChangedInsideTask": false,
    "gulpCache$fileBaseChangedInsideTask": false,
    "gulpCache$originalPath": "/Users/jiangheng/Desktop/work-code/xxd-h5/src/mods/mypurse/imgs/circle_close@3x.png",
    "gulpCache$originalBase": "/Users/jiangheng/Desktop/work-code/xxd-h5/src/mods/"
  }
]