[
  {
    "cwd": "/Users/jiangheng/Desktop/work-code/xxd-h5",
    "base": "/Users/jiangheng/Desktop/work-code/xxd-h5/src/mods/",
    "contents": {
      "type": "Buffer",
      "data": [
        137,
        80,
        78,
        71,
        13,
        10,
        26,
        10,
        0,
        0,
        0,
        13,
        73,
        72,
        68,
        82,
        0,
        0,
        0,
        70,
        0,
        0,
        0,
        70,
        8,
        3,
        0,
        0,
        0,
        70,
        240,
        18,
        182,
        0,
        0,
        2,
        205,
        80,
        76,
        84,
        69,
        60,
        129,
        230,
        60,
        129,
        230,
        60,
        129,
        230,
        60,
        129,
        230,
        60,
        129,
        230,
        60,
        129,
        230,
        60,
        129,
        230,
        60,
        129,
        230,
        60,
        129,
        230,
        60,
        129,
        230,
        60,
        129,
        230,
        60,
        129,
        230,
        60,
        129,
        230,
        60,
        129,
        230,
        60,
        129,
        230,
        60,
        129,
        230,
        60,
        129,
        230,
        60,
        129,
        230,
        60,
        129,
        230,
        60,
        129,
        230,
        60,
        129,
        230,
        60,
        129,
        230,
        60,
        129,
        230,
        60,
        129,
        230,
        60,
        129,
        230,
        60,
        129,
        230,
        60,
        129,
        230,
        60,
        129,
        230,
        60,
        129,
        230,
        60,
        129,
        230,
        60,
        129,
        230,
        60,
        129,
        230,
        64,
        132,
        232,
        65,
        133,
        233,
        60,
        129,
        230,
        60,
        129,
        230,
        60,
        129,
        230,
        60,
        129,
        230,
        64,
        132,
        232,
        60,
        129,
        230,
        60,
        129,
        230,
        60,
        129,
        230,
        60,
        129,
        230,
        60,
        129,
        230,
        60,
        129,
        230,
        60,
        129,
        230,
        60,
        129,
        230,
        72,
        139,
        238,
        60,
        129,
        230,
        60,
        129,
        230,
        60,
        129,
        230,
        73,
        140,
        238,
        60,
        129,
        230,
        60,
        129,
        230,
        75,
        141,
        239,
        60,
        129,
        230,
        75,
        141,
        239,
        60,
        129,
        230,
        71,
        138,
        237,
        60,
        129,
        230,
        60,
        129,
        230,
        63,
        131,
        232,
        60,
        129,
        230,
        71,
        138,
        237,
        73,
        140,
        238,
        60,
        129,
        230,
        73,
        139,
        238,
        60,
        129,
        230,
        60,
        129,
        230,
        77,
        143,
        241,
        60,
        129,
        230,
        63,
        131,
        232,
        60,
        129,
        230,
        69,
        136,
        235,
        70,
        137,
        236,
        78,
        144,
        241,
        71,
        138,
        237,
        77,
        143,
        241,
        70,
        138,
        236,
        67,
        135,
        235,
        68,
        136,
        235,
        70,
        137,
        236,
        70,
        137,
        236,
        73,
        139,
        238,
        73,
        140,
        238,
        72,
        139,
        237,
        73,
        140,
        238,
        83,
        148,
        244,
        82,
        147,
        244,
        83,
        148,
        244,
        84,
        149,
        245,
        82,
        147,
        244,
        83,
        148,
        244,
        79,
        145,
        242,
        81,
        146,
        243,
        79,
        145,
        242,
        84,
        149,
        245,
        79,
        145,
        242,
        81,
        147,
        243,
        84,
        149,
        245,
        85,
        150,
        246,
        79,
        145,
        242,
        84,
        149,
        245,
        85,
        150,
        246,
        85,
        150,
        245,
        85,
        150,
        246,
        81,
        147,
        243,
        82,
        147,
        243,
        83,
        148,
        244,
        83,
        148,
        244,
        83,
        148,
        244,
        83,
        148,
        244,
        82,
        147,
        243,
        86,
        151,
        246,
        83,
        148,
        244,
        87,
        151,
        247,
        83,
        148,
        244,
        86,
        151,
        246,
        86,
        150,
        246,
        86,
        151,
        246,
        85,
        150,
        246,
        86,
        151,
        246,
        84,
        149,
        245,
        85,
        150,
        246,
        84,
        149,
        245,
        84,
        149,
        245,
        88,
        152,
        247,
        87,
        151,
        247,
        87,
        151,
        247,
        87,
        151,
        247,
        87,
        151,
        247,
        86,
        151,
        246,
        88,
        152,
        247,
        88,
        152,
        247,
        88,
        152,
        247,
        88,
        152,
        248,
        88,
        152,
        247,
        87,
        151,
        247,
        87,
        152,
        247,
        87,
        152,
        247,
        87,
        152,
        247,
        88,
        152,
        248,
        88,
        152,
        247,
        88,
        152,
        247,
        89,
        153,
        248,
        89,
        153,
        248,
        88,
        153,
        248,
        89,
        153,
        248,
        89,
        153,
        248,
        89,
        153,
        248,
        89,
        153,
        248,
        89,
        153,
        248,
        89,
        153,
        248,
        89,
        153,
        248,
        89,
        153,
        248,
        89,
        153,
        248,
        89,
        153,
        248,
        89,
        153,
        248,
        91,
        154,
        248,
        96,
        157,
        248,
        99,
        159,
        248,
        105,
        163,
        249,
        107,
        164,
        249,
        109,
        165,
        249,
        110,
        166,
        249,
        111,
        167,
        249,
        112,
        167,
        249,
        113,
        168,
        249,
        114,
        168,
        249,
        116,
        170,
        249,
        118,
        171,
        249,
        119,
        171,
        249,
        120,
        172,
        249,
        122,
        173,
        249,
        123,
        174,
        249,
        124,
        175,
        249,
        125,
        175,
        250,
        129,
        177,
        250,
        131,
        179,
        250,
        135,
        181,
        250,
        136,
        182,
        250,
        138,
        183,
        250,
        139,
        184,
        250,
        140,
        184,
        250,
        141,
        185,
        250,
        142,
        186,
        250,
        143,
        186,
        250,
        146,
        188,
        250,
        148,
        189,
        250,
        153,
        192,
        251,
        155,
        193,
        251,
        156,
        194,
        251,
        157,
        195,
        251,
        158,
        195,
        251,
        162,
        198,
        251,
        165,
        199,
        251,
        167,
        201,
        251,
        168,
        201,
        251,
        168,
        202,
        251,
        171,
        203,
        251,
        177,
        207,
        252,
        178,
        207,
        252,
        179,
        208,
        252,
        183,
        211,
        252,
        184,
        211,
        252,
        187,
        213,
        252,
        188,
        214,
        252,
        191,
        215,
        252,
        193,
        217,
        252,
        196,
        219,
        253,
        198,
        220,
        253,
        199,
        221,
        253,
        204,
        224,
        253,
        205,
        224,
        253,
        206,
        225,
        253,
        216,
        231,
        253,
        217,
        231,
        253,
        222,
        235,
        254,
        223,
        235,
        254,
        226,
        237,
        254,
        228,
        239,
        254,
        230,
        239,
        254,
        230,
        240,
        254,
        235,
        243,
        254,
        236,
        243,
        254,
        238,
        245,
        254,
        239,
        245,
        254,
        240,
        246,
        254,
        241,
        247,
        254,
        245,
        249,
        255,
        246,
        249,
        255,
        247,
        250,
        255,
        248,
        251,
        255,
        249,
        251,
        255,
        252,
        253,
        255,
        253,
        254,
        255,
        254,
        254,
        255,
        254,
        255,
        255,
        255,
        255,
        255,
        187,
        82,
        10,
        224,
        0,
        0,
        0,
        157,
        116,
        82,
        78,
        83,
        0,
        1,
        2,
        3,
        4,
        5,
        6,
        7,
        8,
        9,
        10,
        11,
        12,
        13,
        14,
        15,
        16,
        17,
        18,
        19,
        20,
        21,
        22,
        23,
        24,
        25,
        26,
        27,
        28,
        29,
        30,
        32,
        32,
        32,
        33,
        34,
        35,
        36,
        36,
        37,
        38,
        39,
        40,
        41,
        42,
        43,
        45,
        45,
        46,
        47,
        48,
        48,
        49,
        50,
        50,
        51,
        51,
        52,
        52,
        53,
        56,
        56,
        57,
        57,
        57,
        59,
        60,
        61,
        63,
        63,
        64,
        64,
        65,
        66,
        67,
        67,
        69,
        69,
        73,
        78,
        82,
        82,
        83,
        85,
        86,
        89,
        93,
        101,
        102,
        102,
        106,
        115,
        117,
        119,
        121,
        122,
        122,
        123,
        124,
        125,
        130,
        133,
        134,
        134,
        136,
        137,
        139,
        141,
        142,
        143,
        148,
        149,
        151,
        155,
        156,
        156,
        157,
        161,
        162,
        164,
        165,
        165,
        172,
        173,
        174,
        177,
        192,
        195,
        196,
        197,
        198,
        205,
        210,
        212,
        213,
        213,
        215,
        218,
        218,
        219,
        221,
        221,
        226,
        228,
        239,
        240,
        243,
        243,
        245,
        246,
        247,
        248,
        249,
        250,
        252,
        253,
        254,
        227,
        187,
        44,
        6,
        0,
        0,
        5,
        107,
        73,
        68,
        65,
        84,
        88,
        195,
        173,
        152,
        249,
        123,
        19,
        85,
        20,
        134,
        107,
        219,
        44,
        77,
        211,
        172,
        77,
        50,
        73,
        167,
        51,
        154,
        73,
        233,
        100,
        153,
        146,
        148,
        214,
        26,
        2,
        21,
        44,
        178,
        168,
        44,
        238,
        136,
        162,
        40,
        155,
        130,
        11,
        138,
        34,
        10,
        130,
        10,
        106,
        65,
        41,
        136,
        169,
        173,
        105,
        70,
        81,
        42,
        110,
        40,
        238,
        251,
        130,
        59,
        82,
        247,
        165,
        138,
        43,
        34,
        85,
        169,
        245,
        254,
        13,
        222,
        59,
        147,
        101,
        238,
        100,
        146,
        76,
        124,
        242,
        253,
        208,
        230,
        105,
        110,
        223,
        231,
        59,
        231,
        204,
        220,
        123,
        206,
        173,
        168,
        200,
        167,
        227,
        20,
        84,
        81,
        154,
        210,
        255,
        86,
        41,
        81,
        169,
        168,
        12,
        162,
        10,
        169,
        90,
        144,
        240,
        49,
        131,
        82,
        13,
        169,
        20,
        0,
        26,
        40,
        173,
        32,
        244,
        73,
        128,
        85,
        170,
        2,
        101,
        124,
        32,
        132,
        86,
        167,
        211,
        235,
        107,
        4,
        233,
        245,
        58,
        29,
        98,
        85,
        103,
        60,
        21,
        163,
        164,
        32,
        16,
        81,
        83,
        99,
        168,
        173,
        53,
        10,
        170,
        173,
        53,
        64,
        150,
        78,
        39,
        1,
        21,
        177,
        130,
        32,
        90,
        200,
        48,
        212,
        26,
        235,
        76,
        38,
        179,
        217,
        2,
        101,
        54,
        155,
        76,
        117,
        70,
        136,
        210,
        67,
        79,
        213,
        233,
        208,
        10,
        88,
        73,
        67,
        16,
        195,
        98,
        181,
        217,
        235,
        83,
        178,
        219,
        172,
        22,
        68,
        194,
        64,
        5,
        40,
        48,
        28,
        8,
        17,
        24,
        245,
        78,
        23,
        225,
        246,
        8,
        114,
        19,
        46,
        103,
        189,
        64,
        66,
        32,
        141,
        38,
        47,
        71,
        164,
        32,
        43,
        208,
        137,
        201,
        2,
        25,
        132,
        103,
        194,
        130,
        213,
        27,
        182,
        237,
        232,
        239,
        223,
        177,
        109,
        195,
        234,
        5,
        19,
        60,
        4,
        36,
        89,
        76,
        208,
        145,
        96,
        72,
        145,
        147,
        161,
        32,
        43,
        102,
        8,
        113,
        143,
        95,
        178,
        57,
        201,
        75,
        148,
        220,
        188,
        100,
        188,
        27,
        129,
        68,
        67,
        138,
        156,
        52,
        69,
        167,
        55,
        24,
        77,
        86,
        8,
        57,
        241,
        218,
        56,
        159,
        163,
        222,
        27,
        78,
        130,
        32,
        171,
        201,
        104,
        200,
        195,
        73,
        83,
        4,
        43,
        14,
        226,
        248,
        229,
        10,
        16,
        164,
        248,
        242,
        19,
        8,
        135,
        205,
        12,
        13,
        165,
        57,
        121,
        40,
        22,
        187,
        211,
        115,
        234,
        157,
        124,
        94,
        221,
        117,
        186,
        199,
        105,
        183,
        40,
        114,
        164,
        148,
        122,
        87,
        195,
        249,
        247,
        241,
        5,
        20,
        191,
        160,
        193,
        85,
        175,
        200,
        129,
        159,
        97,
        165,
        117,
        122,
        68,
        33,
        200,
        69,
        9,
        190,
        160,
        18,
        139,
        72,
        2,
        113,
        96,
        126,
        170,
        170,
        36,
        24,
        193,
        12,
        172,
        145,
        65,
        160,
        44,
        230,
        139,
        106,
        177,
        192,
        49,
        232,
        181,
        26,
        169,
        157,
        116,
        72,
        70,
        179,
        221,
        69,
        206,
        79,
        20,
        199,
        36,
        230,
        147,
        46,
        187,
        217,
        152,
        14,
        75,
        106,
        6,
        38,
        198,
        100,
        115,
        54,
        204,
        142,
        243,
        42,
        20,
        159,
        221,
        224,
        180,
        153,
        80,
        122,
        178,
        118,
        4,
        51,
        90,
        152,
        24,
        171,
        195,
        51,
        174,
        155,
        87,
        165,
        238,
        113,
        30,
        135,
        21,
        166,
        71,
        155,
        181,
        147,
        50,
        99,
        132,
        137,
        161,
        46,
        231,
        85,
        234,
        10,
        10,
        166,
        199,
        152,
        178,
        147,
        46,
        19,
        50,
        3,
        67,
        34,
        167,
        196,
        213,
        98,
        226,
        83,
        72,
        20,
        22,
        178,
        35,
        70,
        149,
        50,
        3,
        171,
        228,
        166,
        111,
        228,
        85,
        235,
        38,
        218,
        13,
        171,
        149,
        181,
        131,
        204,
        104,
        68,
        51,
        19,
        251,
        20,
        214,
        191,
        118,
        228,
        247,
        87,
        120,
        254,
        217,
        145,
        145,
        145,
        3,
        210,
        63,
        247,
        77,
        20,
        237,
        104,
        144,
        29,
        17,
        35,
        102,
        198,
        77,
        47,
        83,
        160,
        188,
        15,
        0,
        24,
        123,
        143,
        127,
        21,
        254,
        250,
        18,
        251,
        98,
        25,
        178,
        35,
        100,
        7,
        97,
        196,
        152,
        12,
        117,
        86,
        39,
        233,
        203,
        125,
        149,
        30,
        252,
        12,
        128,
        99,
        199,
        0,
        24,
        122,
        61,
        7,
        115,
        135,
        143,
        116,
        90,
        235,
        12,
        169,
        168,
        32,
        70,
        140,
        137,
        160,
        78,
        78,
        202,
        41,
        15,
        13,
        3,
        112,
        116,
        223,
        190,
        163,
        0,
        252,
        150,
        131,
        73,
        158,
        66,
        17,
        98,
        84,
        34,
        6,
        214,
        9,
        197,
        228,
        161,
        47,
        148,
        83,
        30,
        62,
        4,
        192,
        47,
        123,
        134,
        62,
        125,
        236,
        87,
        0,
        114,
        48,
        252,
        69,
        180,
        7,
        69,
        37,
        212,
        42,
        149,
        26,
        33,
        166,
        53,
        50,
        202,
        19,
        208,
        194,
        247,
        143,
        124,
        11,
        192,
        119,
        187,
        127,
        80,
        192,
        172,
        17,
        162,
        74,
        37,
        71,
        76,
        141,
        201,
        230,
        106,
        108,
        190,
        21,
        95,
        246,
        252,
        8,
        0,
        95,
        15,
        30,
        66,
        128,
        31,
        31,
        253,
        6,
        254,
        252,
        10,
        255,
        126,
        99,
        115,
        163,
        203,
        102,
        18,
        147,
        35,
        96,
        96,
        106,
        236,
        4,
        197,
        246,
        96,
        171,
        222,
        28,
        5,
        224,
        147,
        39,
        15,
        11,
        225,
        128,
        195,
        123,
        15,
        2,
        48,
        250,
        6,
        182,
        160,
        135,
        165,
        8,
        59,
        74,
        78,
        22,
        99,
        134,
        229,
        14,
        96,
        143,
        240,
        71,
        176,
        206,
        251,
        95,
        248,
        19,
        164,
        244,
        215,
        139,
        239,
        142,
        1,
        240,
        33,
        246,
        32,
        7,
        96,
        201,
        205,
        25,
        76,
        58,
        195,
        65,
        233,
        154,
        207,
        1,
        248,
        251,
        165,
        183,
        71,
        65,
        70,
        255,
        188,
        243,
        50,
        44,
        252,
        23,
        210,
        53,
        193,
        116,
        142,
        165,
        24,
        111,
        72,
        186,
        228,
        103,
        112,
        228,
        233,
        3,
        0,
        211,
        193,
        103,
        254,
        0,
        63,
        73,
        150,
        60,
        16,
        242,
        230,
        96,
        28,
        30,
        38,
        36,
        13,
        234,
        241,
        225,
        221,
        31,
        0,
        153,
        62,
        30,
        28,
        222,
        35,
        89,
        114,
        111,
        136,
        241,
        56,
        20,
        48,
        120,
        138,
        249,
        33,
        57,
        70,
        86,
        240,
        30,
        5,
        12,
        10,
        234,
        246,
        210,
        48,
        183,
        41,
        4,
        133,
        82,
        188,
        86,
        17,
        243,
        220,
        174,
        93,
        79,
        41,
        98,
        214,
        226,
        41,
        206,
        20,
        252,
        98,
        69,
        204,
        94,
        158,
        31,
        84,
        196,
        92,
        134,
        23,
        60,
        243,
        248,
        157,
        150,
        44,
        5,
        147,
        60,
        67,
        254,
        248,
        165,
        94,
        134,
        112,
        119,
        41,
        152,
        238,
        48,
        246,
        50,
        100,
        95,
        77,
        238,
        202,
        82,
        48,
        87,
        113,
        216,
        171,
        153,
        221,
        40,
        130,
        179,
        176,
        77,
        244,
        173,
        49,
        28,
        243,
        239,
        126,
        108,
        19,
        157,
        21,
        196,
        55,
        138,
        204,
        182,
        197,
        70,
        214,
        169,
        223,
        210,
        215,
        69,
        88,
        124,
        219,
        202,
        110,
        162,
        220,
        156,
        94,
        181,
        148,
        222,
        57,
        28,
        182,
        137,
        74,
        183,
        116,
        127,
        228,
        106,
        181,
        152,
        107,
        34,
        126,
        108,
        75,
        151,
        30,
        48,
        62,
        110,
        242,
        86,
        117,
        148,
        173,
        147,
        145,
        25,
        252,
        128,
        201,
        30,
        119,
        254,
        200,
        217,
        234,
        90,
        129,
        115,
        68,
        51,
        216,
        113,
        151,
        61,
        124,
        153,
        80,
        219,
        194,
        129,
        226,
        148,
        129,
        133,
        109,
        33,
        70,
        118,
        248,
        98,
        173,
        64,
        19,
        215,
        177,
        178,
        56,
        102,
        101,
        148,
        107,
        146,
        183,
        2,
        88,
        99,
        66,
        179,
        45,
        177,
        21,
        69,
        252,
        12,
        172,
        136,
        181,
        176,
        180,
        66,
        99,
        34,
        105,
        147,
        188,
        254,
        112,
        236,
        146,
        130,
        249,
        233,
        189,
        52,
        22,
        246,
        123,
        115,
        219,
        36,
        188,
        105,
        99,
        2,
        225,
        216,
        185,
        119,
        231,
        167,
        220,
        115,
        94,
        44,
        28,
        96,
        20,
        154,
        54,
        89,
        11,
        201,
        248,
        91,
        58,
        102,
        92,
        215,
        175,
        12,
        233,
        191,
        126,
        70,
        180,
        197,
        207,
        40,
        182,
        144,
        178,
        134,
        214,
        203,
        114,
        109,
        147,
        206,
        188,
        249,
        254,
        92,
        72,
        223,
        45,
        103,
        77,
        106,
        227,
        88,
        175,
        114,
        67,
        43,
        111,
        175,
        233,
        166,
        80,
        36,
        218,
        57,
        119,
        213,
        22,
        124,
        244,
        216,
        178,
        106,
        110,
        103,
        52,
        18,
        106,
        162,
        243,
        181,
        215,
        242,
        102,
        159,
        98,
        252,
        28,
        4,
        117,
        205,
        91,
        186,
        126,
        211,
        246,
        157,
        137,
        196,
        206,
        237,
        155,
        214,
        47,
        157,
        215,
        213,
        25,
        109,
        229,
        252,
        12,
        149,
        183,
        217,
        207,
        25,
        61,
        72,
        218,
        7,
        65,
        237,
        177,
        206,
        169,
        93,
        211,
        166,
        207,
        156,
        57,
        125,
        90,
        215,
        212,
        206,
        88,
        123,
        132,
        243,
        55,
        209,
        100,
        129,
        209,
        35,
        119,
        16,
        130,
        32,
        54,
        200,
        133,
        91,
        219,
        59,
        162,
        177,
        88,
        180,
        163,
        189,
        53,
        204,
        5,
        89,
        31,
        77,
        22,
        30,
        132,
        36,
        28,
        20,
        24,
        26,
        203,
        72,
        138,
        246,
        53,
        179,
        129,
        96,
        8,
        42,
        24,
        96,
        155,
        125,
        52,
        69,
        22,
        27,
        203,
        148,
        135,
        68,
        178,
        145,
        162,
        105,
        47,
        195,
        120,
        105,
        154,
        106,
        36,
        213,
        12,
        137,
        229,
        26,
        89,
        203,
        53,
        64,
        231,
        25,
        231,
        45,
        130,
        74,
        24,
        231,
        203,
        117,
        185,
        80,
        182,
        171,
        142,
        114,
        93,
        188,
        148,
        237,
        26,
        168,
        108,
        151,
        82,
        255,
        231,
        138,
        236,
        63,
        15,
        81,
        45,
        211,
        174,
        161,
        51,
        5,
        0,
        0,
        0,
        0,
        73,
        69,
        78,
        68,
        174,
        66,
        96,
        130
      ]
    },
    "stat": {
      "dev": 16777220,
      "mode": 33188,
      "nlink": 1,
      "uid": 501,
      "gid": 20,
      "rdev": 0,
      "blksize": 4194304,
      "ino": 2088621,
      "size": 3533,
      "blocks": 8,
      "atime": "2018-04-17T07:59:11.786Z",
      "mtime": "2018-03-22T08:50:40.992Z",
      "ctime": "2018-03-22T08:50:40.992Z",
      "birthtime": "2018-03-22T08:50:40.992Z"
    },
    "history": [
      "/Users/jiangheng/Desktop/work-code/xxd-h5/src/mods/helpcenter/imgs/gohome@2x.png"
    ],
    "path": "/Users/jiangheng/Desktop/work-code/xxd-h5/src/mods/helpcenter/imgs/gohome@2x.png",
    "gulpCache$filePathChangedInsideTask": false,
    "gulpCache$fileBaseChangedInsideTask": false,
    "gulpCache$originalPath": "/Users/jiangheng/Desktop/work-code/xxd-h5/src/mods/helpcenter/imgs/gohome@2x.png",
    "gulpCache$originalBase": "/Users/jiangheng/Desktop/work-code/xxd-h5/src/mods/"
  }
]