[
  {
    "cwd": "/Users/jiangheng/Desktop/work-code/xxd-h5",
    "base": "/Users/jiangheng/Desktop/work-code/xxd-h5/src/mods/",
    "contents": {
      "type": "Buffer",
      "data": [
        137,
        80,
        78,
        71,
        13,
        10,
        26,
        10,
        0,
        0,
        0,
        13,
        73,
        72,
        68,
        82,
        0,
        0,
        0,
        20,
        0,
        0,
        0,
        20,
        8,
        6,
        0,
        0,
        0,
        141,
        137,
        29,
        13,
        0,
        0,
        1,
        86,
        73,
        68,
        65,
        84,
        120,
        218,
        188,
        149,
        193,
        74,
        195,
        64,
        16,
        134,
        119,
        54,
        177,
        74,
        64,
        176,
        22,
        161,
        160,
        32,
        40,
        120,
        82,
        16,
        60,
        235,
        89,
        16,
        122,
        243,
        5,
        188,
        9,
        61,
        21,
        15,
        190,
        131,
        162,
        248,
        24,
        62,
        129,
        228,
        21,
        4,
        111,
        222,
        36,
        173,
        34,
        158,
        164,
        136,
        54,
        30,
        218,
        36,
        51,
        254,
        41,
        17,
        67,
        226,
        38,
        65,
        130,
        9,
        195,
        238,
        64,
        246,
        219,
        153,
        255,
        79,
        54,
        36,
        34,
        170,
        206,
        75,
        171,
        154,
        175,
        218,
        129,
        118,
        58,
        217,
        236,
        121,
        211,
        77,
        230,
        135,
        107,
        87,
        74,
        81,
        183,
        124,
        185,
        156,
        141,
        90,
        253,
        83,
        76,
        56,
        206,
        238,
        47,
        214,
        243,
        21,
        58,
        239,
        203,
        109,
        33,
        113,
        20,
        73,
        191,
        20,
        71,
        106,
        43,
        91,
        84,
        22,
        104,
        89,
        225,
        220,
        29,
        137,
        62,
        98,
        29,
        14,
        42,
        84,
        56,
        147,
        101,
        228,
        128,
        163,
        150,
        183,
        195,
        86,
        112,
        173,
        217,
        222,
        174,
        32,
        25,
        37,
        97,
        54,
        5,
        250,
        221,
        0,
        182,
        199,
        58,
        184,
        173,
        197,
        229,
        96,
        214,
        63,
        70,
        187,
        46,
        177,
        189,
        90,
        180,
        144,
        237,
        137,
        139,
        97,
        5,
        5,
        184,
        105,
        78,
        22,
        40,
        118,
        224,
        116,
        160,
        225,
        146,
        80,
        244,
        92,
        216,
        43,
        235,
        5,
        60,
        183,
        129,
        217,
        46,
        210,
        198,
        175,
        175,
        205,
        15,
        22,
        55,
        145,
        20,
        59,
        204,
        175,
        160,
        198,
        198,
        189,
        165,
        57,
        185,
        150,
        253,
        230,
        227,
        57,
        118,
        109,
        67,
        199,
        253,
        66,
        173,
        162,
        198,
        1,
        160,
        158,
        191,
        56,
        56,
        68,
        26,
        154,
        128,
        17,
        98,
        92,
        81,
        127,
        244,
        64,
        22,
        198,
        33,
        98,
        98,
        2,
        114,
        2,
        173,
        202,
        148,
        4,
        198,
        255,
        122,
        56,
        192,
        16,
        126,
        168,
        86,
        224,
        212,
        20,
        49,
        30,
        14,
        223,
        58,
        250,
        205,
        167,
        19,
        140,
        151,
        241,
        167,
        93,
        128,
        251,
        68,
        188,
        164,
        219,
        53,
        1,
        195,
        68,
        232,
        143,
        18,
        73,
        98,
        80,
        144,
        118,
        216,
        4,
        228,
        196,
        233,
        241,
        95,
        52,
        164,
        186,
        127,
        1,
        95,
        2,
        12,
        0,
        139,
        128,
        112,
        8,
        201,
        45,
        212,
        52,
        0,
        0,
        0,
        0,
        73,
        69,
        78,
        68,
        174,
        66,
        96,
        130
      ]
    },
    "stat": {
      "dev": 16777220,
      "mode": 33188,
      "nlink": 1,
      "uid": 501,
      "gid": 20,
      "rdev": 0,
      "blksize": 4194304,
      "ino": 2088710,
      "size": 1251,
      "blocks": 8,
      "atime": "2018-04-17T07:59:11.792Z",
      "mtime": "2018-03-22T08:50:41.023Z",
      "ctime": "2018-03-22T08:50:41.023Z",
      "birthtime": "2018-03-22T08:50:41.023Z"
    },
    "history": [
      "/Users/jiangheng/Desktop/work-code/xxd-h5/src/mods/mypurse/imgs/record_icon.png"
    ],
    "path": "/Users/jiangheng/Desktop/work-code/xxd-h5/src/mods/mypurse/imgs/record_icon.png",
    "gulpCache$filePathChangedInsideTask": false,
    "gulpCache$fileBaseChangedInsideTask": false,
    "gulpCache$originalPath": "/Users/jiangheng/Desktop/work-code/xxd-h5/src/mods/mypurse/imgs/record_icon.png",
    "gulpCache$originalBase": "/Users/jiangheng/Desktop/work-code/xxd-h5/src/mods/"
  }
]