[
  {
    "cwd": "/Users/jiangheng/Desktop/work-code/xxd-h5",
    "base": "/Users/jiangheng/Desktop/work-code/xxd-h5/src/mods/",
    "contents": {
      "type": "Buffer",
      "data": [
        137,
        80,
        78,
        71,
        13,
        10,
        26,
        10,
        0,
        0,
        0,
        13,
        73,
        72,
        68,
        82,
        0,
        0,
        0,
        57,
        0,
        0,
        0,
        63,
        8,
        6,
        0,
        0,
        0,
        90,
        65,
        96,
        152,
        0,
        0,
        6,
        56,
        73,
        68,
        65,
        84,
        104,
        129,
        221,
        219,
        123,
        140,
        92,
        85,
        29,
        7,
        240,
        79,
        167,
        227,
        48,
        84,
        134,
        5,
        121,
        136,
        96,
        68,
        145,
        8,
        184,
        104,
        160,
        42,
        161,
        210,
        168,
        4,
        168,
        74,
        12,
        22,
        9,
        17,
        124,
        16,
        162,
        105,
        20,
        81,
        65,
        140,
        137,
        38,
        98,
        162,
        198,
        96,
        125,
        68,
        161,
        181,
        155,
        144,
        213,
        20,
        140,
        22,
        42,
        143,
        18,
        235,
        3,
        196,
        98,
        27,
        210,
        22,
        31,
        65,
        176,
        21,
        48,
        13,
        37,
        85,
        139,
        127,
        104,
        108,
        157,
        54,
        29,
        7,
        105,
        253,
        227,
        119,
        111,
        59,
        93,
        102,
        187,
        51,
        119,
        238,
        89,
        119,
        252,
        38,
        147,
        187,
        247,
        222,
        115,
        207,
        249,
        125,
        239,
        249,
        157,
        115,
        127,
        175,
        157,
        117,
        193,
        226,
        221,
        18,
        98,
        54,
        222,
        142,
        119,
        96,
        62,
        78,
        198,
        75,
        240,
        15,
        108,
        197,
        6,
        252,
        28,
        247,
        227,
        249,
        84,
        66,
        84,
        18,
        245,
        91,
        195,
        167,
        176,
        13,
        159,
        23,
        132,
        174,
        193,
        105,
        217,
        152,
        103,
        224,
        186,
        236,
        254,
        141,
        120,
        26,
        31,
        207,
        158,
        43,
        29,
        179,
        18,
        205,
        228,
        19,
        120,
        74,
        16,
        248,
        67,
        15,
        237,
        207,
        194,
        87,
        240,
        26,
        241,
        114,
        86,
        151,
        41,
        76,
        42,
        146,
        199,
        8,
        149,
        236,
        23,
        23,
        98,
        169,
        120,
        65,
        215,
        225,
        153,
        50,
        132,
        73,
        165,
        174,
        69,
        8,
        194,
        131,
        120,
        61,
        54,
        226,
        183,
        66,
        213,
        7,
        86,
        225,
        84,
        36,
        7,
        65,
        27,
        55,
        97,
        46,
        222,
        128,
        77,
        184,
        104,
        144,
        14,
        103,
        34,
        201,
        28,
        219,
        112,
        41,
        174,
        199,
        50,
        252,
        8,
        175,
        40,
        210,
        209,
        76,
        38,
        153,
        227,
        167,
        66,
        133,
        127,
        47,
        84,
        248,
        203,
        56,
        188,
        159,
        14,
        134,
        129,
        36,
        236,
        17,
        187,
        239,
        92,
        188,
        90,
        236,
        222,
        87,
        98,
        86,
        47,
        15,
        15,
        11,
        201,
        28,
        127,
        193,
        251,
        4,
        193,
        207,
        224,
        87,
        56,
        123,
        170,
        135,
        14,
        69,
        242,
        40,
        140,
        9,
        107,
        101,
        166,
        97,
        3,
        222,
        136,
        219,
        132,
        58,
        127,
        7,
        71,
        78,
        214,
        120,
        50,
        146,
        243,
        197,
        71,
        252,
        121,
        60,
        92,
        178,
        128,
        101,
        97,
        47,
        190,
        39,
        172,
        167,
        170,
        216,
        133,
        231,
        117,
        107,
        216,
        141,
        228,
        251,
        113,
        23,
        62,
        44,
        76,
        173,
        93,
        105,
        100,
        44,
        13,
        59,
        240,
        17,
        44,
        194,
        221,
        184,
        108,
        98,
        131,
        234,
        132,
        243,
        75,
        240,
        13,
        156,
        47,
        22,
        247,
        48,
        225,
        126,
        188,
        51,
        59,
        254,
        19,
        107,
        242,
        27,
        157,
        51,
        121,
        50,
        198,
        177,
        208,
        240,
        17,
        204,
        241,
        152,
        144,
        127,
        5,
        78,
        204,
        47,
        118,
        146,
        28,
        195,
        55,
        241,
        200,
        244,
        202,
        85,
        58,
        54,
        138,
        141,
        104,
        105,
        126,
        33,
        87,
        215,
        121,
        56,
        85,
        168,
        235,
        255,
        3,
        22,
        99,
        139,
        248,
        188,
        60,
        154,
        147,
        188,
        6,
        223,
        198,
        127,
        250,
        237,
        173,
        217,
        110,
        245,
        218,
        116,
        14,
        190,
        43,
        28,
        233,
        69,
        216,
        9,
        141,
        90,
        189,
        223,
        33,
        123,
        193,
        191,
        113,
        11,
        62,
        134,
        69,
        21,
        188,
        8,
        239,
        194,
        202,
        20,
        163,
        101,
        152,
        35,
        124,
        196,
        43,
        112,
        57,
        30,
        192,
        72,
        194,
        241,
        8,
        91,
        247,
        221,
        152,
        93,
        193,
        40,
        254,
        138,
        191,
        39,
        26,
        44,
        39,
        120,
        62,
        62,
        39,
        222,
        238,
        57,
        210,
        19,
        125,
        70,
        104,
        203,
        104,
        21,
        175,
        195,
        227,
        137,
        6,
        26,
        17,
        49,
        156,
        115,
        133,
        19,
        124,
        75,
        199,
        189,
        101,
        120,
        160,
        217,
        110,
        45,
        104,
        212,
        234,
        59,
        19,
        141,
        255,
        24,
        70,
        43,
        56,
        1,
        219,
        19,
        12,
        48,
        34,
        102,
        235,
        92,
        49,
        123,
        157,
        4,
        199,
        116,
        204,
        104,
        179,
        221,
        74,
        53,
        163,
        207,
        226,
        152,
        138,
        176,
        249,
        254,
        85,
        114,
        231,
        57,
        193,
        115,
        4,
        153,
        177,
        46,
        109,
        166,
        131,
        232,
        46,
        28,
        81,
        17,
        159,
        145,
        231,
        74,
        236,
        184,
        23,
        130,
        57,
        166,
        101,
        70,
        203,
        118,
        181,
        250,
        33,
        8,
        26,
        181,
        122,
        114,
        162,
        101,
        146,
        236,
        155,
        96,
        142,
        212,
        68,
        43,
        98,
        155,
        29,
        180,
        211,
        194,
        4,
        115,
        164,
        36,
        90,
        198,
        76,
        14,
        76,
        48,
        71,
        42,
        162,
        3,
        145,
        204,
        132,
        40,
        133,
        96,
        142,
        20,
        68,
        11,
        147,
        108,
        182,
        91,
        199,
        225,
        23,
        14,
        77,
        112,
        92,
        184,
        109,
        175,
        234,
        114,
        239,
        84,
        108,
        105,
        182,
        91,
        203,
        39,
        222,
        40,
        145,
        232,
        225,
        216,
        83,
        136,
        100,
        70,
        112,
        141,
        8,
        254,
        94,
        101,
        242,
        25,
        92,
        37,
        252,
        212,
        135,
        133,
        101,
        149,
        227,
        108,
        172,
        23,
        62,
        223,
        157,
        221,
        30,
        44,
        137,
        104,
        13,
        237,
        162,
        51,
        185,
        10,
        175,
        21,
        4,
        191,
        143,
        159,
        224,
        134,
        46,
        237,
        86,
        11,
        111,
        253,
        8,
        172,
        195,
        155,
        241,
        54,
        17,
        101,
        59,
        12,
        11,
        26,
        181,
        250,
        207,
        38,
        62,
        212,
        108,
        183,
        174,
        109,
        182,
        91,
        107,
        38,
        16,
        93,
        85,
        80,
        214,
        194,
        234,
        186,
        2,
        239,
        105,
        212,
        234,
        63,
        200,
        206,
        207,
        195,
        91,
        38,
        105,
        187,
        22,
        111,
        21,
        225,
        255,
        7,
        133,
        45,
        187,
        91,
        4,
        203,
        38,
        11,
        146,
        189,
        73,
        24,
        244,
        249,
        140,
        94,
        137,
        251,
        10,
        200,
        185,
        23,
        149,
        137,
        49,
        158,
        158,
        208,
        168,
        213,
        151,
        78,
        221,
        10,
        124,
        8,
        31,
        20,
        65,
        224,
        157,
        56,
        62,
        187,
        190,
        11,
        75,
        176,
        175,
        217,
        110,
        173,
        104,
        212,
        234,
        183,
        78,
        49,
        222,
        29,
        69,
        228,
        68,
        19,
        141,
        212,
        193,
        229,
        57,
        14,
        68,
        185,
        183,
        139,
        25,
        220,
        237,
        128,
        67,
        48,
        11,
        47,
        78,
        44,
        195,
        11,
        162,
        117,
        101,
        99,
        169,
        142,
        88,
        139,
        200,
        103,
        16,
        235,
        18,
        201,
        34,
        3,
        7,
        161,
        42,
        222,
        100,
        170,
        194,
        129,
        195,
        240,
        178,
        142,
        243,
        60,
        215,
        248,
        202,
        252,
        66,
        179,
        221,
        250,
        91,
        163,
        86,
        239,
        57,
        134,
        82,
        4,
        213,
        236,
        151,
        138,
        228,
        56,
        62,
        208,
        229,
        250,
        214,
        142,
        191,
        87,
        226,
        189,
        137,
        198,
        71,
        122,
        117,
        253,
        34,
        126,
        217,
        113,
        254,
        165,
        236,
        248,
        133,
        142,
        107,
        27,
        18,
        203,
        176,
        159,
        100,
        79,
        41,
        176,
        2,
        216,
        146,
        253,
        114,
        92,
        159,
        29,
        151,
        231,
        23,
        166,
        99,
        77,
        230,
        94,
        200,
        164,
        25,
        161,
        33,
        71,
        29,
        173,
        138,
        136,
        210,
        29,
        63,
        69,
        227,
        178,
        240,
        56,
        158,
        156,
        166,
        177,
        224,
        88,
        236,
        168,
        100,
        131,
        158,
        81,
        66,
        135,
        189,
        124,
        115,
        175,
        18,
        177,
        215,
        169,
        80,
        21,
        214,
        202,
        160,
        56,
        19,
        155,
        170,
        178,
        176,
        157,
        2,
        159,
        146,
        102,
        187,
        53,
        95,
        20,
        23,
        213,
        68,
        178,
        118,
        181,
        62,
        163,
        240,
        93,
        34,
        240,
        179,
        69,
        61,
        207,
        115,
        205,
        118,
        235,
        30,
        44,
        105,
        212,
        234,
        15,
        245,
        211,
        103,
        134,
        17,
        156,
        130,
        205,
        85,
        97,
        250,
        108,
        200,
        132,
        188,
        187,
        207,
        142,
        142,
        19,
        57,
        252,
        63,
        101,
        231,
        47,
        47,
        32,
        76,
        55,
        60,
        149,
        29,
        79,
        81,
        124,
        41,
        93,
        130,
        135,
        176,
        39,
        223,
        93,
        151,
        139,
        124,
        72,
        95,
        36,
        27,
        181,
        250,
        189,
        184,
        183,
        160,
        16,
        169,
        241,
        73,
        81,
        76,
        177,
        127,
        29,
        173,
        196,
        73,
        184,
        248,
        127,
        37,
        81,
        201,
        184,
        92,
        88,
        91,
        247,
        113,
        128,
        228,
        94,
        124,
        20,
        183,
        10,
        21,
        28,
        102,
        188,
        20,
        55,
        139,
        20,
        251,
        62,
        14,
        222,
        17,
        215,
        10,
        181,
        253,
        177,
        240,
        30,
        134,
        17,
        121,
        238,
        229,
        102,
        29,
        150,
        212,
        196,
        109,
        255,
        70,
        252,
        78,
        120,
        238,
        39,
        26,
        46,
        156,
        36,
        98,
        78,
        235,
        68,
        18,
        118,
        63,
        38,
        146,
        220,
        135,
        107,
        197,
        102,
        242,
        107,
        145,
        183,
        28,
        6,
        92,
        129,
        223,
        224,
        14,
        145,
        61,
        59,
        8,
        147,
        25,
        232,
        55,
        9,
        245,
        29,
        23,
        89,
        225,
        79,
        59,
        216,
        6,
        157,
        41,
        56,
        29,
        223,
        18,
        179,
        184,
        80,
        76,
        204,
        11,
        112,
        40,
        43,
        101,
        189,
        168,
        40,
        94,
        39,
        138,
        37,
        22,
        139,
        128,
        212,
        76,
        192,
        81,
        162,
        20,
        103,
        173,
        136,
        27,
        205,
        53,
        9,
        65,
        166,
        54,
        197,
        218,
        162,
        34,
        228,
        76,
        97,
        7,
        62,
        137,
        171,
        165,
        243,
        90,
        166,
        66,
        69,
        196,
        141,
        158,
        16,
        155,
        204,
        104,
        38,
        223,
        33,
        173,
        172,
        94,
        99,
        60,
        207,
        138,
        10,
        173,
        203,
        196,
        214,
        188,
        94,
        36,
        87,
        167,
        19,
        243,
        68,
        41,
        232,
        213,
        226,
        123,
        190,
        72,
        143,
        37,
        0,
        253,
        6,
        178,
        30,
        17,
        177,
        211,
        101,
        194,
        58,
        26,
        23,
        51,
        156,
        18,
        39,
        224,
        118,
        17,
        6,
        253,
        186,
        8,
        111,
        62,
        218,
        79,
        7,
        69,
        162,
        117,
        251,
        68,
        64,
        249,
        52,
        225,
        139,
        110,
        22,
        179,
        91,
        118,
        228,
        175,
        138,
        79,
        8,
        7,
        98,
        187,
        88,
        50,
        43,
        178,
        241,
        251,
        194,
        32,
        130,
        237,
        18,
        187,
        238,
        5,
        162,
        6,
        117,
        163,
        40,
        207,
        44,
        3,
        243,
        196,
        70,
        178,
        80,
        68,
        246,
        62,
        107,
        128,
        66,
        198,
        50,
        222,
        254,
        166,
        76,
        144,
        37,
        194,
        86,
        28,
        195,
        209,
        5,
        251,
        58,
        86,
        44,
        129,
        187,
        240,
        53,
        241,
        2,
        7,
        174,
        243,
        43,
        75,
        197,
        114,
        21,
        30,
        21,
        245,
        7,
        127,
        20,
        94,
        64,
        175,
        255,
        238,
        80,
        23,
        90,
        177,
        89,
        20,
        105,
        156,
        46,
        62,
        236,
        165,
        160,
        236,
        117,
        180,
        67,
        144,
        187,
        48,
        251,
        61,
        45,
        34,
        116,
        103,
        9,
        103,
        184,
        19,
        179,
        69,
        118,
        235,
        171,
        89,
        187,
        243,
        68,
        254,
        227,
        6,
        225,
        227,
        150,
        134,
        84,
        33,
        201,
        205,
        194,
        105,
        29,
        21,
        159,
        158,
        31,
        10,
        171,
        100,
        171,
        32,
        112,
        164,
        72,
        233,
        253,
        89,
        216,
        155,
        11,
        132,
        218,
        39,
        65,
        170,
        127,
        99,
        234,
        134,
        163,
        5,
        177,
        17,
        49,
        227,
        219,
        68,
        241,
        109,
        114,
        252,
        23,
        140,
        32,
        141,
        31,
        215,
        156,
        150,
        131,
        0,
        0,
        0,
        0,
        73,
        69,
        78,
        68,
        174,
        66,
        96,
        130
      ]
    },
    "stat": {
      "dev": 16777220,
      "mode": 33188,
      "nlink": 1,
      "uid": 501,
      "gid": 20,
      "rdev": 0,
      "blksize": 4194304,
      "ino": 2088803,
      "size": 1649,
      "blocks": 8,
      "atime": "2018-04-17T07:59:11.795Z",
      "mtime": "2018-03-22T08:50:41.045Z",
      "ctime": "2018-03-22T08:50:41.045Z",
      "birthtime": "2018-03-22T08:50:41.045Z"
    },
    "history": [
      "/Users/jiangheng/Desktop/work-code/xxd-h5/src/mods/product/imgs/bank_icon2.png"
    ],
    "path": "/Users/jiangheng/Desktop/work-code/xxd-h5/src/mods/product/imgs/bank_icon2.png",
    "gulpCache$filePathChangedInsideTask": false,
    "gulpCache$fileBaseChangedInsideTask": false,
    "gulpCache$originalPath": "/Users/jiangheng/Desktop/work-code/xxd-h5/src/mods/product/imgs/bank_icon2.png",
    "gulpCache$originalBase": "/Users/jiangheng/Desktop/work-code/xxd-h5/src/mods/"
  }
]