[
  {
    "cwd": "/Users/jiangheng/Desktop/work-code/xxd-h5",
    "base": "/Users/jiangheng/Desktop/work-code/xxd-h5/src/mods/",
    "contents": {
      "type": "Buffer",
      "data": [
        60,
        33,
        68,
        79,
        67,
        84,
        89,
        80,
        69,
        32,
        104,
        116,
        109,
        108,
        62,
        10,
        60,
        104,
        116,
        109,
        108,
        32,
        108,
        97,
        110,
        103,
        61,
        34,
        101,
        110,
        34,
        62,
        10,
        60,
        104,
        101,
        97,
        100,
        62,
        10,
        32,
        32,
        32,
        32,
        60,
        109,
        101,
        116,
        97,
        32,
        99,
        104,
        97,
        114,
        115,
        101,
        116,
        61,
        34,
        85,
        84,
        70,
        45,
        56,
        34,
        62,
        10,
        32,
        32,
        32,
        32,
        60,
        109,
        101,
        116,
        97,
        32,
        99,
        111,
        110,
        116,
        101,
        110,
        116,
        61,
        34,
        119,
        105,
        100,
        116,
        104,
        61,
        100,
        101,
        118,
        105,
        99,
        101,
        45,
        119,
        105,
        100,
        116,
        104,
        44,
        32,
        105,
        110,
        105,
        116,
        105,
        97,
        108,
        45,
        115,
        99,
        97,
        108,
        101,
        61,
        49,
        46,
        48,
        44,
        32,
        109,
        97,
        120,
        105,
        109,
        117,
        109,
        45,
        115,
        99,
        97,
        108,
        101,
        61,
        49,
        46,
        48,
        44,
        32,
        117,
        115,
        101,
        114,
        45,
        115,
        99,
        97,
        108,
        97,
        98,
        108,
        101,
        61,
        48,
        34,
        32,
        110,
        97,
        109,
        101,
        61,
        34,
        118,
        105,
        101,
        119,
        112,
        111,
        114,
        116,
        34,
        47,
        62,
        10,
        32,
        32,
        32,
        32,
        60,
        116,
        105,
        116,
        108,
        101,
        62,
        230,
        150,
        176,
        230,
        150,
        176,
        232,
        180,
        183,
        45,
        229,
        138,
        160,
        229,
        133,
        165,
        230,
        136,
        144,
        229,
        138,
        159,
        60,
        47,
        116,
        105,
        116,
        108,
        101,
        62,
        10,
        32,
        32,
        32,
        32,
        60,
        108,
        105,
        110,
        107,
        32,
        114,
        101,
        108,
        61,
        34,
        115,
        116,
        121,
        108,
        101,
        115,
        104,
        101,
        101,
        116,
        34,
        32,
        104,
        114,
        101,
        102,
        61,
        34,
        46,
        46,
        47,
        99,
        115,
        115,
        47,
        98,
        97,
        115,
        101,
        46,
        99,
        115,
        115,
        34,
        62,
        10,
        32,
        32,
        32,
        32,
        60,
        108,
        105,
        110,
        107,
        32,
        114,
        101,
        108,
        61,
        34,
        115,
        116,
        121,
        108,
        101,
        115,
        104,
        101,
        101,
        116,
        34,
        32,
        104,
        114,
        101,
        102,
        61,
        34,
        105,
        110,
        100,
        101,
        120,
        46,
        99,
        115,
        115,
        34,
        62,
        10,
        32,
        32,
        32,
        32,
        60,
        115,
        99,
        114,
        105,
        112,
        116,
        32,
        115,
        114,
        99,
        61,
        34,
        46,
        46,
        47,
        98,
        97,
        115,
        101,
        46,
        106,
        115,
        34,
        62,
        60,
        47,
        115,
        99,
        114,
        105,
        112,
        116,
        62,
        10,
        60,
        47,
        104,
        101,
        97,
        100,
        62,
        10,
        60,
        98,
        111,
        100,
        121,
        62,
        10,
        60,
        100,
        105,
        118,
        32,
        99,
        108,
        97,
        115,
        115,
        61,
        34,
        112,
        114,
        111,
        100,
        117,
        99,
        116,
        226,
        128,
        148,
        100,
        101,
        116,
        97,
        105,
        108,
        45,
        99,
        111,
        110,
        116,
        97,
        105,
        110,
        101,
        114,
        32,
        112,
        117,
        114,
        99,
        104,
        97,
        115,
        101,
        45,
        115,
        117,
        99,
        99,
        101,
        115,
        115,
        45,
        99,
        111,
        110,
        116,
        97,
        105,
        110,
        101,
        114,
        32,
        112,
        111,
        115,
        105,
        116,
        105,
        111,
        110,
        45,
        97,
        34,
        62,
        10,
        32,
        32,
        32,
        32,
        60,
        100,
        105,
        118,
        32,
        99,
        108,
        97,
        115,
        115,
        61,
        34,
        119,
        114,
        97,
        112,
        112,
        101,
        114,
        34,
        62,
        10,
        32,
        32,
        32,
        32,
        32,
        32,
        32,
        32,
        60,
        100,
        105,
        118,
        32,
        99,
        108,
        97,
        115,
        115,
        61,
        34,
        99,
        111,
        110,
        116,
        101,
        110,
        116,
        45,
        108,
        105,
        32,
        99,
        111,
        110,
        103,
        114,
        97,
        116,
        117,
        108,
        97,
        116,
        101,
        45,
        99,
        111,
        110,
        116,
        101,
        110,
        116,
        34,
        62,
        10,
        32,
        32,
        32,
        32,
        32,
        32,
        32,
        32,
        32,
        32,
        32,
        32,
        60,
        112,
        32,
        99,
        108,
        97,
        115,
        115,
        61,
        34,
        98,
        111,
        108,
        100,
        45,
        102,
        111,
        110,
        116,
        34,
        62,
        230,
        129,
        173,
        229,
        150,
        156,
        230,
        130,
        168,
        230,
        136,
        144,
        229,
        138,
        159,
        229,
        138,
        160,
        229,
        133,
        165,
        228,
        184,
        131,
        229,
        164,
        169,
        229,
        164,
        167,
        232,
        131,
        156,
        60,
        47,
        112,
        62,
        10,
        32,
        32,
        32,
        32,
        32,
        32,
        32,
        32,
        32,
        32,
        32,
        32,
        60,
        112,
        62,
        50,
        48,
        49,
        55,
        239,
        188,
        143,
        48,
        56,
        239,
        188,
        143,
        50,
        50,
        60,
        47,
        112,
        62,
        10,
        32,
        32,
        32,
        32,
        32,
        32,
        32,
        32,
        32,
        32,
        32,
        32,
        60,
        115,
        112,
        97,
        110,
        32,
        99,
        108,
        97,
        115,
        115,
        61,
        34,
        108,
        105,
        110,
        101,
        45,
        98,
        103,
        34,
        62,
        60,
        47,
        115,
        112,
        97,
        110,
        62,
        10,
        32,
        32,
        32,
        32,
        32,
        32,
        32,
        32,
        60,
        47,
        100,
        105,
        118,
        62,
        10,
        32,
        32,
        32,
        32,
        32,
        32,
        32,
        32,
        60,
        100,
        105,
        118,
        32,
        99,
        108,
        97,
        115,
        115,
        61,
        34,
        99,
        111,
        110,
        116,
        101,
        110,
        116,
        45,
        108,
        105,
        32,
        99,
        97,
        108,
        99,
        117,
        108,
        97,
        116,
        101,
        45,
        99,
        111,
        110,
        116,
        101,
        110,
        116,
        34,
        62,
        10,
        32,
        32,
        32,
        32,
        32,
        32,
        32,
        32,
        32,
        32,
        32,
        32,
        60,
        112,
        32,
        99,
        108,
        97,
        115,
        115,
        61,
        34,
        98,
        111,
        108,
        100,
        45,
        102,
        111,
        110,
        116,
        34,
        62,
        229,
        188,
        128,
        229,
        167,
        139,
        232,
        174,
        161,
        231,
        174,
        151,
        230,
        148,
        182,
        231,
        155,
        138,
        60,
        47,
        112,
        62,
        10,
        32,
        32,
        32,
        32,
        32,
        32,
        32,
        32,
        32,
        32,
        32,
        32,
        60,
        112,
        62,
        50,
        48,
        49,
        55,
        239,
        188,
        143,
        48,
        56,
        239,
        188,
        143,
        50,
        50,
        60,
        47,
        112,
        62,
        10,
        32,
        32,
        32,
        32,
        32,
        32,
        32,
        32,
        32,
        32,
        32,
        32,
        60,
        115,
        112,
        97,
        110,
        32,
        99,
        108,
        97,
        115,
        115,
        61,
        34,
        108,
        105,
        110,
        101,
        45,
        98,
        103,
        32,
        108,
        105,
        110,
        101,
        45,
        98,
        103,
        45,
        114,
        101,
        118,
        101,
        114,
        115,
        101,
        34,
        62,
        60,
        47,
        115,
        112,
        97,
        110,
        62,
        10,
        32,
        32,
        32,
        32,
        32,
        32,
        32,
        32,
        60,
        47,
        100,
        105,
        118,
        62,
        10,
        32,
        32,
        32,
        32,
        32,
        32,
        32,
        32,
        60,
        100,
        105,
        118,
        32,
        99,
        108,
        97,
        115,
        115,
        61,
        34,
        99,
        111,
        110,
        116,
        101,
        110,
        116,
        45,
        108,
        105,
        32,
        105,
        110,
        99,
        111,
        109,
        101,
        45,
        99,
        111,
        110,
        116,
        101,
        110,
        116,
        34,
        62,
        10,
        32,
        32,
        32,
        32,
        32,
        32,
        32,
        32,
        32,
        32,
        32,
        32,
        60,
        112,
        32,
        99,
        108,
        97,
        115,
        115,
        61,
        34,
        98,
        111,
        108,
        100,
        45,
        102,
        111,
        110,
        116,
        34,
        62,
        233,
        162,
        132,
        232,
        174,
        161,
        230,
        148,
        182,
        231,
        155,
        138,
        229,
        136,
        176,
        232,
        180,
        166,
        60,
        47,
        112,
        62,
        10,
        32,
        32,
        32,
        32,
        32,
        32,
        32,
        32,
        32,
        32,
        32,
        32,
        60,
        112,
        62,
        50,
        53,
        46,
        50,
        55,
        229,
        133,
        131,
        60,
        47,
        112,
        62,
        10,
        32,
        32,
        32,
        32,
        32,
        32,
        32,
        32,
        32,
        32,
        32,
        32,
        60,
        112,
        62,
        50,
        48,
        49,
        55,
        239,
        188,
        143,
        48,
        56,
        239,
        188,
        143,
        50,
        50,
        32,
        230,
        156,
        172,
        233,
        135,
        145,
        229,
        146,
        140,
        230,
        148,
        182,
        231,
        155,
        138,
        229,
        176,
        134,
        232,
        191,
        148,
        232,
        191,
        152,
        229,
        136,
        176,
        230,
        150,
        176,
        230,
        150,
        176,
        232,
        180,
        183,
        232,
        180,
        166,
        230,
        136,
        183,
        60,
        47,
        112,
        62,
        10,
        32,
        32,
        32,
        32,
        32,
        32,
        32,
        32,
        60,
        47,
        100,
        105,
        118,
        62,
        10,
        32,
        32,
        32,
        32,
        60,
        47,
        100,
        105,
        118,
        62,
        10,
        32,
        32,
        32,
        32,
        60,
        100,
        105,
        118,
        32,
        99,
        108,
        97,
        115,
        115,
        61,
        34,
        100,
        105,
        118,
        45,
        98,
        116,
        110,
        34,
        62,
        10,
        32,
        32,
        32,
        32,
        32,
        32,
        32,
        32,
        60,
        98,
        117,
        116,
        116,
        111,
        110,
        32,
        99,
        108,
        97,
        115,
        115,
        61,
        34,
        120,
        120,
        100,
        45,
        120,
        108,
        45,
        98,
        116,
        110,
        34,
        62,
        230,
        155,
        180,
        229,
        164,
        154,
        231,
        144,
        134,
        232,
        180,
        162,
        228,
        186,
        167,
        229,
        147,
        129,
        229,
        176,
        189,
        229,
        156,
        168,
        65,
        80,
        80,
        60,
        47,
        98,
        117,
        116,
        116,
        111,
        110,
        62,
        10,
        32,
        32,
        32,
        32,
        32,
        32,
        32,
        32,
        60,
        98,
        117,
        116,
        116,
        111,
        110,
        32,
        99,
        108,
        97,
        115,
        115,
        61,
        34,
        120,
        120,
        100,
        45,
        120,
        108,
        45,
        98,
        116,
        110,
        32,
        100,
        101,
        116,
        97,
        105,
        108,
        45,
        98,
        116,
        110,
        34,
        62,
        230,
        159,
        165,
        231,
        156,
        139,
        230,
        138,
        149,
        232,
        181,
        132,
        232,
        175,
        166,
        230,
        131,
        133,
        60,
        47,
        98,
        117,
        116,
        116,
        111,
        110,
        62,
        10,
        32,
        32,
        32,
        32,
        60,
        47,
        100,
        105,
        118,
        62,
        10,
        60,
        47,
        100,
        105,
        118,
        62,
        10,
        60,
        47,
        98,
        111,
        100,
        121,
        62,
        10,
        60,
        47,
        104,
        116,
        109,
        108,
        62
      ]
    },
    "stat": {
      "dev": 16777220,
      "mode": 33188,
      "nlink": 1,
      "uid": 501,
      "gid": 20,
      "rdev": 0,
      "blksize": 4194304,
      "ino": 2088825,
      "size": 1346,
      "blocks": 8,
      "atime": "2018-04-17T07:59:11.782Z",
      "mtime": "2018-03-22T08:50:41.051Z",
      "ctime": "2018-03-22T08:50:41.051Z",
      "birthtime": "2018-03-22T08:50:41.051Z"
    },
    "history": [
      "/Users/jiangheng/Desktop/work-code/xxd-h5/src/mods/product/purchase_success.html"
    ],
    "path": "/Users/jiangheng/Desktop/work-code/xxd-h5/src/mods/product/purchase_success.html",
    "gulpCache$filePathChangedInsideTask": false,
    "gulpCache$fileBaseChangedInsideTask": false,
    "gulpCache$originalPath": "/Users/jiangheng/Desktop/work-code/xxd-h5/src/mods/product/purchase_success.html",
    "gulpCache$originalBase": "/Users/jiangheng/Desktop/work-code/xxd-h5/src/mods/"
  }
]