[
  {
    "cwd": "/Users/jiangheng/Desktop/work-code/xxd-h5",
    "base": "/Users/jiangheng/Desktop/work-code/xxd-h5/src/mods/",
    "contents": {
      "type": "Buffer",
      "data": [
        137,
        80,
        78,
        71,
        13,
        10,
        26,
        10,
        0,
        0,
        0,
        13,
        73,
        72,
        68,
        82,
        0,
        0,
        0,
        29,
        0,
        0,
        0,
        23,
        8,
        6,
        0,
        0,
        0,
        247,
        8,
        68,
        105,
        0,
        0,
        1,
        246,
        73,
        68,
        65,
        84,
        120,
        218,
        188,
        214,
        79,
        72,
        20,
        97,
        24,
        199,
        241,
        241,
        205,
        4,
        17,
        141,
        208,
        16,
        50,
        65,
        145,
        144,
        58,
        152,
        70,
        123,
        144,
        144,
        46,
        17,
        75,
        16,
        90,
        122,
        48,
        132,
        8,
        79,
        139,
        26,
        20,
        122,
        112,
        41,
        13,
        90,
        221,
        211,
        22,
        29,
        98,
        33,
        68,
        138,
        232,
        96,
        16,
        152,
        29,
        68,
        81,
        16,
        180,
        236,
        208,
        159,
        131,
        5,
        209,
        37,
        60,
        120,
        9,
        214,
        136,
        60,
        88,
        4,
        110,
        223,
        7,
        158,
        129,
        97,
        153,
        113,
        199,
        221,
        29,
        31,
        248,
        176,
        239,
        204,
        251,
        206,
        252,
        230,
        223,
        187,
        51,
        69,
        103,
        98,
        41,
        139,
        42,
        193,
        41,
        148,
        89,
        193,
        213,
        38,
        190,
        188,
        191,
        83,
        153,
        46,
        166,
        113,
        2,
        179,
        168,
        179,
        130,
        175,
        119,
        161,
        177,
        205,
        176,
        161,
        241,
        80,
        3,
        127,
        35,
        21,
        80,
        216,
        58,
        118,
        208,
        138,
        97,
        9,
        61,
        173,
        29,
        29,
        56,
        139,
        141,
        66,
        159,
        29,
        154,
        49,
        164,
        203,
        39,
        37,
        244,
        160,
        46,
        220,
        197,
        15,
        61,
        154,
        111,
        5,
        10,
        156,
        195,
        121,
        28,
        193,
        13,
        123,
        165,
        113,
        12,
        56,
        135,
        37,
        252,
        69,
        27,
        62,
        228,
        25,
        248,
        2,
        237,
        104,
        192,
        27,
        212,
        187,
        133,
        74,
        181,
        224,
        45,
        74,
        245,
        8,
        151,
        114,
        12,
        124,
        140,
        30,
        132,
        52,
        176,
        218,
        217,
        105,
        92,
        54,
        56,
        142,
        85,
        28,
        197,
        69,
        188,
        222,
        99,
        96,
        156,
        105,
        17,
        225,
        247,
        2,
        22,
        80,
        145,
        57,
        192,
        120,
        108,
        88,
        131,
        101,
        52,
        225,
        10,
        158,
        249,
        12,
        28,
        36,
        240,
        54,
        211,
        226,
        42,
        237,
        25,
        189,
        98,
        150,
        223,
        80,
        169,
        42,
        44,
        234,
        189,
        190,
        174,
        83,
        203,
        171,
        100,
        58,
        244,
        18,
        248,
        128,
        192,
        126,
        218,
        207,
        29,
        15,
        232,
        158,
        66,
        165,
        202,
        245,
        9,
        148,
        233,
        116,
        11,
        163,
        46,
        99,
        254,
        161,
        139,
        192,
        39,
        4,
        142,
        208,
        126,
        148,
        109,
        191,
        198,
        199,
        37,
        147,
        35,
        126,
        41,
        103,
        130,
        24,
        6,
        144,
        214,
        190,
        45,
        132,
        241,
        138,
        64,
        185,
        18,
        247,
        252,
        220,
        131,
        98,
        31,
        99,
        182,
        177,
        130,
        73,
        28,
        198,
        125,
        252,
        68,
        2,
        151,
        241,
        17,
        79,
        113,
        77,
        239,
        99,
        123,
        182,
        29,
        26,
        31,
        129,
        151,
        240,
        93,
        151,
        37,
        40,
        142,
        41,
        157,
        127,
        159,
        49,
        173,
        129,
        82,
        243,
        232,
        203,
        39,
        212,
        14,
        236,
        66,
        196,
        177,
        62,
        42,
        79,
        41,
        254,
        96,
        66,
        199,
        216,
        149,
        212,
        223,
        190,
        92,
        66,
        189,
        2,
        237,
        26,
        199,
        47,
        116,
        187,
        244,
        101,
        13,
        54,
        57,
        4,
        218,
        239,
        223,
        67,
        56,
        224,
        209,
        191,
        107,
        176,
        201,
        33,
        208,
        111,
        121,
        6,
        155,
        128,
        2,
        119,
        13,
        54,
        58,
        185,
        165,
        58,
        11,
        28,
        152,
        25,
        28,
        117,
        206,
        211,
        79,
        250,
        231,
        44,
        111,
        134,
        218,
        128,
        190,
        28,
        146,
        142,
        143,
        131,
        53,
        57,
        211,
        155,
        250,
        57,
        17,
        84,
        160,
        93,
        199,
        244,
        53,
        151,
        144,
        51,
        253,
        138,
        198,
        253,
        252,
        26,
        252,
        47,
        192,
        0,
        8,
        196,
        116,
        215,
        214,
        124,
        188,
        245,
        0,
        0,
        0,
        0,
        73,
        69,
        78,
        68,
        174,
        66,
        96,
        130
      ]
    },
    "stat": {
      "dev": 16777220,
      "mode": 33188,
      "nlink": 1,
      "uid": 501,
      "gid": 20,
      "rdev": 0,
      "blksize": 4194304,
      "ino": 2088602,
      "size": 1416,
      "blocks": 8,
      "atime": "2018-04-17T07:59:11.785Z",
      "mtime": "2018-03-22T08:50:40.989Z",
      "ctime": "2018-03-22T08:50:40.989Z",
      "birthtime": "2018-03-22T08:50:40.988Z"
    },
    "history": [
      "/Users/jiangheng/Desktop/work-code/xxd-h5/src/mods/contactus/imgs/email_icon@2x.png"
    ],
    "path": "/Users/jiangheng/Desktop/work-code/xxd-h5/src/mods/contactus/imgs/email_icon@2x.png",
    "gulpCache$filePathChangedInsideTask": false,
    "gulpCache$fileBaseChangedInsideTask": false,
    "gulpCache$originalPath": "/Users/jiangheng/Desktop/work-code/xxd-h5/src/mods/contactus/imgs/email_icon@2x.png",
    "gulpCache$originalBase": "/Users/jiangheng/Desktop/work-code/xxd-h5/src/mods/"
  }
]