[
  {
    "cwd": "/Users/jiangheng/Desktop/work-code/xxd-h5",
    "base": "/Users/jiangheng/Desktop/work-code/xxd-h5/src/mods/",
    "contents": {
      "type": "Buffer",
      "data": [
        137,
        80,
        78,
        71,
        13,
        10,
        26,
        10,
        0,
        0,
        0,
        13,
        73,
        72,
        68,
        82,
        0,
        0,
        0,
        72,
        0,
        0,
        0,
        51,
        8,
        6,
        0,
        0,
        0,
        52,
        8,
        78,
        69,
        0,
        0,
        5,
        253,
        73,
        68,
        65,
        84,
        104,
        222,
        237,
        155,
        123,
        80,
        84,
        85,
        28,
        199,
        239,
        34,
        25,
        101,
        248,
        28,
        83,
        64,
        11,
        115,
        178,
        100,
        102,
        149,
        105,
        28,
        209,
        210,
        134,
        146,
        233,
        173,
        225,
        3,
        212,
        63,
        210,
        64,
        3,
        1,
        49,
        76,
        20,
        152,
        6,
        31,
        196,
        12,
        22,
        66,
        145,
        160,
        104,
        53,
        61,
        70,
        237,
        161,
        134,
        26,
        106,
        54,
        233,
        20,
        164,
        51,
        189,
        72,
        37,
        138,
        30,
        166,
        171,
        4,
        213,
        212,
        20,
        196,
        68,
        18,
        220,
        219,
        247,
        236,
        61,
        119,
        57,
        28,
        207,
        221,
        133,
        221,
        187,
        203,
        227,
        250,
        155,
        249,
        204,
        222,
        251,
        243,
        183,
        123,
        150,
        223,
        158,
        199,
        247,
        252,
        206,
        213,
        162,
        40,
        138,
        116,
        213,
        244,
        205,
        146,
        176,
        254,
        55,
        87,
        49,
        35,
        192,
        211,
        224,
        46,
        112,
        109,
        23,
        63,
        119,
        61,
        56,
        196,
        249,
        42,
        65,
        96,
        31,
        201,
        11,
        233,
        53,
        39,
        64,
        186,
        191,
        228,
        188,
        7,
        141,
        2,
        39,
        193,
        248,
        110,
        54,
        48,
        92,
        224,
        179,
        130,
        33,
        125,
        168,
        243,
        132,
        147,
        31,
        217,
        95,
        77,
        150,
        174,
        109,
        119,
        35,
        57,
        253,
        201,
        252,
        252,
        45,
        250,
        61,
        104,
        52,
        152,
        107,
        226,
        228,
        188,
        7,
        62,
        118,
        54,
        196,
        110,
        49,
        113,
        114,
        106,
        192,
        130,
        210,
        220,
        32,
        217,
        217,
        16,
        27,
        104,
        226,
        4,
        21,
        149,
        230,
        6,
        183,
        146,
        11,
        103,
        61,
        232,
        23,
        240,
        186,
        155,
        13,
        252,
        40,
        240,
        109,
        6,
        1,
        189,
        44,
        17,
        100,
        85,
        189,
        19,
        76,
        227,
        252,
        245,
        218,
        133,
        179,
        57,
        168,
        22,
        60,
        110,
        224,
        151,
        217,
        220,
        91,
        165,
        14,
        40,
        6,
        201,
        140,
        239,
        94,
        112,
        216,
        254,
        143,
        43,
        50,
        47,
        154,
        90,
        8,
        110,
        207,
        27,
        43,
        37,
        101,
        93,
        186,
        129,
        142,
        152,
        65,
        212,
        45,
        131,
        141,
        32,
        23,
        67,
        76,
        54,
        189,
        90,
        70,
        146,
        154,
        147,
        50,
        109,
        95,
        227,
        50,
        66,
        91,
        222,
        65,
        14,
        104,
        209,
        230,
        160,
        133,
        96,
        57,
        24,
        103,
        159,
        151,
        186,
        102,
        51,
        64,
        29,
        115,
        127,
        31,
        216,
        217,
        7,
        242,
        113,
        12,
        36,
        94,
        169,
        157,
        149,
        203,
        130,
        216,
        52,
        50,
        7,
        145,
        73,
        234,
        45,
        55,
        26,
        226,
        19,
        121,
        61,
        184,
        185,
        15,
        36,
        40,
        1,
        60,
        11,
        126,
        210,
        28,
        201,
        235,
        206,
        7,
        90,
        84,
        165,
        207,
        91,
        48,
        25,
        98,
        209,
        38,
        28,
        85,
        142,
        222,
        146,
        188,
        246,
        220,
        24,
        218,
        65,
        134,
        9,
        226,
        62,
        39,
        67,
        108,
        172,
        201,
        146,
        83,
        0,
        126,
        102,
        150,
        249,
        79,
        116,
        122,
        190,
        141,
        244,
        54,
        12,
        49,
        249,
        58,
        147,
        36,
        230,
        87,
        240,
        48,
        248,
        146,
        241,
        205,
        213,
        73,
        14,
        73,
        98,
        118,
        73,
        193,
        132,
        22,
        51,
        173,
        98,
        57,
        92,
        114,
        136,
        221,
        36,
        136,
        35,
        186,
        103,
        93,
        73,
        225,
        237,
        178,
        43,
        37,
        221,
        223,
        236,
        119,
        129,
        239,
        140,
        40,
        65,
        37,
        207,
        79,
        116,
        244,
        26,
        63,
        139,
        44,
        75,
        38,
        225,
        41,
        48,
        148,
        243,
        29,
        1,
        71,
        57,
        223,
        148,
        149,
        79,
        214,
        4,
        57,
        18,
        100,
        31,
        98,
        190,
        71,
        1,
        47,
        129,
        154,
        46,
        198,
        215,
        131,
        28,
        112,
        193,
        131,
        54,
        35,
        128,
        13,
        60,
        193,
        248,
        218,
        193,
        108,
        80,
        200,
        248,
        2,
        192,
        209,
        149,
        171,
        170,
        67,
        213,
        30,
        132,
        33,
        230,
        99,
        26,
        64,
        36,
        72,
        0,
        179,
        65,
        163,
        139,
        120,
        25,
        196,
        130,
        13,
        32,
        12,
        236,
        247,
        160,
        237,
        193,
        96,
        39,
        152,
        170,
        249,
        138,
        95,
        180,
        182,
        227,
        53,
        3,
        252,
        201,
        196,
        77,
        6,
        159,
        165,
        166,
        158,
        29,
        217,
        19,
        61,
        40,
        17,
        84,
        208,
        235,
        243,
        96,
        169,
        139,
        248,
        2,
        112,
        146,
        94,
        183,
        128,
        213,
        6,
        124,
        135,
        89,
        142,
        107,
        216,
        214,
        173,
        147,
        218,
        112,
        253,
        23,
        23,
        51,
        18,
        196,
        245,
        196,
        42,
        70,
        42,
        4,
        229,
        82,
        71,
        33,
        234,
        32,
        216,
        2,
        210,
        117,
        10,
        87,
        217,
        156,
        47,
        197,
        128,
        239,
        208,
        105,
        114,
        78,
        77,
        169,
        186,
        155,
        110,
        179,
        120,
        11,
        241,
        199,
        164,
        244,
        159,
        143,
        19,
        52,
        15,
        172,
        5,
        207,
        49,
        190,
        44,
        90,
        147,
        153,
        193,
        248,
        218,
        192,
        18,
        86,
        245,
        194,
        102,
        145,
        37,
        216,
        131,
        182,
        191,
        7,
        249,
        224,
        136,
        230,
        88,
        149,
        244,
        197,
        116,
        108,
        51,
        14,
        232,
        196,
        127,
        67,
        150,
        249,
        227,
        164,
        188,
        232,
        227,
        36,
        229,
        129,
        211,
        224,
        3,
        38,
        25,
        177,
        160,
        74,
        82,
        107,
        225,
        154,
        110,
        169,
        98,
        222,
        67,
        252,
        187,
        105,
        253,
        198,
        29,
        43,
        3,
        49,
        160,
        157,
        219,
        79,
        238,
        21,
        108,
        51,
        72,
        204,
        62,
        176,
        139,
        40,
        233,
        82,
        73,
        61,
        3,
        122,
        4,
        100,
        128,
        27,
        125,
        144,
        32,
        63,
        186,
        255,
        9,
        167,
        194,
        140,
        88,
        3,
        173,
        42,
        156,
        160,
        201,
        203,
        99,
        226,
        7,
        128,
        61,
        146,
        122,
        12,
        229,
        174,
        109,
        224,
        146,
        35,
        209,
        246,
        67,
        4,
        177,
        49,
        69,
        59,
        34,
        202,
        168,
        80,
        148,
        181,
        174,
        87,
        8,
        222,
        1,
        167,
        128,
        47,
        246,
        103,
        195,
        232,
        175,
        55,
        19,
        180,
        82,
        95,
        5,
        173,
        230,
        93,
        164,
        189,
        74,
        179,
        76,
        112,
        143,
        1,
        149,
        67,
        87,
        21,
        9,
        205,
        14,
        119,
        252,
        146,
        16,
        71,
        12,
        117,
        32,
        139,
        243,
        121,
        147,
        169,
        32,
        159,
        243,
        85,
        128,
        11,
        92,
        204,
        38,
        3,
        218,
        202,
        6,
        252,
        223,
        91,
        69,
        255,
        102,
        62,
        54,
        172,
        67,
        73,
        163,
        7,
        113,
        28,
        23,
        248,
        140,
        166,
        14,
        216,
        40,
        143,
        2,
        171,
        147,
        216,
        36,
        208,
        12,
        26,
        41,
        238,
        182,
        185,
        0,
        156,
        6,
        211,
        24,
        95,
        43,
        136,
        2,
        223,
        114,
        177,
        175,
        165,
        45,
        171,
        180,
        82,
        37,
        173,
        72,
        28,
        77,
        2,
        159,
        145,
        100,
        216,
        75,
        44,
        138,
        18,
        202,
        80,
        237,
        36,
        62,
        14,
        12,
        101,
        152,
        239,
        65,
        219,
        86,
        240,
        62,
        24,
        161,
        249,
        94,
        120,
        101,
        230,
        119,
        120,
        141,
        231,
        226,
        38,
        131,
        83,
        105,
        241,
        21,
        246,
        101,
        158,
        31,
        127,
        222,
        62,
        106,
        110,
        242,
        240,
        253,
        85,
        30,
        190,
        127,
        8,
        149,
        19,
        7,
        29,
        147,
        147,
        44,
        87,
        11,
        226,
        72,
        33,
        127,
        190,
        72,
        40,
        46,
        245,
        114,
        130,
        60,
        61,
        27,
        243,
        55,
        224,
        59,
        252,
        209,
        185,
        30,
        45,
        235,
        157,
        34,
        15,
        231,
        19,
        244,
        0,
        209,
        78,
        94,
        78,
        208,
        26,
        16,
        45,
        208,
        29,
        111,
        130,
        151,
        25,
        95,
        24,
        21,
        117,
        131,
        120,
        117,
        235,
        97,
        251,
        239,
        74,
        234,
        19,
        43,
        118,
        91,
        189,
        228,
        67,
        34,
        29,
        74,
        116,
        98,
        107,
        73,
        209,
        158,
        104,
        140,
        135,
        168,
        194,
        125,
        140,
        106,
        14,
        111,
        218,
        24,
        10,
        111,
        151,
        184,
        4,
        89,
        233,
        247,
        50,
        202,
        90,
        104,
        193,
        126,
        55,
        179,
        205,
        241,
        163,
        210,
        98,
        130,
        32,
        254,
        35,
        146,
        76,
        210,
        131,
        200,
        195,
        81,
        155,
        124,
        168,
        162,
        27,
        24,
        5,
        205,
        90,
        37,
        119,
        255,
        21,
        40,
        18,
        196,
        77,
        114,
        83,
        19,
        165,
        18,
        101,
        204,
        249,
        110,
        211,
        73,
        14,
        81,
        209,
        139,
        11,
        119,
        221,
        223,
        70,
        38,
        105,
        171,
        143,
        183,
        25,
        59,
        186,
        248,
        131,
        16,
        241,
        154,
        38,
        240,
        71,
        186,
        153,
        160,
        79,
        117,
        20,
        189,
        200,
        54,
        22,
        236,
        121,
        176,
        77,
        91,
        230,
        175,
        241,
        242,
        178,
        206,
        243,
        175,
        143,
        219,
        211,
        88,
        33,
        240,
        213,
        130,
        31,
        4,
        254,
        144,
        158,
        172,
        40,
        70,
        217,
        87,
        13,
        69,
        14,
        229,
        8,
        20,
        196,
        78,
        4,
        225,
        32,
        146,
        66,
        234,
        56,
        177,
        110,
        182,
        155,
        2,
        202,
        65,
        16,
        87,
        81,
        140,
        100,
        234,
        77,
        26,
        197,
        107,
        22,
        149,
        7,
        219,
        151,
        76,
        139,
        239,
        235,
        65,
        81,
        224,
        156,
        192,
        127,
        140,
        174,
        162,
        236,
        42,
        86,
        99,
        112,
        219,
        228,
        216,
        103,
        191,
        164,
        62,
        242,
        98,
        183,
        45,
        111,
        207,
        169,
        79,
        95,
        120,
        136,
        180,
        123,
        150,
        169,
        9,
        221,
        74,
        38,
        111,
        248,
        195,
        253,
        122,
        168,
        187,
        139,
        8,
        224,
        238,
        7,
        122,
        169,
        157,
        233,
        96,
        188,
        227,
        94,
        77,
        82,
        51,
        174,
        43,
        184,
        56,
        18,
        19,
        109,
        214,
        167,
        59,
        216,
        74,
        129,
        148,
        30,
        83,
        70,
        164,
        205,
        20,
        65,
        220,
        104,
        103,
        15,
        80,
        249,
        218,
        248,
        103,
        168,
        7,
        120,
        113,
        21,
        181,
        117,
        170,
        131,
        40,
        74,
        34,
        213,
        102,
        141,
        156,
        28,
        57,
        208,
        155,
        14,
        14,
        239,
        144,
        212,
        39,
        46,
        180,
        189,
        218,
        40,
        131,
        63,
        159,
        156,
        170,
        46,
        167,
        197,
        184,
        78,
        150,
        191,
        111,
        222,
        54,
        188,
        108,
        19,
        239,
        107,
        122,
        215,
        16,
        27,
        231,
        197,
        207,
        94,
        36,
        137,
        159,
        157,
        116,
        177,
        241,
        51,
        199,
        209,
        243,
        101,
        157,
        149,
        211,
        117,
        130,
        44,
        230,
        72,
        16,
        249,
        63,
        38,
        115,
        216,
        18,
        199,
        213,
        30,
        116,
        165,
        189,
        1,
        150,
        209,
        125,
        86,
        119,
        78,
        23,
        148,
        127,
        212,
        205,
        109,
        191,
        103,
        48,
        216,
        11,
        226,
        58,
        251,
        93,
        247,
        32,
        155,
        201,
        52,
        208,
        98,
        240,
        106,
        119,
        230,
        32,
        114,
        222,
        148,
        110,
        80,
        165,
        174,
        47,
        88,
        83,
        247,
        230,
        32,
        73,
        33,
        245,
        88,
        114,
        54,
        21,
        47,
        169,
        231,
        97,
        252,
        35,
        121,
        131,
        117,
        202,
        2,
        173,
        220,
        61,
        17,
        89,
        103,
        122,
        121,
        114,
        254,
        6,
        207,
        116,
        231,
        13,
        255,
        3,
        123,
        174,
        39,
        115,
        75,
        88,
        107,
        111,
        0,
        0,
        0,
        0,
        73,
        69,
        78,
        68,
        174,
        66,
        96,
        130
      ]
    },
    "stat": {
      "dev": 16777220,
      "mode": 33188,
      "nlink": 1,
      "uid": 501,
      "gid": 20,
      "rdev": 0,
      "blksize": 4194304,
      "ino": 2088724,
      "size": 2458,
      "blocks": 8,
      "atime": "2018-04-17T07:59:11.792Z",
      "mtime": "2018-03-22T08:50:41.028Z",
      "ctime": "2018-03-22T08:50:41.028Z",
      "birthtime": "2018-03-22T08:50:41.028Z"
    },
    "history": [
      "/Users/jiangheng/Desktop/work-code/xxd-h5/src/mods/mypurse/imgs/yhj@3x.png"
    ],
    "path": "/Users/jiangheng/Desktop/work-code/xxd-h5/src/mods/mypurse/imgs/yhj@3x.png",
    "gulpCache$filePathChangedInsideTask": false,
    "gulpCache$fileBaseChangedInsideTask": false,
    "gulpCache$originalPath": "/Users/jiangheng/Desktop/work-code/xxd-h5/src/mods/mypurse/imgs/yhj@3x.png",
    "gulpCache$originalBase": "/Users/jiangheng/Desktop/work-code/xxd-h5/src/mods/"
  }
]