[
  {
    "cwd": "/Users/jiangheng/Desktop/work-code/xxd-h5",
    "base": "/Users/jiangheng/Desktop/work-code/xxd-h5/src/mods/",
    "contents": {
      "type": "Buffer",
      "data": [
        60,
        33,
        68,
        79,
        67,
        84,
        89,
        80,
        69,
        32,
        104,
        116,
        109,
        108,
        62,
        10,
        60,
        104,
        116,
        109,
        108,
        32,
        108,
        97,
        110,
        103,
        61,
        34,
        101,
        110,
        34,
        62,
        10,
        60,
        104,
        101,
        97,
        100,
        62,
        10,
        32,
        32,
        32,
        32,
        60,
        109,
        101,
        116,
        97,
        32,
        99,
        104,
        97,
        114,
        115,
        101,
        116,
        61,
        34,
        85,
        84,
        70,
        45,
        56,
        34,
        62,
        10,
        32,
        32,
        32,
        32,
        60,
        109,
        101,
        116,
        97,
        32,
        99,
        111,
        110,
        116,
        101,
        110,
        116,
        61,
        34,
        119,
        105,
        100,
        116,
        104,
        61,
        100,
        101,
        118,
        105,
        99,
        101,
        45,
        119,
        105,
        100,
        116,
        104,
        44,
        32,
        105,
        110,
        105,
        116,
        105,
        97,
        108,
        45,
        115,
        99,
        97,
        108,
        101,
        61,
        49,
        46,
        48,
        44,
        32,
        109,
        97,
        120,
        105,
        109,
        117,
        109,
        45,
        115,
        99,
        97,
        108,
        101,
        61,
        49,
        46,
        48,
        44,
        32,
        117,
        115,
        101,
        114,
        45,
        115,
        99,
        97,
        108,
        97,
        98,
        108,
        101,
        61,
        48,
        59,
        34,
        32,
        110,
        97,
        109,
        101,
        61,
        34,
        118,
        105,
        101,
        119,
        112,
        111,
        114,
        116,
        34,
        47,
        62,
        10,
        32,
        32,
        32,
        32,
        60,
        116,
        105,
        116,
        108,
        101,
        62,
        230,
        150,
        176,
        230,
        150,
        176,
        232,
        180,
        183,
        45,
        229,
        133,
        133,
        229,
        128,
        188,
        60,
        47,
        116,
        105,
        116,
        108,
        101,
        62,
        10,
        32,
        32,
        32,
        32,
        60,
        108,
        105,
        110,
        107,
        32,
        114,
        101,
        108,
        61,
        34,
        115,
        116,
        121,
        108,
        101,
        115,
        104,
        101,
        101,
        116,
        34,
        32,
        104,
        114,
        101,
        102,
        61,
        34,
        46,
        46,
        47,
        99,
        115,
        115,
        47,
        98,
        97,
        115,
        101,
        46,
        99,
        115,
        115,
        34,
        62,
        10,
        32,
        32,
        32,
        32,
        60,
        108,
        105,
        110,
        107,
        32,
        114,
        101,
        108,
        61,
        34,
        115,
        116,
        121,
        108,
        101,
        115,
        104,
        101,
        101,
        116,
        34,
        32,
        104,
        114,
        101,
        102,
        61,
        34,
        105,
        110,
        100,
        101,
        120,
        46,
        99,
        115,
        115,
        34,
        62,
        10,
        32,
        32,
        32,
        32,
        60,
        115,
        99,
        114,
        105,
        112,
        116,
        32,
        115,
        114,
        99,
        61,
        34,
        46,
        46,
        47,
        98,
        97,
        115,
        101,
        46,
        106,
        115,
        34,
        62,
        60,
        47,
        115,
        99,
        114,
        105,
        112,
        116,
        62,
        10,
        60,
        47,
        104,
        101,
        97,
        100,
        62,
        10,
        60,
        98,
        111,
        100,
        121,
        62,
        10,
        60,
        100,
        105,
        118,
        32,
        99,
        108,
        97,
        115,
        115,
        61,
        34,
        114,
        101,
        99,
        104,
        97,
        114,
        103,
        101,
        45,
        98,
        111,
        120,
        34,
        62,
        10,
        32,
        32,
        32,
        32,
        60,
        100,
        105,
        118,
        32,
        99,
        108,
        97,
        115,
        115,
        61,
        34,
        99,
        111,
        109,
        109,
        111,
        110,
        45,
        104,
        101,
        97,
        100,
        101,
        114,
        32,
        114,
        101,
        99,
        104,
        97,
        114,
        103,
        101,
        45,
        104,
        101,
        97,
        100,
        101,
        114,
        34,
        62,
        10,
        32,
        32,
        32,
        32,
        32,
        32,
        32,
        32,
        60,
        97,
        32,
        104,
        114,
        101,
        102,
        61,
        34,
        35,
        34,
        32,
        99,
        108,
        97,
        115,
        115,
        61,
        34,
        97,
        114,
        114,
        111,
        119,
        45,
        108,
        101,
        102,
        116,
        45,
        105,
        99,
        111,
        110,
        32,
        104,
        101,
        97,
        100,
        101,
        114,
        45,
        108,
        101,
        102,
        116,
        45,
        97,
        114,
        114,
        111,
        119,
        34,
        62,
        60,
        47,
        97,
        62,
        10,
        32,
        32,
        32,
        32,
        32,
        32,
        32,
        32,
        60,
        100,
        105,
        118,
        32,
        99,
        108,
        97,
        115,
        115,
        61,
        34,
        99,
        111,
        109,
        109,
        111,
        110,
        45,
        104,
        101,
        97,
        100,
        101,
        114,
        45,
        116,
        105,
        116,
        34,
        62,
        229,
        133,
        133,
        229,
        128,
        188,
        60,
        47,
        100,
        105,
        118,
        62,
        10,
        32,
        32,
        32,
        32,
        60,
        47,
        100,
        105,
        118,
        62,
        10,
        10,
        32,
        32,
        32,
        32,
        60,
        100,
        105,
        118,
        32,
        99,
        108,
        97,
        115,
        115,
        61,
        34,
        114,
        101,
        99,
        104,
        97,
        114,
        103,
        101,
        45,
        99,
        111,
        110,
        116,
        97,
        105,
        110,
        101,
        114,
        34,
        62,
        10,
        32,
        32,
        32,
        32,
        32,
        32,
        32,
        32,
        60,
        100,
        105,
        118,
        32,
        99,
        108,
        97,
        115,
        115,
        61,
        34,
        116,
        97,
        98,
        45,
        119,
        114,
        97,
        112,
        112,
        101,
        114,
        34,
        62,
        10,
        32,
        32,
        32,
        32,
        32,
        32,
        32,
        32,
        32,
        32,
        32,
        32,
        60,
        117,
        108,
        32,
        99,
        108,
        97,
        115,
        115,
        61,
        34,
        116,
        97,
        98,
        34,
        62,
        10,
        32,
        32,
        32,
        32,
        32,
        32,
        32,
        32,
        32,
        32,
        32,
        32,
        32,
        32,
        32,
        32,
        60,
        108,
        105,
        32,
        99,
        108,
        97,
        115,
        115,
        61,
        34,
        116,
        97,
        98,
        45,
        108,
        105,
        110,
        107,
        32,
        116,
        97,
        98,
        45,
        108,
        105,
        110,
        107,
        45,
        97,
        99,
        116,
        34,
        62,
        60,
        97,
        32,
        104,
        114,
        101,
        102,
        61,
        34,
        35,
        34,
        62,
        229,
        191,
        171,
        230,
        141,
        183,
        229,
        133,
        133,
        229,
        128,
        188,
        60,
        47,
        97,
        62,
        60,
        47,
        108,
        105,
        62,
        10,
        32,
        32,
        32,
        32,
        32,
        32,
        32,
        32,
        32,
        32,
        32,
        32,
        32,
        32,
        32,
        32,
        60,
        108,
        105,
        32,
        99,
        108,
        97,
        115,
        115,
        61,
        34,
        116,
        97,
        98,
        45,
        108,
        105,
        110,
        107,
        34,
        62,
        60,
        97,
        32,
        104,
        114,
        101,
        102,
        61,
        34,
        35,
        34,
        62,
        231,
        186,
        191,
        228,
        184,
        139,
        229,
        133,
        133,
        229,
        128,
        188,
        60,
        47,
        97,
        62,
        60,
        47,
        108,
        105,
        62,
        10,
        32,
        32,
        32,
        32,
        32,
        32,
        32,
        32,
        32,
        32,
        32,
        32,
        60,
        47,
        117,
        108,
        62,
        10,
        32,
        32,
        32,
        32,
        32,
        32,
        32,
        32,
        60,
        47,
        100,
        105,
        118,
        62,
        10,
        32,
        32,
        32,
        32,
        32,
        32,
        32,
        32,
        60,
        100,
        105,
        118,
        32,
        99,
        108,
        97,
        115,
        115,
        61,
        34,
        116,
        97,
        98,
        45,
        99,
        111,
        110,
        116,
        101,
        110,
        116,
        45,
        119,
        114,
        97,
        112,
        112,
        101,
        114,
        34,
        62,
        10,
        32,
        32,
        32,
        32,
        32,
        32,
        32,
        32,
        32,
        32,
        32,
        32,
        60,
        33,
        45,
        45,
        229,
        191,
        171,
        230,
        141,
        183,
        229,
        133,
        133,
        229,
        128,
        188,
        45,
        45,
        62,
        10,
        32,
        32,
        32,
        32,
        32,
        32,
        32,
        32,
        32,
        32,
        32,
        32,
        60,
        100,
        105,
        118,
        32,
        99,
        108,
        97,
        115,
        115,
        61,
        34,
        113,
        117,
        105,
        99,
        107,
        108,
        121,
        45,
        114,
        101,
        99,
        104,
        97,
        114,
        103,
        101,
        32,
        116,
        97,
        98,
        45,
        99,
        111,
        110,
        116,
        101,
        110,
        116,
        32,
        98,
        108,
        111,
        99,
        107,
        34,
        62,
        10,
        32,
        32,
        32,
        32,
        32,
        32,
        32,
        32,
        32,
        32,
        32,
        32,
        32,
        32,
        32,
        32,
        60,
        100,
        105,
        118,
        32,
        99,
        108,
        97,
        115,
        115,
        61,
        34,
        98,
        97,
        110,
        107,
        45,
        99,
        97,
        114,
        100,
        45,
        98,
        111,
        114,
        100,
        101,
        114,
        32,
        99,
        108,
        101,
        97,
        114,
        102,
        105,
        120,
        34,
        62,
        10,
        32,
        32,
        32,
        32,
        32,
        32,
        32,
        32,
        32,
        32,
        32,
        32,
        32,
        32,
        32,
        32,
        32,
        32,
        32,
        32,
        60,
        33,
        45,
        45,
        60,
        100,
        105,
        118,
        32,
        99,
        108,
        97,
        115,
        115,
        61,
        34,
        98,
        97,
        110,
        107,
        45,
        108,
        111,
        103,
        111,
        34,
        62,
        60,
        47,
        100,
        105,
        118,
        62,
        45,
        45,
        62,
        10,
        32,
        32,
        32,
        32,
        32,
        32,
        32,
        32,
        32,
        32,
        32,
        32,
        32,
        32,
        32,
        32,
        32,
        32,
        32,
        32,
        60,
        33,
        45,
        45,
        60,
        100,
        105,
        118,
        32,
        99,
        108,
        97,
        115,
        115,
        61,
        34,
        98,
        97,
        110,
        107,
        45,
        99,
        97,
        114,
        100,
        34,
        62,
        45,
        45,
        62,
        10,
        32,
        32,
        32,
        32,
        32,
        32,
        32,
        32,
        32,
        32,
        32,
        32,
        32,
        32,
        32,
        32,
        32,
        32,
        32,
        32,
        32,
        32,
        32,
        32,
        60,
        33,
        45,
        45,
        60,
        112,
        32,
        99,
        108,
        97,
        115,
        115,
        61,
        34,
        98,
        97,
        110,
        107,
        45,
        110,
        97,
        109,
        101,
        34,
        62,
        230,
        139,
        155,
        229,
        149,
        134,
        233,
        147,
        182,
        232,
        161,
        140,
        60,
        115,
        112,
        97,
        110,
        32,
        99,
        108,
        97,
        115,
        115,
        61,
        34,
        99,
        97,
        114,
        100,
        45,
        115,
        116,
        97,
        116,
        117,
        115,
        34,
        62,
        239,
        188,
        136,
        230,
        141,
        162,
        229,
        141,
        161,
        231,
        148,
        179,
        232,
        175,
        183,
        228,
        184,
        173,
        239,
        188,
        137,
        60,
        47,
        115,
        112,
        97,
        110,
        62,
        60,
        47,
        112,
        62,
        45,
        45,
        62,
        10,
        32,
        32,
        32,
        32,
        32,
        32,
        32,
        32,
        32,
        32,
        32,
        32,
        32,
        32,
        32,
        32,
        32,
        32,
        32,
        32,
        32,
        32,
        32,
        32,
        60,
        33,
        45,
        45,
        60,
        112,
        32,
        99,
        108,
        97,
        115,
        115,
        61,
        34,
        98,
        97,
        110,
        107,
        45,
        99,
        97,
        114,
        100,
        45,
        110,
        117,
        109,
        98,
        101,
        114,
        34,
        62,
        56,
        54,
        50,
        49,
        32,
        42,
        42,
        42,
        42,
        32,
        42,
        42,
        42,
        42,
        32,
        52,
        50,
        49,
        55,
        60,
        47,
        112,
        62,
        45,
        45,
        62,
        10,
        32,
        32,
        32,
        32,
        32,
        32,
        32,
        32,
        32,
        32,
        32,
        32,
        32,
        32,
        32,
        32,
        32,
        32,
        32,
        32,
        60,
        33,
        45,
        45,
        60,
        47,
        100,
        105,
        118,
        62,
        45,
        45,
        62,
        10,
        32,
        32,
        32,
        32,
        32,
        32,
        32,
        32,
        32,
        32,
        32,
        32,
        32,
        32,
        32,
        32,
        32,
        32,
        32,
        32,
        60,
        100,
        105,
        118,
        32,
        99,
        108,
        97,
        115,
        115,
        61,
        34,
        122,
        73,
        110,
        100,
        101,
        120,
        45,
        119,
        114,
        97,
        112,
        112,
        101,
        114,
        34,
        62,
        10,
        32,
        32,
        32,
        32,
        32,
        32,
        32,
        32,
        32,
        32,
        32,
        32,
        32,
        32,
        32,
        32,
        32,
        32,
        32,
        32,
        32,
        32,
        32,
        32,
        60,
        100,
        105,
        118,
        32,
        99,
        108,
        97,
        115,
        115,
        61,
        34,
        98,
        97,
        110,
        107,
        45,
        108,
        111,
        103,
        111,
        34,
        62,
        10,
        32,
        32,
        32,
        32,
        32,
        32,
        32,
        32,
        32,
        32,
        32,
        32,
        32,
        32,
        32,
        32,
        32,
        32,
        32,
        32,
        32,
        32,
        32,
        32,
        32,
        32,
        32,
        32,
        60,
        105,
        109,
        103,
        32,
        115,
        114,
        99,
        61,
        34,
        46,
        46,
        47,
        111,
        112,
        101,
        110,
        97,
        99,
        99,
        111,
        117,
        110,
        116,
        47,
        121,
        104,
        105,
        109,
        103,
        115,
        47,
        103,
        100,
        121,
        104,
        64,
        50,
        120,
        46,
        112,
        110,
        103,
        34,
        32,
        97,
        108,
        116,
        61,
        34,
        34,
        62,
        10,
        32,
        32,
        32,
        32,
        32,
        32,
        32,
        32,
        32,
        32,
        32,
        32,
        32,
        32,
        32,
        32,
        32,
        32,
        32,
        32,
        32,
        32,
        32,
        32,
        60,
        47,
        100,
        105,
        118,
        62,
        10,
        32,
        32,
        32,
        32,
        32,
        32,
        32,
        32,
        32,
        32,
        32,
        32,
        32,
        32,
        32,
        32,
        32,
        32,
        32,
        32,
        32,
        32,
        32,
        32,
        60,
        100,
        105,
        118,
        32,
        99,
        108,
        97,
        115,
        115,
        61,
        34,
        98,
        97,
        110,
        107,
        45,
        99,
        97,
        114,
        100,
        34,
        62,
        10,
        32,
        32,
        32,
        32,
        32,
        32,
        32,
        32,
        32,
        32,
        32,
        32,
        32,
        32,
        32,
        32,
        32,
        32,
        32,
        32,
        32,
        32,
        32,
        32,
        32,
        32,
        32,
        32,
        60,
        112,
        32,
        99,
        108,
        97,
        115,
        115,
        61,
        34,
        98,
        97,
        110,
        107,
        45,
        110,
        97,
        109,
        101,
        34,
        62,
        230,
        139,
        155,
        229,
        149,
        134,
        233,
        147,
        182,
        232,
        161,
        140,
        60,
        115,
        112,
        97,
        110,
        32,
        99,
        108,
        97,
        115,
        115,
        61,
        34,
        99,
        97,
        114,
        100,
        45,
        115,
        116,
        97,
        116,
        117,
        115,
        34,
        62,
        239,
        188,
        136,
        230,
        141,
        162,
        229,
        141,
        161,
        231,
        148,
        179,
        232,
        175,
        183,
        228,
        184,
        173,
        239,
        188,
        137,
        60,
        47,
        115,
        112,
        97,
        110,
        62,
        60,
        47,
        112,
        62,
        10,
        32,
        32,
        32,
        32,
        32,
        32,
        32,
        32,
        32,
        32,
        32,
        32,
        32,
        32,
        32,
        32,
        32,
        32,
        32,
        32,
        32,
        32,
        32,
        32,
        32,
        32,
        32,
        32,
        60,
        112,
        32,
        99,
        108,
        97,
        115,
        115,
        61,
        34,
        98,
        97,
        110,
        107,
        45,
        99,
        97,
        114,
        100,
        45,
        110,
        117,
        109,
        98,
        101,
        114,
        34,
        62,
        56,
        54,
        50,
        49,
        32,
        42,
        42,
        42,
        42,
        32,
        42,
        42,
        42,
        42,
        32,
        52,
        50,
        49,
        55,
        60,
        47,
        112,
        62,
        10,
        32,
        32,
        32,
        32,
        32,
        32,
        32,
        32,
        32,
        32,
        32,
        32,
        32,
        32,
        32,
        32,
        32,
        32,
        32,
        32,
        32,
        32,
        32,
        32,
        60,
        47,
        100,
        105,
        118,
        62,
        10,
        32,
        32,
        32,
        32,
        32,
        32,
        32,
        32,
        32,
        32,
        32,
        32,
        32,
        32,
        32,
        32,
        32,
        32,
        32,
        32,
        60,
        47,
        100,
        105,
        118,
        62,
        10,
        32,
        32,
        32,
        32,
        32,
        32,
        32,
        32,
        32,
        32,
        32,
        32,
        32,
        32,
        32,
        32,
        32,
        32,
        32,
        32,
        60,
        105,
        109,
        103,
        32,
        115,
        114,
        99,
        61,
        34,
        46,
        46,
        47,
        111,
        112,
        101,
        110,
        97,
        99,
        99,
        111,
        117,
        110,
        116,
        47,
        121,
        104,
        105,
        109,
        103,
        115,
        47,
        103,
        100,
        121,
        104,
        95,
        98,
        103,
        64,
        50,
        120,
        46,
        112,
        110,
        103,
        34,
        32,
        97,
        108,
        116,
        61,
        34,
        34,
        32,
        99,
        108,
        97,
        115,
        115,
        61,
        34,
        98,
        97,
        110,
        107,
        45,
        98,
        103,
        32,
        112,
        111,
        115,
        105,
        116,
        105,
        111,
        110,
        45,
        97,
        34,
        62,
        10,
        32,
        32,
        32,
        32,
        32,
        32,
        32,
        32,
        32,
        32,
        32,
        32,
        32,
        32,
        32,
        32,
        60,
        47,
        100,
        105,
        118,
        62,
        10,
        10,
        32,
        32,
        32,
        32,
        32,
        32,
        32,
        32,
        32,
        32,
        32,
        32,
        32,
        32,
        32,
        32,
        60,
        112,
        32,
        99,
        108,
        97,
        115,
        115,
        61,
        34,
        114,
        101,
        99,
        104,
        97,
        114,
        103,
        101,
        45,
        116,
        105,
        112,
        115,
        34,
        62,
        232,
        175,
        165,
        229,
        141,
        161,
        229,
        141,
        149,
        231,
        172,
        148,
        233,
        153,
        144,
        233,
        162,
        157,
        53,
        228,
        184,
        135,
        239,
        188,
        140,
        229,
        141,
        149,
        230,
        151,
        165,
        233,
        153,
        144,
        233,
        162,
        157,
        53,
        228,
        184,
        135,
        60,
        47,
        112,
        62,
        10,
        10,
        32,
        32,
        32,
        32,
        32,
        32,
        32,
        32,
        32,
        32,
        32,
        32,
        32,
        32,
        32,
        32,
        60,
        100,
        105,
        118,
        32,
        99,
        108,
        97,
        115,
        115,
        61,
        34,
        100,
        105,
        118,
        45,
        105,
        110,
        112,
        117,
        116,
        45,
        98,
        111,
        114,
        100,
        101,
        114,
        34,
        62,
        10,
        32,
        32,
        32,
        32,
        32,
        32,
        32,
        32,
        32,
        32,
        32,
        32,
        32,
        32,
        32,
        32,
        32,
        32,
        32,
        32,
        60,
        105,
        110,
        112,
        117,
        116,
        32,
        116,
        121,
        112,
        101,
        61,
        34,
        116,
        101,
        120,
        116,
        34,
        32,
        112,
        108,
        97,
        99,
        101,
        104,
        111,
        108,
        100,
        101,
        114,
        61,
        34,
        232,
        175,
        183,
        232,
        190,
        147,
        229,
        133,
        165,
        229,
        133,
        133,
        229,
        128,
        188,
        233,
        135,
        145,
        233,
        162,
        157,
        44,
        229,
        133,
        141,
        230,
        137,
        139,
        231,
        187,
        173,
        232,
        180,
        185,
        34,
        62,
        10,
        32,
        32,
        32,
        32,
        32,
        32,
        32,
        32,
        32,
        32,
        32,
        32,
        32,
        32,
        32,
        32,
        60,
        47,
        100,
        105,
        118,
        62,
        10,
        10,
        32,
        32,
        32,
        32,
        32,
        32,
        32,
        32,
        32,
        32,
        32,
        32,
        32,
        32,
        32,
        32,
        60,
        100,
        105,
        118,
        32,
        99,
        108,
        97,
        115,
        115,
        61,
        34,
        100,
        105,
        118,
        45,
        98,
        116,
        110,
        34,
        62,
        10,
        32,
        32,
        32,
        32,
        32,
        32,
        32,
        32,
        32,
        32,
        32,
        32,
        32,
        32,
        32,
        32,
        32,
        32,
        32,
        32,
        60,
        98,
        117,
        116,
        116,
        111,
        110,
        32,
        99,
        108,
        97,
        115,
        115,
        61,
        34,
        120,
        120,
        100,
        45,
        120,
        108,
        45,
        98,
        116,
        110,
        34,
        62,
        231,
        161,
        174,
        232,
        174,
        164,
        229,
        133,
        133,
        229,
        128,
        188,
        60,
        47,
        98,
        117,
        116,
        116,
        111,
        110,
        62,
        10,
        32,
        32,
        32,
        32,
        32,
        32,
        32,
        32,
        32,
        32,
        32,
        32,
        32,
        32,
        32,
        32,
        60,
        47,
        100,
        105,
        118,
        62,
        10,
        32,
        32,
        32,
        32,
        32,
        32,
        32,
        32,
        32,
        32,
        32,
        32,
        32,
        32,
        32,
        32,
        60,
        112,
        32,
        99,
        108,
        97,
        115,
        115,
        61,
        34,
        114,
        101,
        109,
        105,
        110,
        100,
        101,
        114,
        45,
        116,
        120,
        116,
        34,
        62,
        60,
        115,
        112,
        97,
        110,
        32,
        99,
        108,
        97,
        115,
        115,
        61,
        34,
        108,
        105,
        110,
        101,
        34,
        62,
        60,
        47,
        115,
        112,
        97,
        110,
        62,
        230,
        184,
        169,
        233,
        166,
        168,
        230,
        143,
        144,
        231,
        164,
        186,
        60,
        115,
        112,
        97,
        110,
        32,
        99,
        108,
        97,
        115,
        115,
        61,
        34,
        108,
        105,
        110,
        101,
        32,
        116,
        111,
        114,
        105,
        103,
        104,
        116,
        45,
        108,
        105,
        110,
        101,
        34,
        62,
        60,
        47,
        115,
        112,
        97,
        110,
        62,
        60,
        47,
        112,
        62,
        10,
        32,
        32,
        32,
        32,
        32,
        32,
        32,
        32,
        32,
        32,
        32,
        32,
        32,
        32,
        32,
        32,
        60,
        100,
        105,
        118,
        32,
        99,
        108,
        97,
        115,
        115,
        61,
        34,
        114,
        101,
        109,
        105,
        110,
        100,
        101,
        114,
        45,
        99,
        111,
        110,
        116,
        101,
        110,
        116,
        34,
        62,
        10,
        32,
        32,
        32,
        32,
        32,
        32,
        32,
        32,
        32,
        32,
        32,
        32,
        32,
        32,
        32,
        32,
        32,
        32,
        32,
        32,
        230,
        150,
        176,
        230,
        150,
        176,
        232,
        180,
        183,
        228,
        189,
        191,
        231,
        148,
        168,
        231,
        154,
        132,
        230,
        152,
        175,
        233,
        147,
        182,
        232,
        161,
        140,
        232,
        181,
        132,
        233,
        135,
        145,
        229,
        173,
        152,
        231,
        174,
        161,
        230,
        168,
        161,
        229,
        188,
        143,
        239,
        188,
        140,
        231,
        189,
        145,
        232,
        180,
        183,
        229,
        174,
        162,
        230,
        136,
        183,
        228,
        186,
        164,
        230,
        152,
        147,
        231,
        187,
        147,
        231,
        174,
        151,
        232,
        181,
        132,
        233,
        135,
        145,
        232,
        180,
        166,
        230,
        136,
        183,
        230,
        152,
        175,
        229,
        174,
        140,
        32,
        229,
        133,
        168,
        229,
        177,
        158,
        228,
        186,
        142,
        230,
        130,
        168,
        228,
        184,
        170,
        228,
        186,
        186,
        231,
        154,
        132,
        231,
        139,
        172,
        231,
        171,
        139,
        232,
        180,
        166,
        230,
        136,
        183,
        239,
        188,
        140,
        229,
        174,
        158,
        231,
        142,
        176,
        229,
        174,
        140,
        229,
        133,
        168,
        231,
        154,
        132,
        232,
        135,
        170,
        229,
        183,
        177,
        233,
        154,
        148,
        231,
        166,
        187,
        239,
        188,
        140,
        230,
        150,
        176,
        230,
        150,
        176,
        232,
        180,
        183,
        228,
        188,
        154,
        230,
        160,
        185,
        230,
        141,
        174,
        230,
        130,
        168,
        231,
        154,
        132,
        230,
        142,
        136,
        230,
        157,
        131,
        229,
        136,
        146,
        230,
        139,
        168,
        231,
        187,
        153,
        229,
        128,
        159,
        230,
        172,
        190,
        228,
        186,
        186,
        239,
        188,
        140,
        233,
        153,
        164,
        230,
        173,
        164,
        228,
        185,
        139,
        229,
        164,
        150,
        230,
        151,
        160,
        230,
        157,
        131,
        229,
        138,
        168,
        231,
        148,
        168,
        227,
        128,
        130,
        10,
        32,
        32,
        32,
        32,
        32,
        32,
        32,
        32,
        32,
        32,
        32,
        32,
        32,
        32,
        32,
        32,
        60,
        47,
        100,
        105,
        118,
        62,
        10,
        32,
        32,
        32,
        32,
        32,
        32,
        32,
        32,
        32,
        32,
        32,
        32,
        60,
        47,
        100,
        105,
        118,
        62,
        10,
        32,
        32,
        32,
        32,
        32,
        32,
        32,
        32,
        32,
        32,
        32,
        32,
        60,
        33,
        45,
        45,
        229,
        191,
        171,
        230,
        141,
        183,
        229,
        133,
        133,
        229,
        128,
        188,
        45,
        45,
        62,
        10,
        10,
        10,
        32,
        32,
        32,
        32,
        32,
        32,
        32,
        32,
        32,
        32,
        32,
        32,
        60,
        33,
        45,
        45,
        231,
        186,
        191,
        228,
        184,
        139,
        229,
        133,
        133,
        229,
        128,
        188,
        45,
        45,
        62,
        10,
        32,
        32,
        32,
        32,
        32,
        32,
        32,
        32,
        32,
        32,
        32,
        32,
        60,
        100,
        105,
        118,
        32,
        99,
        108,
        97,
        115,
        115,
        61,
        34,
        111,
        102,
        102,
        108,
        105,
        110,
        101,
        45,
        114,
        101,
        99,
        104,
        97,
        114,
        103,
        101,
        32,
        116,
        97,
        98,
        45,
        99,
        111,
        110,
        116,
        101,
        110,
        116,
        34,
        62,
        10,
        32,
        32,
        32,
        32,
        32,
        32,
        32,
        32,
        32,
        32,
        32,
        32,
        32,
        32,
        32,
        32,
        60,
        100,
        105,
        118,
        32,
        99,
        108,
        97,
        115,
        115,
        61,
        34,
        98,
        97,
        110,
        107,
        45,
        99,
        97,
        114,
        100,
        45,
        119,
        114,
        97,
        112,
        112,
        101,
        114,
        34,
        62,
        10,
        32,
        32,
        32,
        32,
        32,
        32,
        32,
        32,
        32,
        32,
        32,
        32,
        32,
        32,
        32,
        32,
        32,
        32,
        32,
        32,
        60,
        112,
        32,
        99,
        108,
        97,
        115,
        115,
        61,
        34,
        99,
        111,
        110,
        116,
        101,
        110,
        116,
        45,
        116,
        105,
        116,
        34,
        62,
        60,
        115,
        112,
        97,
        110,
        32,
        99,
        108,
        97,
        115,
        115,
        61,
        34,
        98,
        111,
        108,
        100,
        45,
        108,
        105,
        110,
        101,
        34,
        62,
        60,
        47,
        115,
        112,
        97,
        110,
        62,
        230,
        136,
        145,
        231,
        154,
        132,
        233,
        147,
        182,
        232,
        161,
        140,
        229,
        141,
        161,
        60,
        47,
        112,
        62,
        10,
        32,
        32,
        32,
        32,
        32,
        32,
        32,
        32,
        32,
        32,
        32,
        32,
        32,
        32,
        32,
        32,
        32,
        32,
        32,
        32,
        60,
        100,
        105,
        118,
        32,
        99,
        108,
        97,
        115,
        115,
        61,
        34,
        98,
        97,
        110,
        107,
        45,
        99,
        97,
        114,
        100,
        45,
        98,
        111,
        114,
        100,
        101,
        114,
        32,
        99,
        108,
        101,
        97,
        114,
        102,
        105,
        120,
        34,
        62,
        10,
        32,
        32,
        32,
        32,
        32,
        32,
        32,
        32,
        32,
        32,
        32,
        32,
        32,
        32,
        32,
        32,
        32,
        32,
        32,
        32,
        32,
        32,
        32,
        32,
        60,
        33,
        45,
        45,
        60,
        100,
        105,
        118,
        32,
        99,
        108,
        97,
        115,
        115,
        61,
        34,
        98,
        97,
        110,
        107,
        45,
        108,
        111,
        103,
        111,
        34,
        62,
        60,
        47,
        100,
        105,
        118,
        62,
        45,
        45,
        62,
        10,
        32,
        32,
        32,
        32,
        32,
        32,
        32,
        32,
        32,
        32,
        32,
        32,
        32,
        32,
        32,
        32,
        32,
        32,
        32,
        32,
        32,
        32,
        32,
        32,
        60,
        33,
        45,
        45,
        60,
        100,
        105,
        118,
        32,
        99,
        108,
        97,
        115,
        115,
        61,
        34,
        98,
        97,
        110,
        107,
        45,
        99,
        97,
        114,
        100,
        34,
        62,
        45,
        45,
        62,
        10,
        32,
        32,
        32,
        32,
        32,
        32,
        32,
        32,
        32,
        32,
        32,
        32,
        32,
        32,
        32,
        32,
        32,
        32,
        32,
        32,
        32,
        32,
        32,
        32,
        32,
        32,
        32,
        32,
        60,
        33,
        45,
        45,
        60,
        112,
        32,
        99,
        108,
        97,
        115,
        115,
        61,
        34,
        98,
        97,
        110,
        107,
        45,
        110,
        97,
        109,
        101,
        34,
        62,
        230,
        139,
        155,
        229,
        149,
        134,
        233,
        147,
        182,
        232,
        161,
        140,
        60,
        47,
        112,
        62,
        45,
        45,
        62,
        10,
        32,
        32,
        32,
        32,
        32,
        32,
        32,
        32,
        32,
        32,
        32,
        32,
        32,
        32,
        32,
        32,
        32,
        32,
        32,
        32,
        32,
        32,
        32,
        32,
        32,
        32,
        32,
        32,
        60,
        33,
        45,
        45,
        60,
        112,
        32,
        99,
        108,
        97,
        115,
        115,
        61,
        34,
        98,
        97,
        110,
        107,
        45,
        99,
        97,
        114,
        100,
        45,
        110,
        117,
        109,
        98,
        101,
        114,
        34,
        62,
        56,
        54,
        50,
        49,
        32,
        42,
        42,
        42,
        42,
        32,
        42,
        42,
        42,
        42,
        32,
        52,
        50,
        49,
        55,
        60,
        47,
        112,
        62,
        45,
        45,
        62,
        10,
        32,
        32,
        32,
        32,
        32,
        32,
        32,
        32,
        32,
        32,
        32,
        32,
        32,
        32,
        32,
        32,
        32,
        32,
        32,
        32,
        32,
        32,
        32,
        32,
        60,
        33,
        45,
        45,
        60,
        47,
        100,
        105,
        118,
        62,
        45,
        45,
        62,
        10,
        32,
        32,
        32,
        32,
        32,
        32,
        32,
        32,
        32,
        32,
        32,
        32,
        32,
        32,
        32,
        32,
        32,
        32,
        32,
        32,
        32,
        32,
        32,
        32,
        60,
        100,
        105,
        118,
        32,
        99,
        108,
        97,
        115,
        115,
        61,
        34,
        122,
        73,
        110,
        100,
        101,
        120,
        45,
        119,
        114,
        97,
        112,
        112,
        101,
        114,
        34,
        62,
        10,
        32,
        32,
        32,
        32,
        32,
        32,
        32,
        32,
        32,
        32,
        32,
        32,
        32,
        32,
        32,
        32,
        32,
        32,
        32,
        32,
        32,
        32,
        32,
        32,
        32,
        32,
        32,
        32,
        60,
        100,
        105,
        118,
        32,
        99,
        108,
        97,
        115,
        115,
        61,
        34,
        98,
        97,
        110,
        107,
        45,
        108,
        111,
        103,
        111,
        34,
        62,
        10,
        32,
        32,
        32,
        32,
        32,
        32,
        32,
        32,
        32,
        32,
        32,
        32,
        32,
        32,
        32,
        32,
        32,
        32,
        32,
        32,
        32,
        32,
        32,
        32,
        32,
        32,
        32,
        32,
        32,
        32,
        32,
        32,
        60,
        105,
        109,
        103,
        32,
        115,
        114,
        99,
        61,
        34,
        46,
        46,
        47,
        111,
        112,
        101,
        110,
        97,
        99,
        99,
        111,
        117,
        110,
        116,
        47,
        121,
        104,
        105,
        109,
        103,
        115,
        47,
        103,
        100,
        121,
        104,
        64,
        50,
        120,
        46,
        112,
        110,
        103,
        34,
        32,
        97,
        108,
        116,
        61,
        34,
        34,
        62,
        10,
        32,
        32,
        32,
        32,
        32,
        32,
        32,
        32,
        32,
        32,
        32,
        32,
        32,
        32,
        32,
        32,
        32,
        32,
        32,
        32,
        32,
        32,
        32,
        32,
        32,
        32,
        32,
        32,
        60,
        47,
        100,
        105,
        118,
        62,
        10,
        32,
        32,
        32,
        32,
        32,
        32,
        32,
        32,
        32,
        32,
        32,
        32,
        32,
        32,
        32,
        32,
        32,
        32,
        32,
        32,
        32,
        32,
        32,
        32,
        32,
        32,
        32,
        32,
        60,
        100,
        105,
        118,
        32,
        99,
        108,
        97,
        115,
        115,
        61,
        34,
        98,
        97,
        110,
        107,
        45,
        99,
        97,
        114,
        100,
        34,
        62,
        10,
        32,
        32,
        32,
        32,
        32,
        32,
        32,
        32,
        32,
        32,
        32,
        32,
        32,
        32,
        32,
        32,
        32,
        32,
        32,
        32,
        32,
        32,
        32,
        32,
        32,
        32,
        32,
        32,
        32,
        32,
        32,
        32,
        60,
        112,
        32,
        99,
        108,
        97,
        115,
        115,
        61,
        34,
        98,
        97,
        110,
        107,
        45,
        110,
        97,
        109,
        101,
        34,
        62,
        230,
        139,
        155,
        229,
        149,
        134,
        233,
        147,
        182,
        232,
        161,
        140,
        60,
        33,
        45,
        45,
        60,
        115,
        112,
        97,
        110,
        32,
        99,
        108,
        97,
        115,
        115,
        61,
        34,
        99,
        97,
        114,
        100,
        45,
        115,
        116,
        97,
        116,
        117,
        115,
        34,
        62,
        239,
        188,
        136,
        230,
        141,
        162,
        229,
        141,
        161,
        231,
        148,
        179,
        232,
        175,
        183,
        228,
        184,
        173,
        239,
        188,
        137,
        60,
        47,
        115,
        112,
        97,
        110,
        62,
        45,
        45,
        62,
        60,
        47,
        112,
        62,
        10,
        32,
        32,
        32,
        32,
        32,
        32,
        32,
        32,
        32,
        32,
        32,
        32,
        32,
        32,
        32,
        32,
        32,
        32,
        32,
        32,
        32,
        32,
        32,
        32,
        32,
        32,
        32,
        32,
        32,
        32,
        32,
        32,
        60,
        112,
        32,
        99,
        108,
        97,
        115,
        115,
        61,
        34,
        98,
        97,
        110,
        107,
        45,
        99,
        97,
        114,
        100,
        45,
        110,
        117,
        109,
        98,
        101,
        114,
        34,
        62,
        56,
        54,
        50,
        49,
        32,
        42,
        42,
        42,
        42,
        32,
        42,
        42,
        42,
        42,
        32,
        52,
        50,
        49,
        55,
        60,
        47,
        112,
        62,
        10,
        32,
        32,
        32,
        32,
        32,
        32,
        32,
        32,
        32,
        32,
        32,
        32,
        32,
        32,
        32,
        32,
        32,
        32,
        32,
        32,
        32,
        32,
        32,
        32,
        32,
        32,
        32,
        32,
        60,
        47,
        100,
        105,
        118,
        62,
        10,
        32,
        32,
        32,
        32,
        32,
        32,
        32,
        32,
        32,
        32,
        32,
        32,
        32,
        32,
        32,
        32,
        32,
        32,
        32,
        32,
        32,
        32,
        32,
        32,
        60,
        47,
        100,
        105,
        118,
        62,
        10,
        32,
        32,
        32,
        32,
        32,
        32,
        32,
        32,
        32,
        32,
        32,
        32,
        32,
        32,
        32,
        32,
        32,
        32,
        32,
        32,
        32,
        32,
        32,
        32,
        60,
        105,
        109,
        103,
        32,
        115,
        114,
        99,
        61,
        34,
        46,
        46,
        47,
        111,
        112,
        101,
        110,
        97,
        99,
        99,
        111,
        117,
        110,
        116,
        47,
        121,
        104,
        105,
        109,
        103,
        115,
        47,
        103,
        100,
        121,
        104,
        95,
        98,
        103,
        64,
        50,
        120,
        46,
        112,
        110,
        103,
        34,
        32,
        97,
        108,
        116,
        61,
        34,
        34,
        32,
        99,
        108,
        97,
        115,
        115,
        61,
        34,
        98,
        97,
        110,
        107,
        45,
        98,
        103,
        32,
        112,
        111,
        115,
        105,
        116,
        105,
        111,
        110,
        45,
        97,
        34,
        62,
        10,
        32,
        32,
        32,
        32,
        32,
        32,
        32,
        32,
        32,
        32,
        32,
        32,
        32,
        32,
        32,
        32,
        32,
        32,
        32,
        32,
        60,
        47,
        100,
        105,
        118,
        62,
        10,
        32,
        32,
        32,
        32,
        32,
        32,
        32,
        32,
        32,
        32,
        32,
        32,
        32,
        32,
        32,
        32,
        60,
        47,
        100,
        105,
        118,
        62,
        10,
        32,
        32,
        32,
        32,
        32,
        32,
        32,
        32,
        32,
        32,
        32,
        32,
        32,
        32,
        32,
        32,
        60,
        100,
        105,
        118,
        32,
        99,
        108,
        97,
        115,
        115,
        61,
        34,
        120,
        120,
        100,
        45,
        97,
        99,
        99,
        111,
        117,
        110,
        116,
        45,
        119,
        114,
        97,
        112,
        112,
        101,
        114,
        34,
        62,
        10,
        32,
        32,
        32,
        32,
        32,
        32,
        32,
        32,
        32,
        32,
        32,
        32,
        32,
        32,
        32,
        32,
        32,
        32,
        32,
        32,
        60,
        112,
        32,
        99,
        108,
        97,
        115,
        115,
        61,
        34,
        99,
        111,
        110,
        116,
        101,
        110,
        116,
        45,
        116,
        105,
        116,
        34,
        62,
        60,
        115,
        112,
        97,
        110,
        32,
        99,
        108,
        97,
        115,
        115,
        61,
        34,
        98,
        111,
        108,
        100,
        45,
        108,
        105,
        110,
        101,
        34,
        62,
        60,
        47,
        115,
        112,
        97,
        110,
        62,
        230,
        150,
        176,
        230,
        150,
        176,
        232,
        180,
        183,
        229,
        173,
        152,
        231,
        174,
        161,
        232,
        180,
        166,
        230,
        136,
        183,
        60,
        47,
        112,
        62,
        10,
        32,
        32,
        32,
        32,
        32,
        32,
        32,
        32,
        32,
        32,
        32,
        32,
        32,
        32,
        32,
        32,
        32,
        32,
        32,
        32,
        60,
        100,
        105,
        118,
        32,
        99,
        108,
        97,
        115,
        115,
        61,
        34,
        120,
        120,
        100,
        45,
        97,
        99,
        99,
        111,
        117,
        110,
        116,
        45,
        98,
        111,
        114,
        100,
        101,
        114,
        34,
        62,
        10,
        32,
        32,
        32,
        32,
        32,
        32,
        32,
        32,
        32,
        32,
        32,
        32,
        32,
        32,
        32,
        32,
        32,
        32,
        32,
        32,
        32,
        32,
        32,
        32,
        60,
        112,
        62,
        230,
        148,
        182,
        230,
        172,
        190,
        230,
        150,
        185,
        230,
        136,
        183,
        229,
        144,
        141,
        239,
        188,
        154,
        230,
        150,
        176,
        230,
        150,
        176,
        232,
        180,
        183,
        239,
        188,
        136,
        228,
        184,
        138,
        230,
        181,
        183,
        239,
        188,
        137,
        233,
        135,
        145,
        232,
        158,
        141,
        228,
        191,
        161,
        230,
        129,
        175,
        230,
        156,
        141,
        229,
        138,
        161,
        230,
        156,
        137,
        233,
        153,
        144,
        229,
        133,
        172,
        229,
        143,
        184,
        60,
        47,
        112,
        62,
        10,
        32,
        32,
        32,
        32,
        32,
        32,
        32,
        32,
        32,
        32,
        32,
        32,
        32,
        32,
        32,
        32,
        32,
        32,
        32,
        32,
        32,
        32,
        32,
        32,
        60,
        112,
        32,
        99,
        108,
        97,
        115,
        115,
        61,
        34,
        109,
        103,
        45,
        51,
        56,
        34,
        62,
        230,
        148,
        182,
        230,
        172,
        190,
        230,
        150,
        185,
        232,
        180,
        166,
        229,
        143,
        183,
        239,
        188,
        154,
        56,
        48,
        48,
        48,
        48,
        51,
        48,
        55,
        49,
        57,
        49,
        56,
        60,
        47,
        112,
        62,
        10,
        32,
        32,
        32,
        32,
        32,
        32,
        32,
        32,
        32,
        32,
        32,
        32,
        32,
        32,
        32,
        32,
        32,
        32,
        32,
        32,
        32,
        32,
        32,
        32,
        60,
        112,
        62,
        230,
        148,
        182,
        230,
        172,
        190,
        230,
        150,
        185,
        229,
        188,
        128,
        230,
        136,
        183,
        232,
        161,
        140,
        239,
        188,
        154,
        228,
        184,
        138,
        230,
        181,
        183,
        229,
        141,
        142,
        231,
        145,
        158,
        233,
        147,
        182,
        232,
        161,
        140,
        232,
        130,
        161,
        228,
        187,
        189,
        230,
        156,
        137,
        233,
        153,
        144,
        229,
        133,
        172,
        229,
        143,
        184,
        60,
        47,
        112,
        62,
        10,
        32,
        32,
        32,
        32,
        32,
        32,
        32,
        32,
        32,
        32,
        32,
        32,
        32,
        32,
        32,
        32,
        32,
        32,
        32,
        32,
        60,
        47,
        100,
        105,
        118,
        62,
        10,
        32,
        32,
        32,
        32,
        32,
        32,
        32,
        32,
        32,
        32,
        32,
        32,
        32,
        32,
        32,
        32,
        60,
        47,
        100,
        105,
        118,
        62,
        10,
        32,
        32,
        32,
        32,
        32,
        32,
        32,
        32,
        32,
        32,
        32,
        32,
        32,
        32,
        32,
        32,
        60,
        100,
        105,
        118,
        32,
        99,
        108,
        97,
        115,
        115,
        61,
        34,
        101,
        120,
        112,
        108,
        97,
        105,
        110,
        45,
        119,
        114,
        97,
        112,
        112,
        101,
        114,
        34,
        62,
        10,
        32,
        32,
        32,
        32,
        32,
        32,
        32,
        32,
        32,
        32,
        32,
        32,
        32,
        32,
        32,
        32,
        32,
        32,
        32,
        32,
        60,
        112,
        32,
        99,
        108,
        97,
        115,
        115,
        61,
        34,
        99,
        111,
        110,
        116,
        101,
        110,
        116,
        45,
        116,
        105,
        116,
        34,
        62,
        60,
        115,
        112,
        97,
        110,
        32,
        99,
        108,
        97,
        115,
        115,
        61,
        34,
        98,
        111,
        108,
        100,
        45,
        108,
        105,
        110,
        101,
        34,
        62,
        60,
        47,
        115,
        112,
        97,
        110,
        62,
        230,
        147,
        141,
        228,
        189,
        156,
        232,
        175,
        180,
        230,
        152,
        142,
        60,
        47,
        112,
        62,
        10,
        32,
        32,
        32,
        32,
        32,
        32,
        32,
        32,
        32,
        32,
        32,
        32,
        32,
        32,
        32,
        32,
        32,
        32,
        32,
        32,
        60,
        117,
        108,
        32,
        99,
        108,
        97,
        115,
        115,
        61,
        34,
        112,
        97,
        100,
        100,
        105,
        110,
        103,
        45,
        51,
        49,
        34,
        62,
        10,
        32,
        32,
        32,
        32,
        32,
        32,
        32,
        32,
        32,
        32,
        32,
        32,
        32,
        32,
        32,
        32,
        32,
        32,
        32,
        32,
        32,
        32,
        32,
        32,
        60,
        108,
        105,
        62,
        49,
        46,
        32,
        231,
        186,
        191,
        228,
        184,
        139,
        229,
        133,
        133,
        229,
        128,
        188,
        233,
        146,
        136,
        229,
        175,
        185,
        229,
        164,
        167,
        233,
        162,
        157,
        232,
        189,
        172,
        232,
        180,
        166,
        233,
        156,
        128,
        232,
        166,
        129,
        239,
        188,
        140,
        233,
        128,
        130,
        231,
        148,
        168,
        228,
        186,
        142,
        229,
        133,
        133,
        229,
        128,
        188,
        233,
        135,
        145,
        233,
        162,
        157,
        232,
        182,
        133,
        232,
        191,
        135,
        53,
        48,
        44,
        48,
        48,
        48,
        229,
        133,
        131,
        227,
        128,
        130,
        229,
        176,
        143,
        228,
        186,
        142,
        230,
        173,
        164,
        233,
        135,
        145,
        233,
        162,
        157,
        239,
        188,
        140,
        229,
        187,
        186,
        232,
        174,
        174,
        230,
        130,
        168,
        228,
        189,
        191,
        231,
        148,
        168,
        229,
        191,
        171,
        230,
        141,
        183,
        229,
        133,
        133,
        229,
        128,
        188,
        230,
        136,
        150,
        231,
        189,
        145,
        233,
        147,
        182,
        229,
        133,
        133,
        229,
        128,
        188,
        227,
        128,
        130,
        60,
        47,
        108,
        105,
        62,
        10,
        32,
        32,
        32,
        32,
        32,
        32,
        32,
        32,
        32,
        32,
        32,
        32,
        32,
        32,
        32,
        32,
        32,
        32,
        32,
        32,
        32,
        32,
        32,
        32,
        60,
        108,
        105,
        62,
        50,
        46,
        32,
        228,
        187,
        133,
        230,
        148,
        175,
        230,
        140,
        129,
        231,
        189,
        145,
        233,
        147,
        182,
        227,
        128,
        129,
        230,
        137,
        139,
        230,
        156,
        186,
        233,
        147,
        182,
        232,
        161,
        140,
        227,
        128,
        129,
        230,
        159,
        156,
        233,
        157,
        162,
        230,
        147,
        141,
        228,
        189,
        156,
        239,
        188,
        140,
        228,
        184,
        141,
        230,
        148,
        175,
        230,
        140,
        129,
        230,
        148,
        175,
        228,
        187,
        152,
        229,
        174,
        157,
        227,
        128,
        129,
        229,
        190,
        174,
        228,
        191,
        161,
        227,
        128,
        129,
        65,
        84,
        77,
        227,
        128,
        129,
        231,
        142,
        176,
        233,
        135,
        145,
        232,
        189,
        172,
        232,
        180,
        166,
        227,
        128,
        130,
        60,
        47,
        108,
        105,
        62,
        10,
        32,
        32,
        32,
        32,
        32,
        32,
        32,
        32,
        32,
        32,
        32,
        32,
        32,
        32,
        32,
        32,
        32,
        32,
        32,
        32,
        32,
        32,
        32,
        32,
        60,
        108,
        105,
        62,
        51,
        46,
        32,
        228,
        187,
        133,
        230,
        148,
        175,
        230,
        140,
        129,
        228,
        189,
        191,
        231,
        148,
        168,
        230,
        130,
        168,
        229,
        183,
        178,
        231,
        187,
        145,
        229,
        174,
        154,
        233,
        147,
        182,
        232,
        161,
        140,
        229,
        173,
        152,
        231,
        174,
        161,
        230,
        136,
        183,
        231,
        154,
        132,
        233,
        147,
        182,
        232,
        161,
        140,
        229,
        141,
        161,
        230,
        147,
        141,
        228,
        189,
        156,
        239,
        188,
        140,
        232,
        139,
        165,
        233,
        156,
        128,
        228,
        187,
        142,
        230,
        156,
        172,
        228,
        186,
        186,
        229,
        133,
        182,
        228,
        187,
        150,
        233,
        147,
        182,
        232,
        161,
        140,
        229,
        141,
        161,
        232,
        189,
        172,
        232,
        180,
        166,
        239,
        188,
        140,
        232,
        175,
        183,
        229,
        133,
        136,
        230,
        155,
        180,
        230,
        141,
        162,
        231,
        187,
        145,
        229,
        174,
        154,
        233,
        147,
        182,
        232,
        161,
        140,
        229,
        141,
        161,
        227,
        128,
        130,
        60,
        47,
        108,
        105,
        62,
        10,
        32,
        32,
        32,
        32,
        32,
        32,
        32,
        32,
        32,
        32,
        32,
        32,
        32,
        32,
        32,
        32,
        32,
        32,
        32,
        32,
        32,
        32,
        32,
        32,
        60,
        108,
        105,
        62,
        52,
        46,
        32,
        231,
        186,
        191,
        228,
        184,
        139,
        229,
        133,
        133,
        229,
        128,
        188,
        233,
        157,
        158,
        229,
        174,
        158,
        230,
        151,
        182,
        229,
        136,
        176,
        232,
        180,
        166,
        239,
        188,
        154,
        233,
        147,
        182,
        232,
        161,
        140,
        230,
        160,
        184,
        229,
        175,
        185,
        232,
        189,
        172,
        229,
        133,
        165,
        232,
        180,
        166,
        230,
        136,
        183,
        230,
        136,
        144,
        229,
        138,
        159,
        228,
        185,
        139,
        229,
        144,
        142,
        239,
        188,
        140,
        233,
        146,
        177,
        230,
        172,
        190,
        229,
        176,
        134,
        228,
        186,
        142,
        228,
        184,
        128,
        228,
        184,
        170,
        229,
        183,
        165,
        228,
        189,
        156,
        230,
        151,
        165,
        229,
        134,
        133,
        228,
        187,
        142,
        230,
        150,
        176,
        230,
        150,
        176,
        232,
        180,
        183,
        229,
        173,
        152,
        230,
        172,
        190,
        232,
        180,
        166,
        230,
        136,
        183,
        232,
        189,
        172,
        229,
        133,
        165,
        230,
        130,
        168,
        229,
        156,
        168,
        229,
        141,
        142,
        231,
        145,
        158,
        233,
        147,
        182,
        232,
        161,
        140,
        229,
        188,
        128,
        232,
        174,
        190,
        231,
        154,
        132,
        228,
        184,
        170,
        228,
        186,
        186,
        229,
        173,
        152,
        231,
        174,
        161,
        232,
        180,
        166,
        230,
        136,
        183,
        228,
        184,
        173,
        227,
        128,
        130,
        60,
        47,
        108,
        105,
        62,
        10,
        32,
        32,
        32,
        32,
        32,
        32,
        32,
        32,
        32,
        32,
        32,
        32,
        32,
        32,
        32,
        32,
        32,
        32,
        32,
        32,
        32,
        32,
        32,
        32,
        60,
        108,
        105,
        62,
        53,
        46,
        32,
        229,
        133,
        133,
        229,
        128,
        188,
        232,
        191,
        135,
        231,
        168,
        139,
        228,
        184,
        173,
        230,
        148,
        182,
        229,
        143,
        150,
        232,
        189,
        172,
        232,
        180,
        166,
        232,
        180,
        185,
        231,
        148,
        168,
        228,
        187,
        165,
        233,
        147,
        182,
        232,
        161,
        140,
        232,
        167,
        132,
        229,
        174,
        154,
        228,
        184,
        186,
        229,
        135,
        134,
        239,
        188,
        140,
        230,
        150,
        176,
        230,
        150,
        176,
        232,
        180,
        183,
        228,
        184,
        141,
        230,
        148,
        182,
        229,
        143,
        150,
        228,
        187,
        187,
        228,
        189,
        149,
        229,
        133,
        182,
        228,
        187,
        150,
        232,
        180,
        185,
        231,
        148,
        168,
        227,
        128,
        130,
        60,
        47,
        108,
        105,
        62,
        10,
        32,
        32,
        32,
        32,
        32,
        32,
        32,
        32,
        32,
        32,
        32,
        32,
        32,
        32,
        32,
        32,
        32,
        32,
        32,
        32,
        32,
        32,
        32,
        32,
        60,
        108,
        105,
        62,
        54,
        46,
        32,
        229,
        166,
        130,
        230,
        158,
        156,
        229,
        133,
        133,
        229,
        128,
        188,
        229,
        164,
        177,
        232,
        180,
        165,
        239,
        188,
        140,
        233,
        146,
        177,
        230,
        172,
        190,
        229,
        176,
        134,
        229,
        156,
        168,
        49,
        48,
        228,
        184,
        170,
        229,
        183,
        165,
        228,
        189,
        156,
        230,
        151,
        165,
        229,
        134,
        133,
        233,
        128,
        128,
        229,
        155,
        158,
        230,
        130,
        168,
        229,
        133,
        133,
        229,
        128,
        188,
        231,
        154,
        132,
        233,
        147,
        182,
        232,
        161,
        140,
        229,
        141,
        161,
        227,
        128,
        130,
        60,
        47,
        108,
        105,
        62,
        10,
        32,
        32,
        32,
        32,
        32,
        32,
        32,
        32,
        32,
        32,
        32,
        32,
        32,
        32,
        32,
        32,
        32,
        32,
        32,
        32,
        32,
        32,
        32,
        32,
        60,
        108,
        105,
        62,
        55,
        46,
        32,
        231,
        186,
        191,
        228,
        184,
        139,
        229,
        133,
        133,
        229,
        128,
        188,
        229,
        166,
        130,
        233,
        129,
        135,
        229,
        136,
        176,
        233,
        151,
        174,
        233,
        162,
        152,
        239,
        188,
        140,
        232,
        175,
        183,
        232,
        129,
        148,
        231,
        179,
        187,
        229,
        174,
        162,
        230,
        156,
        141,
        239,
        188,
        154,
        52,
        48,
        48,
        48,
        45,
        49,
        54,
        57,
        45,
        53,
        50,
        49,
        239,
        188,
        136,
        229,
        183,
        165,
        228,
        189,
        156,
        230,
        151,
        165,
        57,
        239,
        188,
        154,
        48,
        48,
        45,
        49,
        56,
        239,
        188,
        154,
        48,
        48,
        239,
        188,
        137,
        227,
        128,
        130,
        60,
        47,
        108,
        105,
        62,
        10,
        32,
        32,
        32,
        32,
        32,
        32,
        32,
        32,
        32,
        32,
        32,
        32,
        32,
        32,
        32,
        32,
        32,
        32,
        32,
        32,
        60,
        47,
        117,
        108,
        62,
        10,
        32,
        32,
        32,
        32,
        32,
        32,
        32,
        32,
        32,
        32,
        32,
        32,
        32,
        32,
        32,
        32,
        60,
        47,
        100,
        105,
        118,
        62,
        10,
        32,
        32,
        32,
        32,
        32,
        32,
        32,
        32,
        32,
        32,
        32,
        32,
        32,
        32,
        32,
        32,
        60,
        100,
        105,
        118,
        32,
        99,
        108,
        97,
        115,
        115,
        61,
        34,
        114,
        101,
        109,
        105,
        110,
        100,
        101,
        114,
        45,
        119,
        114,
        97,
        112,
        112,
        101,
        114,
        34,
        62,
        10,
        32,
        32,
        32,
        32,
        32,
        32,
        32,
        32,
        32,
        32,
        32,
        32,
        32,
        32,
        32,
        32,
        32,
        32,
        32,
        32,
        60,
        112,
        32,
        99,
        108,
        97,
        115,
        115,
        61,
        34,
        99,
        111,
        110,
        116,
        101,
        110,
        116,
        45,
        116,
        105,
        116,
        34,
        62,
        60,
        115,
        112,
        97,
        110,
        32,
        99,
        108,
        97,
        115,
        115,
        61,
        34,
        98,
        111,
        108,
        100,
        45,
        108,
        105,
        110,
        101,
        34,
        62,
        60,
        47,
        115,
        112,
        97,
        110,
        62,
        230,
        184,
        169,
        233,
        166,
        168,
        230,
        143,
        144,
        231,
        164,
        186,
        60,
        47,
        112,
        62,
        10,
        32,
        32,
        32,
        32,
        32,
        32,
        32,
        32,
        32,
        32,
        32,
        32,
        32,
        32,
        32,
        32,
        32,
        32,
        32,
        32,
        60,
        117,
        108,
        32,
        99,
        108,
        97,
        115,
        115,
        61,
        34,
        112,
        97,
        100,
        100,
        105,
        110,
        103,
        45,
        51,
        49,
        34,
        62,
        10,
        32,
        32,
        32,
        32,
        32,
        32,
        32,
        32,
        32,
        32,
        32,
        32,
        32,
        32,
        32,
        32,
        32,
        32,
        32,
        32,
        32,
        32,
        32,
        32,
        60,
        108,
        105,
        62,
        49,
        46,
        32,
        230,
        150,
        176,
        230,
        150,
        176,
        232,
        180,
        183,
        228,
        189,
        191,
        231,
        148,
        168,
        231,
        154,
        132,
        230,
        152,
        175,
        233,
        147,
        182,
        232,
        161,
        140,
        232,
        181,
        132,
        233,
        135,
        145,
        229,
        173,
        152,
        231,
        174,
        161,
        230,
        168,
        161,
        229,
        188,
        143,
        239,
        188,
        140,
        231,
        189,
        145,
        232,
        180,
        183,
        229,
        174,
        162,
        230,
        136,
        183,
        228,
        186,
        164,
        230,
        152,
        147,
        231,
        187,
        147,
        231,
        174,
        151,
        232,
        181,
        132,
        233,
        135,
        145,
        232,
        180,
        166,
        230,
        136,
        183,
        230,
        152,
        175,
        229,
        174,
        140,
        229,
        133,
        168,
        229,
        177,
        158,
        228,
        186,
        142,
        230,
        130,
        168,
        228,
        184,
        170,
        228,
        186,
        186,
        231,
        154,
        132,
        231,
        139,
        172,
        231,
        171,
        139,
        232,
        180,
        166,
        230,
        136,
        183,
        239,
        188,
        140,
        229,
        174,
        158,
        231,
        142,
        176,
        229,
        174,
        140,
        229,
        133,
        168,
        231,
        154,
        132,
        232,
        181,
        132,
        233,
        135,
        145,
        233,
        154,
        148,
        231,
        166,
        187,
        239,
        188,
        140,
        230,
        150,
        176,
        230,
        150,
        176,
        232,
        180,
        183,
        228,
        188,
        154,
        230,
        160,
        185,
        230,
        141,
        174,
        230,
        130,
        168,
        231,
        154,
        132,
        230,
        142,
        136,
        230,
        157,
        131,
        229,
        136,
        146,
        230,
        139,
        168,
        231,
        187,
        153,
        229,
        128,
        159,
        230,
        172,
        190,
        228,
        186,
        186,
        239,
        188,
        140,
        233,
        153,
        164,
        230,
        173,
        164,
        228,
        185,
        139,
        229,
        164,
        150,
        230,
        151,
        160,
        230,
        157,
        131,
        229,
        138,
        168,
        231,
        148,
        168,
        227,
        128,
        130,
        60,
        47,
        108,
        105,
        62,
        10,
        32,
        32,
        32,
        32,
        32,
        32,
        32,
        32,
        32,
        32,
        32,
        32,
        32,
        32,
        32,
        32,
        32,
        32,
        32,
        32,
        32,
        32,
        32,
        32,
        60,
        108,
        105,
        62,
        50,
        46,
        32,
        228,
        184,
        165,
        231,
        166,
        129,
        230,
        180,
        151,
        233,
        146,
        177,
        239,
        188,
        140,
        228,
        191,
        161,
        231,
        148,
        168,
        229,
        141,
        161,
        229,
        165,
        151,
        231,
        142,
        176,
        239,
        188,
        140,
        228,
        184,
        128,
        231,
        187,
        143,
        229,
        143,
        145,
        231,
        142,
        176,
        229,
        176,
        134,
        228,
        186,
        136,
        228,
        187,
        165,
        229,
        164,
        132,
        231,
        189,
        154,
        239,
        188,
        140,
        229,
        140,
        133,
        230,
        139,
        172,
        228,
        189,
        134,
        228,
        184,
        141,
        233,
        153,
        144,
        228,
        186,
        142,
        239,
        188,
        154,
        229,
        134,
        187,
        231,
        187,
        147,
        232,
        180,
        166,
        230,
        136,
        183,
        239,
        188,
        140,
        230,
        176,
        184,
        228,
        185,
        133,
        229,
        129,
        156,
        230,
        173,
        162,
        230,
        156,
        141,
        229,
        138,
        161,
        239,
        188,
        140,
        229,
        185,
        182,
        229,
        143,
        175,
        232,
        131,
        189,
        229,
        189,
        177,
        229,
        147,
        141,
        233,
        147,
        182,
        232,
        161,
        140,
        229,
        190,
        129,
        228,
        191,
        161,
        232,
        174,
        176,
        229,
        189,
        149,
        227,
        128,
        130,
        60,
        47,
        108,
        105,
        62,
        10,
        32,
        32,
        32,
        32,
        32,
        32,
        32,
        32,
        32,
        32,
        32,
        32,
        32,
        32,
        32,
        32,
        32,
        32,
        32,
        32,
        60,
        47,
        117,
        108,
        62,
        10,
        32,
        32,
        32,
        32,
        32,
        32,
        32,
        32,
        32,
        32,
        32,
        32,
        32,
        32,
        32,
        32,
        60,
        47,
        100,
        105,
        118,
        62,
        10,
        10,
        32,
        32,
        32,
        32,
        32,
        32,
        32,
        32,
        32,
        32,
        32,
        32,
        60,
        47,
        100,
        105,
        118,
        62,
        10,
        32,
        32,
        32,
        32,
        32,
        32,
        32,
        32,
        32,
        32,
        32,
        32,
        60,
        33,
        45,
        45,
        231,
        186,
        191,
        228,
        184,
        139,
        229,
        133,
        133,
        229,
        128,
        188,
        45,
        45,
        62,
        10,
        32,
        32,
        32,
        32,
        32,
        32,
        32,
        32,
        60,
        47,
        100,
        105,
        118,
        62,
        10,
        32,
        32,
        32,
        32,
        60,
        47,
        100,
        105,
        118,
        62,
        10,
        10,
        60,
        47,
        100,
        105,
        118,
        62,
        10,
        60,
        47,
        98,
        111,
        100,
        121,
        62,
        10,
        60,
        47,
        104,
        116,
        109,
        108,
        62
      ]
    },
    "stat": {
      "dev": 16777220,
      "mode": 33188,
      "nlink": 1,
      "uid": 501,
      "gid": 20,
      "rdev": 0,
      "blksize": 4194304,
      "ino": 2088837,
      "size": 6862,
      "blocks": 16,
      "atime": "2018-04-17T07:59:11.782Z",
      "mtime": "2018-03-22T08:50:41.053Z",
      "ctime": "2018-03-22T08:50:41.053Z",
      "birthtime": "2018-03-22T08:50:41.053Z"
    },
    "history": [
      "/Users/jiangheng/Desktop/work-code/xxd-h5/src/mods/recharge/index.html"
    ],
    "path": "/Users/jiangheng/Desktop/work-code/xxd-h5/src/mods/recharge/index.html",
    "gulpCache$filePathChangedInsideTask": false,
    "gulpCache$fileBaseChangedInsideTask": false,
    "gulpCache$originalPath": "/Users/jiangheng/Desktop/work-code/xxd-h5/src/mods/recharge/index.html",
    "gulpCache$originalBase": "/Users/jiangheng/Desktop/work-code/xxd-h5/src/mods/"
  }
]