[
  {
    "cwd": "/Users/jiangheng/Desktop/work-code/xxd-h5",
    "base": "/Users/jiangheng/Desktop/work-code/xxd-h5/src/mods/",
    "contents": {
      "type": "Buffer",
      "data": [
        137,
        80,
        78,
        71,
        13,
        10,
        26,
        10,
        0,
        0,
        0,
        13,
        73,
        72,
        68,
        82,
        0,
        0,
        0,
        36,
        0,
        0,
        0,
        36,
        8,
        6,
        0,
        0,
        0,
        225,
        0,
        152,
        152,
        0,
        0,
        3,
        57,
        73,
        68,
        65,
        84,
        120,
        218,
        188,
        152,
        89,
        104,
        20,
        65,
        16,
        134,
        103,
        199,
        53,
        98,
        18,
        73,
        188,
        149,
        248,
        16,
        136,
        7,
        17,
        149,
        136,
        134,
        160,
        134,
        136,
        176,
        198,
        23,
        15,
        140,
        10,
        30,
        65,
        241,
        66,
        65,
        197,
        7,
        89,
        209,
        135,
        40,
        10,
        30,
        9,
        248,
        228,
        163,
        138,
        17,
        197,
        11,
        130,
        18,
        2,
        26,
        5,
        79,
        208,
        136,
        174,
        7,
        40,
        120,
        6,
        79,
        116,
        227,
        149,
        96,
        214,
        35,
        26,
        245,
        47,
        249,
        7,
        218,
        97,
        119,
        50,
        211,
        51,
        73,
        193,
        71,
        247,
        244,
        246,
        14,
        255,
        86,
        117,
        119,
        85,
        111,
        168,
        53,
        218,
        221,
        8,
        216,
        134,
        128,
        185,
        160,
        24,
        12,
        5,
        217,
        224,
        11,
        120,
        7,
        238,
        129,
        51,
        224,
        34,
        248,
        45,
        147,
        51,
        170,
        218,
        254,
        251,
        114,
        56,
        64,
        33,
        57,
        96,
        55,
        88,
        0,
        186,
        37,
        249,
        124,
        20,
        136,
        128,
        13,
        224,
        41,
        168,
        0,
        199,
        237,
        147,
        66,
        1,
        121,
        104,
        22,
        168,
        166,
        55,
        196,
        254,
        128,
        107,
        224,
        58,
        120,
        11,
        50,
        193,
        72,
        80,
        10,
        122,
        43,
        223,
        59,
        1,
        150,
        194,
        75,
        223,
        130,
        20,
        36,
        30,
        57,
        2,
        76,
        134,
        97,
        63,
        216,
        9,
        94,
        36,
        153,
        219,
        3,
        44,
        6,
        219,
        193,
        32,
        142,
        157,
        7,
        211,
        33,
        234,
        95,
        236,
        76,
        159,
        98,
        38,
        130,
        67,
        124,
        79,
        156,
        235,
        102,
        85,
        10,
        49,
        98,
        63,
        192,
        62,
        144,
        15,
        106,
        57,
        54,
        21,
        236,
        177,
        38,
        248,
        17,
        148,
        70,
        49,
        226,
        226,
        79,
        160,
        132,
        33,
        74,
        101,
        18,
        170,
        2,
        89,
        199,
        160,
        25,
        148,
        129,
        147,
        252,
        108,
        109,
        98,
        99,
        90,
        177,
        95,
        65,
        43,
        185,
        139,
        196,
        214,
        129,
        199,
        14,
        115,
        183,
        128,
        38,
        112,
        135,
        107,
        106,
        62,
        104,
        151,
        245,
        3,
        158,
        113,
        206,
        14,
        191,
        107,
        232,
        1,
        23,
        106,
        3,
        152,
        224,
        48,
        79,
        66,
        114,
        206,
        54,
        214,
        198,
        176,
        53,
        82,
        220,
        49,
        142,
        143,
        209,
        245,
        80,
        30,
        197,
        24,
        92,
        19,
        78,
        86,
        154,
        34,
        220,
        17,
        246,
        107,
        192,
        103,
        246,
        103,
        235,
        10,
        42,
        84,
        250,
        151,
        58,
        152,
        219,
        146,
        98,
        252,
        3,
        15,
        198,
        159,
        244,
        178,
        88,
        145,
        174,
        160,
        193,
        74,
        191,
        177,
        131,
        185,
        7,
        21,
        15,
        88,
        38,
        107,
        169,
        78,
        121,
        126,
        206,
        54,
        87,
        87,
        80,
        6,
        219,
        132,
        139,
        185,
        111,
        184,
        198,
        142,
        130,
        24,
        216,
        203,
        112,
        169,
        57,
        227,
        151,
        245,
        94,
        221,
        212,
        17,
        87,
        132,
        245,
        225,
        182,
        119,
        178,
        71,
        96,
        145,
        195,
        231,
        253,
        217,
        126,
        212,
        245,
        208,
        125,
        165,
        63,
        54,
        128,
        212,
        51,
        142,
        237,
        19,
        93,
        65,
        119,
        149,
        254,
        60,
        63,
        74,
        112,
        32,
        142,
        64,
        51,
        140,
        143,
        151,
        117,
        5,
        229,
        40,
        253,
        25,
        62,
        189,
        19,
        101,
        43,
        187,
        173,
        70,
        71,
        144,
        196,
        251,
        148,
        242,
        124,
        192,
        135,
        152,
        41,
        96,
        25,
        251,
        213,
        56,
        2,
        154,
        76,
        13,
        49,
        23,
        88,
        219,
        136,
        85,
        50,
        45,
        232,
        88,
        62,
        115,
        89,
        136,
        103,
        82,
        133,
        215,
        92,
        150,
        76,
        204,
        38,
        77,
        49,
        229,
        76,
        196,
        253,
        24,
        170,
        114,
        120,
        39,
        238,
        69,
        144,
        91,
        49,
        81,
        150,
        30,
        149,
        220,
        125,
        106,
        229,
        152,
        11,
        86,
        128,
        219,
        224,
        48,
        200,
        2,
        223,
        193,
        66,
        136,
        169,
        247,
        82,
        160,
        185,
        21,
        35,
        99,
        187,
        146,
        212,
        63,
        146,
        58,
        122,
        129,
        158,
        73,
        146,
        243,
        18,
        136,
        137,
        169,
        131,
        102,
        64,
        98,
        54,
        43,
        98,
        218,
        25,
        6,
        171,
        66,
        28,
        96,
        19,
        115,
        139,
        101,
        71,
        1,
        79,
        110,
        215,
        69,
        190,
        91,
        49,
        235,
        89,
        178,
        90,
        57,
        106,
        38,
        107,
        159,
        34,
        41,
        39,
        248,
        158,
        175,
        204,
        121,
        55,
        192,
        43,
        39,
        15,
        132,
        125,
        138,
        201,
        178,
        10,
        43,
        94,
        115,
        166,
        129,
        247,
        124,
        190,
        74,
        60,
        153,
        233,
        115,
        55,
        21,
        42,
        137,
        118,
        155,
        34,
        70,
        219,
        76,
        159,
        91,
        59,
        91,
        233,
        215,
        5,
        113,
        159,
        10,
        107,
        136,
        145,
        31,
        49,
        144,
        68,
        148,
        241,
        214,
        32,
        5,
        185,
        21,
        51,
        28,
        212,
        243,
        76,
        177,
        111,
        239,
        68,
        16,
        130,
        228,
        215,
        246,
        245,
        16,
        166,
        53,
        73,
        196,
        200,
        45,
        117,
        171,
        178,
        213,
        125,
        123,
        168,
        202,
        195,
        154,
        201,
        99,
        43,
        231,
        199,
        106,
        86,
        122,
        47,
        93,
        20,
        104,
        158,
        4,
        149,
        176,
        127,
        218,
        69,
        110,
        202,
        100,
        251,
        154,
        7,
        92,
        224,
        22,
        230,
        205,
        211,
        224,
        63,
        18,
        118,
        155,
        3,
        150,
        131,
        116,
        158,
        186,
        227,
        57,
        222,
        108,
        116,
        146,
        169,
        187,
        44,
        225,
        34,
        55,
        89,
        86,
        219,
        153,
        130,
        44,
        33,
        101,
        92,
        228,
        146,
        161,
        39,
        131,
        73,
        74,
        110,
        106,
        160,
        7,
        101,
        55,
        157,
        181,
        21,
        104,
        129,
        11,
        186,
        194,
        91,
        232,
        104,
        162,
        90,
        140,
        181,
        203,
        67,
        163,
        139,
        44,
        204,
        208,
        132,
        184,
        184,
        211,
        149,
        123,
        210,
        77,
        238,
        164,
        22,
        163,
        11,
        237,
        175,
        0,
        3,
        0,
        28,
        231,
        202,
        149,
        229,
        16,
        110,
        194,
        0,
        0,
        0,
        0,
        73,
        69,
        78,
        68,
        174,
        66,
        96,
        130
      ]
    },
    "stat": {
      "dev": 16777220,
      "mode": 33188,
      "nlink": 1,
      "uid": 501,
      "gid": 20,
      "rdev": 0,
      "blksize": 4194304,
      "ino": 2088790,
      "size": 1739,
      "blocks": 8,
      "atime": "2018-04-17T07:59:11.795Z",
      "mtime": "2018-03-22T08:50:41.043Z",
      "ctime": "2018-03-22T08:50:41.043Z",
      "birthtime": "2018-03-22T08:50:41.043Z"
    },
    "history": [
      "/Users/jiangheng/Desktop/work-code/xxd-h5/src/mods/personal/imgs/key_icon@3x.png"
    ],
    "path": "/Users/jiangheng/Desktop/work-code/xxd-h5/src/mods/personal/imgs/key_icon@3x.png",
    "gulpCache$filePathChangedInsideTask": false,
    "gulpCache$fileBaseChangedInsideTask": false,
    "gulpCache$originalPath": "/Users/jiangheng/Desktop/work-code/xxd-h5/src/mods/personal/imgs/key_icon@3x.png",
    "gulpCache$originalBase": "/Users/jiangheng/Desktop/work-code/xxd-h5/src/mods/"
  }
]