[
  {
    "cwd": "/Users/jiangheng/Desktop/work-code/xxd-h5",
    "base": "/Users/jiangheng/Desktop/work-code/xxd-h5/src/mods/",
    "contents": {
      "type": "Buffer",
      "data": [
        137,
        80,
        78,
        71,
        13,
        10,
        26,
        10,
        0,
        0,
        0,
        13,
        73,
        72,
        68,
        82,
        0,
        0,
        2,
        178,
        0,
        0,
        1,
        140,
        8,
        3,
        0,
        0,
        0,
        17,
        63,
        177,
        242,
        0,
        0,
        1,
        212,
        80,
        76,
        84,
        69,
        255,
        255,
        255,
        255,
        255,
        255,
        255,
        255,
        255,
        255,
        255,
        255,
        255,
        255,
        255,
        255,
        255,
        255,
        255,
        255,
        255,
        255,
        255,
        255,
        255,
        255,
        255,
        255,
        255,
        255,
        230,
        246,
        255,
        230,
        255,
        252,
        231,
        247,
        255,
        231,
        255,
        252,
        232,
        247,
        255,
        232,
        255,
        252,
        233,
        247,
        255,
        233,
        255,
        252,
        234,
        248,
        255,
        234,
        255,
        252,
        235,
        248,
        255,
        235,
        255,
        252,
        236,
        248,
        255,
        236,
        249,
        255,
        236,
        255,
        253,
        237,
        249,
        255,
        237,
        255,
        253,
        238,
        249,
        255,
        238,
        255,
        253,
        239,
        249,
        255,
        239,
        250,
        255,
        239,
        255,
        253,
        240,
        250,
        255,
        240,
        255,
        253,
        241,
        250,
        255,
        241,
        255,
        253,
        242,
        250,
        255,
        242,
        251,
        255,
        242,
        255,
        253,
        243,
        251,
        255,
        243,
        255,
        230,
        243,
        255,
        231,
        243,
        255,
        253,
        243,
        255,
        254,
        244,
        251,
        255,
        244,
        255,
        231,
        244,
        255,
        232,
        244,
        255,
        233,
        244,
        255,
        254,
        245,
        251,
        255,
        245,
        252,
        255,
        245,
        255,
        234,
        245,
        255,
        235,
        245,
        255,
        254,
        246,
        252,
        255,
        246,
        255,
        236,
        246,
        255,
        237,
        246,
        255,
        254,
        247,
        252,
        255,
        247,
        255,
        238,
        247,
        255,
        239,
        247,
        255,
        254,
        248,
        252,
        255,
        248,
        253,
        255,
        248,
        255,
        240,
        248,
        255,
        241,
        248,
        255,
        242,
        248,
        255,
        254,
        249,
        253,
        255,
        249,
        255,
        242,
        249,
        255,
        243,
        249,
        255,
        244,
        249,
        255,
        254,
        250,
        253,
        255,
        250,
        255,
        244,
        250,
        255,
        245,
        250,
        255,
        246,
        250,
        255,
        254,
        251,
        254,
        255,
        251,
        255,
        246,
        251,
        255,
        247,
        251,
        255,
        248,
        251,
        255,
        254,
        251,
        255,
        255,
        252,
        254,
        255,
        252,
        255,
        248,
        252,
        255,
        249,
        252,
        255,
        250,
        252,
        255,
        255,
        253,
        254,
        255,
        253,
        255,
        250,
        253,
        255,
        251,
        253,
        255,
        252,
        253,
        255,
        255,
        254,
        255,
        252,
        254,
        255,
        253,
        254,
        255,
        254,
        254,
        255,
        255,
        255,
        226,
        226,
        255,
        227,
        227,
        255,
        228,
        228,
        255,
        229,
        229,
        255,
        230,
        230,
        255,
        231,
        231,
        255,
        232,
        232,
        255,
        233,
        233,
        255,
        234,
        234,
        255,
        235,
        235,
        255,
        236,
        236,
        255,
        237,
        237,
        255,
        238,
        238,
        255,
        239,
        239,
        255,
        240,
        240,
        255,
        241,
        241,
        255,
        242,
        242,
        255,
        243,
        243,
        255,
        244,
        244,
        255,
        245,
        245,
        255,
        246,
        246,
        255,
        247,
        247,
        255,
        248,
        248,
        255,
        249,
        249,
        255,
        250,
        230,
        255,
        250,
        250,
        255,
        251,
        230,
        255,
        251,
        231,
        255,
        251,
        232,
        255,
        251,
        233,
        255,
        251,
        234,
        255,
        251,
        235,
        255,
        251,
        251,
        255,
        252,
        236,
        255,
        252,
        237,
        255,
        252,
        238,
        255,
        252,
        239,
        255,
        252,
        240,
        255,
        252,
        241,
        255,
        252,
        252,
        255,
        253,
        241,
        255,
        253,
        242,
        255,
        253,
        243,
        255,
        253,
        244,
        255,
        253,
        245,
        255,
        253,
        246,
        255,
        253,
        253,
        255,
        254,
        247,
        255,
        254,
        248,
        255,
        254,
        249,
        255,
        254,
        250,
        255,
        254,
        251,
        255,
        254,
        252,
        255,
        254,
        254,
        255,
        255,
        252,
        255,
        255,
        253,
        255,
        255,
        254,
        255,
        255,
        255,
        107,
        22,
        83,
        27,
        0,
        0,
        0,
        10,
        116,
        82,
        78,
        83,
        0,
        76,
        77,
        78,
        79,
        132,
        190,
        242,
        243,
        244,
        153,
        110,
        133,
        228,
        0,
        0,
        11,
        170,
        73,
        68,
        65,
        84,
        120,
        218,
        237,
        221,
        7,
        179,
        22,
        229,
        25,
        199,
        225,
        163,
        137,
        168,
        187,
        216,
        80,
        81,
        172,
        136,
        34,
        171,
        193,
        134,
        13,
        187,
        198,
        18,
        75,
        196,
        196,
        22,
        145,
        32,
        158,
        197,
        222,
        107,
        212,
        85,
        20,
        21,
        108,
        216,
        21,
        203,
        217,
        47,
        155,
        119,
        77,
        206,
        9,
        40,
        50,
        167,
        60,
        187,
        123,
        63,
        153,
        235,
        250,
        2,
        239,
        204,
        206,
        111,
        206,
        204,
        187,
        115,
        254,
        247,
        59,
        53,
        53,
        117,
        232,
        178,
        35,
        218,
        152,
        238,
        61,
        170,
        44,
        175,
        107,
        9,
        108,
        119,
        211,
        188,
        63,
        220,
        167,
        29,
        177,
        236,
        144,
        169,
        137,
        195,
        226,
        62,
        143,
        83,
        202,
        242,
        100,
        85,
        68,
        246,
        93,
        211,
        52,
        223,
        13,
        250,
        137,
        135,
        77,
        77,
        29,
        18,
        247,
        121,
        220,
        92,
        150,
        229,
        221,
        178,
        136,
        108,
        103,
        211,
        124,
        52,
        240,
        71,
        30,
        58,
        181,
        44,
        236,
        227,
        152,
        62,
        190,
        44,
        207,
        82,
        69,
        100,
        95,
        54,
        205,
        142,
        159,
        6,
        254,
        204,
        101,
        83,
        135,
        135,
        125,
        30,
        23,
        151,
        229,
        81,
        91,
        101,
        17,
        216,
        207,
        239,
        54,
        205,
        231,
        67,
        127,
        232,
        225,
        83,
        97,
        159,
        199,
        214,
        201,
        119,
        175,
        139,
        101,
        17,
        217,
        39,
        77,
        243,
        222,
        204,
        224,
        159,
        26,
        55,
        217,
        179,
        202,
        242,
        248,
        105,
        89,
        4,
        182,
        247,
        157,
        166,
        249,
        166,
        149,
        236,
        172,
        187,
        39,
        223,
        189,
        110,
        150,
        69,
        100,
        187,
        154,
        230,
        195,
        86,
        178,
        115,
        78,
        46,
        203,
        83,
        84,
        17,
        217,
        55,
        77,
        243,
        206,
        247,
        146,
        157,
        115,
        221,
        228,
        187,
        215,
        189,
        178,
        8,
        108,
        102,
        103,
        211,
        124,
        220,
        74,
        118,
        214,
        244,
        113,
        101,
        121,
        182,
        44,
        34,
        251,
        162,
        105,
        118,
        252,
        44,
        217,
        57,
        231,
        151,
        229,
        49,
        94,
        112,
        69,
        246,
        243,
        142,
        166,
        249,
        162,
        149,
        236,
        172,
        135,
        142,
        42,
        203,
        203,
        101,
        17,
        217,
        199,
        77,
        179,
        115,
        70,
        178,
        115,
        206,
        44,
        203,
        19,
        85,
        17,
        217,
        247,
        239,
        52,
        205,
        183,
        173,
        100,
        103,
        221,
        94,
        150,
        229,
        237,
        178,
        136,
        236,
        195,
        166,
        217,
        213,
        74,
        118,
        206,
        137,
        101,
        121,
        154,
        42,
        34,
        251,
        106,
        242,
        221,
        107,
        175,
        100,
        231,
        92,
        85,
        150,
        71,
        61,
        36,
        139,
        192,
        102,
        222,
        107,
        154,
        207,
        90,
        201,
        206,
        154,
        62,
        166,
        44,
        207,
        149,
        69,
        100,
        123,
        154,
        230,
        221,
        159,
        37,
        59,
        231,
        220,
        178,
        60,
        206,
        63,
        23,
        68,
        246,
        195,
        142,
        166,
        249,
        178,
        149,
        236,
        172,
        238,
        5,
        215,
        85,
        178,
        136,
        236,
        163,
        65,
        215,
        51,
        241,
        147,
        61,
        205,
        11,
        174,
        224,
        134,
        95,
        207,
        196,
        78,
        214,
        11,
        174,
        240,
        222,
        111,
        154,
        221,
        173,
        100,
        231,
        28,
        95,
        150,
        103,
        170,
        34,
        178,
        110,
        61,
        243,
        131,
        100,
        231,
        92,
        238,
        5,
        87,
        112,
        221,
        122,
        102,
        79,
        43,
        217,
        89,
        91,
        143,
        41,
        203,
        243,
        101,
        17,
        217,
        158,
        81,
        214,
        51,
        113,
        147,
        61,
        219,
        11,
        174,
        224,
        246,
        238,
        104,
        154,
        175,
        90,
        201,
        206,
        186,
        183,
        116,
        30,
        38,
        184,
        221,
        227,
        172,
        103,
        194,
        38,
        235,
        60,
        76,
        116,
        223,
        142,
        180,
        158,
        137,
        154,
        236,
        117,
        206,
        195,
        68,
        55,
        194,
        121,
        152,
        200,
        201,
        58,
        15,
        19,
        222,
        104,
        235,
        153,
        160,
        201,
        58,
        15,
        19,
        221,
        40,
        231,
        97,
        2,
        39,
        235,
        60,
        76,
        120,
        227,
        173,
        103,
        98,
        38,
        235,
        60,
        76,
        116,
        35,
        157,
        135,
        9,
        155,
        172,
        243,
        48,
        225,
        237,
        26,
        111,
        61,
        19,
        50,
        89,
        231,
        97,
        162,
        235,
        206,
        195,
        236,
        149,
        236,
        156,
        110,
        61,
        115,
        159,
        44,
        2,
        235,
        214,
        51,
        159,
        180,
        146,
        157,
        229,
        60,
        76,
        120,
        159,
        143,
        185,
        158,
        9,
        152,
        236,
        185,
        206,
        195,
        4,
        55,
        222,
        121,
        152,
        152,
        201,
        58,
        15,
        19,
        222,
        71,
        77,
        179,
        179,
        149,
        236,
        28,
        231,
        97,
        162,
        27,
        241,
        60,
        76,
        200,
        100,
        173,
        103,
        194,
        27,
        121,
        61,
        19,
        46,
        89,
        231,
        97,
        162,
        27,
        243,
        60,
        76,
        196,
        100,
        173,
        103,
        162,
        235,
        94,
        112,
        237,
        105,
        37,
        59,
        107,
        171,
        243,
        48,
        209,
        237,
        9,
        242,
        130,
        43,
        74,
        178,
        206,
        195,
        68,
        55,
        238,
        121,
        152,
        120,
        201,
        222,
        231,
        60,
        76,
        116,
        187,
        71,
        61,
        15,
        19,
        47,
        217,
        211,
        172,
        103,
        130,
        27,
        249,
        60,
        76,
        184,
        100,
        253,
        184,
        114,
        120,
        239,
        143,
        191,
        158,
        9,
        149,
        172,
        243,
        48,
        209,
        141,
        125,
        30,
        38,
        90,
        178,
        214,
        51,
        209,
        141,
        126,
        30,
        38,
        88,
        178,
        221,
        11,
        174,
        63,
        201,
        34,
        178,
        207,
        198,
        62,
        15,
        19,
        44,
        89,
        235,
        153,
        232,
        198,
        63,
        15,
        19,
        43,
        89,
        231,
        97,
        194,
        219,
        53,
        250,
        121,
        152,
        88,
        201,
        158,
        98,
        61,
        19,
        92,
        128,
        243,
        48,
        161,
        146,
        237,
        206,
        195,
        248,
        113,
        229,
        200,
        70,
        251,
        113,
        229,
        160,
        201,
        90,
        207,
        132,
        23,
        225,
        60,
        76,
        164,
        100,
        253,
        184,
        114,
        116,
        97,
        214,
        51,
        65,
        146,
        117,
        30,
        38,
        188,
        16,
        231,
        97,
        2,
        37,
        123,
        102,
        89,
        30,
        175,
        138,
        200,
        226,
        172,
        103,
        98,
        36,
        235,
        60,
        76,
        120,
        31,
        134,
        56,
        15,
        19,
        39,
        89,
        235,
        153,
        232,
        130,
        156,
        135,
        9,
        147,
        172,
        243,
        48,
        209,
        69,
        57,
        15,
        19,
        37,
        217,
        238,
        5,
        151,
        245,
        76,
        104,
        159,
        7,
        90,
        207,
        68,
        72,
        214,
        121,
        152,
        232,
        126,
        138,
        180,
        158,
        9,
        144,
        172,
        243,
        48,
        225,
        133,
        57,
        15,
        19,
        36,
        89,
        63,
        174,
        28,
        93,
        172,
        245,
        204,
        248,
        201,
        58,
        15,
        19,
        94,
        156,
        243,
        48,
        49,
        146,
        61,
        209,
        122,
        38,
        184,
        175,
        98,
        173,
        103,
        70,
        79,
        214,
        121,
        152,
        232,
        34,
        157,
        135,
        137,
        144,
        172,
        243,
        48,
        225,
        117,
        231,
        97,
        102,
        36,
        59,
        199,
        143,
        43,
        71,
        247,
        83,
        180,
        245,
        204,
        200,
        201,
        58,
        15,
        19,
        222,
        183,
        145,
        206,
        195,
        4,
        72,
        214,
        143,
        43,
        199,
        247,
        201,
        174,
        189,
        146,
        157,
        227,
        60,
        12,
        121,
        37,
        235,
        199,
        149,
        201,
        44,
        89,
        231,
        97,
        200,
        43,
        89,
        235,
        25,
        50,
        75,
        214,
        121,
        24,
        242,
        74,
        214,
        122,
        134,
        204,
        146,
        245,
        227,
        202,
        228,
        149,
        172,
        243,
        48,
        228,
        149,
        172,
        243,
        48,
        100,
        150,
        172,
        243,
        48,
        228,
        149,
        172,
        245,
        12,
        153,
        37,
        235,
        60,
        12,
        121,
        37,
        107,
        61,
        67,
        102,
        201,
        58,
        15,
        67,
        94,
        201,
        94,
        101,
        61,
        195,
        210,
        61,
        48,
        92,
        178,
        206,
        195,
        144,
        194,
        165,
        195,
        37,
        219,
        157,
        135,
        241,
        207,
        5,
        44,
        209,
        157,
        213,
        96,
        201,
        62,
        100,
        61,
        195,
        210,
        109,
        187,
        112,
        184,
        100,
        111,
        118,
        30,
        134,
        165,
        187,
        177,
        26,
        46,
        217,
        246,
        236,
        83,
        252,
        115,
        1,
        75,
        180,
        165,
        26,
        50,
        89,
        88,
        178,
        141,
        85,
        181,
        81,
        178,
        228,
        227,
        111,
        147,
        63,
        178,
        91,
        36,
        75,
        54,
        102,
        46,
        170,
        170,
        155,
        90,
        201,
        146,
        141,
        219,
        170,
        234,
        194,
        109,
        146,
        37,
        27,
        219,
        46,
        168,
        170,
        59,
        91,
        201,
        146,
        141,
        107,
        171,
        234,
        210,
        86,
        178,
        100,
        227,
        31,
        147,
        239,
        94,
        15,
        72,
        150,
        124,
        92,
        86,
        85,
        215,
        180,
        146,
        37,
        27,
        247,
        84,
        213,
        121,
        91,
        36,
        75,
        54,
        186,
        23,
        92,
        127,
        110,
        37,
        75,
        54,
        110,
        253,
        229,
        5,
        151,
        100,
        201,
        197,
        35,
        231,
        85,
        213,
        93,
        173,
        100,
        201,
        198,
        53,
        85,
        117,
        89,
        43,
        89,
        178,
        241,
        96,
        85,
        85,
        15,
        74,
        150,
        124,
        92,
        86,
        85,
        215,
        182,
        146,
        37,
        27,
        119,
        85,
        213,
        121,
        143,
        72,
        150,
        108,
        108,
        187,
        176,
        170,
        110,
        109,
        37,
        75,
        54,
        110,
        170,
        170,
        139,
        102,
        36,
        75,
        54,
        182,
        156,
        87,
        85,
        247,
        180,
        146,
        37,
        27,
        27,
        171,
        234,
        202,
        86,
        178,
        100,
        227,
        129,
        170,
        170,
        30,
        150,
        44,
        217,
        152,
        185,
        180,
        170,
        110,
        108,
        37,
        75,
        54,
        238,
        172,
        170,
        11,
        182,
        73,
        150,
        108,
        116,
        235,
        153,
        191,
        180,
        146,
        37,
        27,
        55,
        86,
        213,
        165,
        51,
        146,
        37,
        27,
        15,
        79,
        190,
        123,
        253,
        189,
        149,
        44,
        217,
        184,
        178,
        170,
        54,
        182,
        146,
        37,
        27,
        191,
        156,
        135,
        145,
        44,
        217,
        248,
        207,
        121,
        24,
        201,
        146,
        141,
        219,
        230,
        214,
        51,
        146,
        37,
        7,
        251,
        172,
        103,
        36,
        75,
        14,
        254,
        123,
        30,
        70,
        178,
        100,
        98,
        223,
        245,
        140,
        100,
        201,
        192,
        236,
        121,
        24,
        201,
        146,
        135,
        238,
        60,
        204,
        63,
        37,
        75,
        54,
        30,
        189,
        104,
        223,
        245,
        140,
        100,
        9,
        175,
        59,
        15,
        243,
        168,
        100,
        201,
        70,
        247,
        130,
        235,
        175,
        173,
        100,
        201,
        198,
        3,
        255,
        59,
        15,
        35,
        89,
        178,
        112,
        211,
        198,
        45,
        146,
        229,
        255,
        130,
        100,
        145,
        44,
        72,
        22,
        36,
        139,
        100,
        65,
        178,
        32,
        89,
        36,
        11,
        146,
        5,
        201,
        34,
        89,
        144,
        44,
        72,
        22,
        201,
        130,
        100,
        65,
        178,
        72,
        22,
        36,
        11,
        146,
        69,
        178,
        32,
        89,
        144,
        44,
        146,
        5,
        201,
        130,
        100,
        145,
        44,
        72,
        22,
        36,
        139,
        100,
        65,
        178,
        32,
        89,
        144,
        44,
        146,
        5,
        201,
        130,
        100,
        145,
        44,
        72,
        22,
        36,
        139,
        100,
        65,
        178,
        32,
        89,
        36,
        11,
        146,
        5,
        201,
        34,
        89,
        144,
        44,
        72,
        22,
        201,
        130,
        100,
        65,
        178,
        72,
        22,
        36,
        11,
        146,
        69,
        178,
        32,
        89,
        144,
        44,
        146,
        5,
        201,
        130,
        100,
        65,
        178,
        72,
        22,
        36,
        11,
        146,
        69,
        178,
        32,
        89,
        144,
        44,
        146,
        5,
        201,
        130,
        100,
        145,
        44,
        72,
        22,
        36,
        139,
        100,
        65,
        178,
        32,
        89,
        36,
        11,
        146,
        5,
        201,
        34,
        89,
        144,
        44,
        12,
        144,
        236,
        139,
        143,
        189,
        232,
        25,
        145,
        200,
        154,
        229,
        231,
        244,
        158,
        236,
        155,
        117,
        189,
        221,
        147,
        38,
        141,
        91,
        138,
        98,
        121,
        239,
        201,
        62,
        89,
        215,
        207,
        121,
        212,
        164,
        113,
        66,
        81,
        156,
        218,
        119,
        178,
        175,
        78,
        254,
        200,
        126,
        224,
        81,
        147,
        196,
        134,
        201,
        31,
        217,
        251,
        123,
        78,
        246,
        235,
        199,
        235,
        250,
        101,
        143,
        154,
        36,
        54,
        31,
        93,
        20,
        107,
        251,
        254,
        250,
        245,
        98,
        93,
        63,
        241,
        163,
        103,
        77,
        154,
        239,
        94,
        69,
        113,
        236,
        116,
        207,
        201,
        190,
        189,
        189,
        174,
        95,
        247,
        168,
        73,
        98,
        211,
        242,
        162,
        184,
        162,
        237,
        57,
        217,
        103,
        234,
        250,
        105,
        143,
        154,
        52,
        86,
        21,
        197,
        202,
        182,
        231,
        100,
        223,
        168,
        235,
        250,
        45,
        143,
        154,
        36,
        174,
        47,
        138,
        226,
        142,
        158,
        147,
        253,
        241,
        137,
        186,
        126,
        222,
        163,
        38,
        137,
        233,
        21,
        69,
        177,
        186,
        237,
        57,
        217,
        87,
        234,
        250,
        177,
        175,
        61,
        107,
        146,
        88,
        95,
        20,
        203,
        55,
        247,
        156,
        236,
        167,
        143,
        213,
        245,
        43,
        30,
        53,
        73,
        108,
        158,
        124,
        247,
        90,
        223,
        246,
        156,
        236,
        243,
        94,
        112,
        145,
        204,
        234,
        162,
        88,
        49,
        221,
        115,
        178,
        111,
        77,
        190,
        123,
        189,
        225,
        81,
        147,
        196,
        29,
        147,
        239,
        94,
        215,
        183,
        61,
        39,
        251,
        116,
        93,
        63,
        227,
        81,
        147,
        198,
        202,
        162,
        88,
        213,
        246,
        156,
        236,
        235,
        117,
        189,
        253,
        109,
        143,
        154,
        36,
        174,
        152,
        124,
        247,
        218,
        212,
        115,
        178,
        221,
        11,
        46,
        255,
        39,
        75,
        26,
        211,
        199,
        22,
        197,
        154,
        182,
        231,
        100,
        95,
        170,
        235,
        199,
        189,
        224,
        34,
        141,
        181,
        69,
        113,
        244,
        230,
        158,
        147,
        253,
        96,
        123,
        93,
        191,
        234,
        81,
        147,
        196,
        253,
        203,
        139,
        98,
        67,
        219,
        115,
        178,
        207,
        213,
        245,
        147,
        30,
        53,
        105,
        156,
        90,
        20,
        39,
        180,
        61,
        39,
        251,
        102,
        93,
        215,
        111,
        122,
        212,
        36,
        113,
        75,
        81,
        20,
        183,
        244,
        157,
        172,
        245,
        12,
        233,
        36,
        90,
        207,
        28,
        52,
        217,
        215,
        172,
        103,
        72,
        38,
        213,
        122,
        230,
        96,
        201,
        118,
        235,
        153,
        151,
        60,
        106,
        146,
        72,
        182,
        158,
        57,
        88,
        178,
        47,
        214,
        245,
        227,
        254,
        185,
        128,
        52,
        146,
        173,
        103,
        14,
        146,
        172,
        245,
        12,
        233,
        164,
        91,
        207,
        28,
        36,
        217,
        103,
        173,
        103,
        72,
        38,
        221,
        122,
        230,
        247,
        147,
        181,
        158,
        33,
        157,
        132,
        235,
        153,
        223,
        77,
        246,
        199,
        39,
        173,
        103,
        72,
        165,
        91,
        207,
        156,
        209,
        246,
        156,
        108,
        183,
        158,
        249,
        212,
        179,
        38,
        137,
        148,
        235,
        153,
        223,
        75,
        246,
        107,
        235,
        25,
        146,
        233,
        214,
        51,
        235,
        218,
        158,
        147,
        181,
        158,
        33,
        157,
        164,
        235,
        153,
        223,
        73,
        246,
        237,
        201,
        119,
        175,
        127,
        121,
        212,
        36,
        209,
        173,
        103,
        174,
        110,
        123,
        78,
        214,
        122,
        134,
        116,
        210,
        174,
        103,
        14,
        156,
        236,
        235,
        147,
        63,
        178,
        111,
        123,
        212,
        36,
        113,
        245,
        228,
        143,
        236,
        166,
        158,
        147,
        237,
        214,
        51,
        47,
        120,
        212,
        36,
        145,
        122,
        61,
        115,
        192,
        100,
        95,
        118,
        30,
        134,
        100,
        82,
        175,
        103,
        14,
        148,
        172,
        245,
        12,
        233,
        116,
        235,
        153,
        75,
        218,
        158,
        147,
        181,
        158,
        33,
        157,
        211,
        139,
        98,
        69,
        219,
        115,
        178,
        214,
        51,
        164,
        147,
        126,
        61,
        115,
        128,
        100,
        159,
        178,
        158,
        33,
        153,
        244,
        235,
        153,
        223,
        38,
        107,
        61,
        67,
        58,
        61,
        172,
        103,
        126,
        147,
        172,
        245,
        12,
        233,
        244,
        177,
        158,
        249,
        77,
        178,
        214,
        51,
        164,
        211,
        199,
        122,
        230,
        215,
        201,
        118,
        47,
        184,
        94,
        243,
        168,
        73,
        162,
        151,
        245,
        204,
        175,
        147,
        125,
        182,
        174,
        159,
        242,
        168,
        73,
        99,
        85,
        234,
        243,
        48,
        7,
        72,
        214,
        122,
        134,
        116,
        110,
        232,
        101,
        61,
        179,
        127,
        178,
        214,
        51,
        164,
        211,
        211,
        122,
        102,
        255,
        100,
        95,
        169,
        235,
        237,
        214,
        51,
        164,
        209,
        211,
        122,
        102,
        191,
        100,
        187,
        245,
        140,
        31,
        87,
        38,
        141,
        190,
        214,
        51,
        251,
        37,
        251,
        130,
        245,
        12,
        201,
        172,
        238,
        247,
        5,
        215,
        47,
        201,
        90,
        207,
        144,
        78,
        111,
        235,
        153,
        125,
        147,
        181,
        158,
        33,
        157,
        147,
        250,
        90,
        207,
        236,
        155,
        172,
        245,
        12,
        201,
        244,
        183,
        158,
        217,
        63,
        89,
        235,
        25,
        210,
        232,
        113,
        61,
        179,
        95,
        178,
        214,
        51,
        36,
        178,
        174,
        191,
        245,
        204,
        126,
        201,
        90,
        207,
        144,
        70,
        159,
        235,
        153,
        125,
        147,
        181,
        158,
        33,
        145,
        62,
        215,
        51,
        251,
        38,
        107,
        61,
        67,
        26,
        189,
        174,
        103,
        246,
        77,
        214,
        163,
        38,
        141,
        94,
        215,
        51,
        146,
        37,
        185,
        43,
        122,
        93,
        207,
        72,
        150,
        212,
        186,
        245,
        204,
        57,
        173,
        100,
        201,
        198,
        57,
        69,
        113,
        244,
        180,
        100,
        201,
        70,
        223,
        235,
        25,
        201,
        146,
        216,
        169,
        61,
        175,
        103,
        36,
        75,
        90,
        55,
        12,
        244,
        130,
        75,
        178,
        36,
        210,
        251,
        122,
        70,
        178,
        36,
        181,
        126,
        168,
        23,
        92,
        146,
        37,
        137,
        1,
        214,
        51,
        146,
        37,
        165,
        1,
        214,
        51,
        146,
        37,
        161,
        77,
        3,
        172,
        103,
        36,
        75,
        66,
        39,
        21,
        197,
        73,
        173,
        100,
        201,
        198,
        32,
        235,
        25,
        201,
        146,
        76,
        183,
        158,
        89,
        221,
        74,
        150,
        108,
        12,
        179,
        158,
        145,
        44,
        169,
        116,
        235,
        153,
        245,
        173,
        100,
        201,
        198,
        64,
        235,
        25,
        201,
        146,
        72,
        183,
        158,
        185,
        65,
        178,
        228,
        99,
        168,
        245,
        140,
        100,
        73,
        163,
        91,
        207,
        108,
        146,
        44,
        217,
        152,
        30,
        108,
        61,
        35,
        89,
        146,
        56,
        103,
        232,
        23,
        92,
        146,
        101,
        73,
        238,
        31,
        110,
        61,
        35,
        89,
        82,
        24,
        112,
        61,
        35,
        89,
        18,
        24,
        114,
        61,
        35,
        89,
        18,
        88,
        81,
        20,
        167,
        183,
        146,
        37,
        27,
        131,
        174,
        103,
        36,
        203,
        146,
        117,
        231,
        97,
        214,
        181,
        146,
        37,
        27,
        107,
        6,
        93,
        207,
        72,
        150,
        165,
        26,
        120,
        61,
        35,
        89,
        150,
        106,
        213,
        176,
        235,
        25,
        201,
        178,
        68,
        87,
        247,
        253,
        227,
        202,
        146,
        37,
        169,
        193,
        215,
        51,
        146,
        101,
        105,
        214,
        245,
        254,
        227,
        202,
        146,
        37,
        165,
        205,
        131,
        175,
        103,
        36,
        203,
        146,
        156,
        49,
        248,
        122,
        70,
        178,
        44,
        197,
        29,
        195,
        175,
        103,
        36,
        203,
        82,
        156,
        48,
        192,
        143,
        43,
        75,
        150,
        116,
        198,
        88,
        207,
        72,
        150,
        197,
        27,
        230,
        199,
        149,
        37,
        75,
        50,
        163,
        172,
        103,
        36,
        203,
        162,
        117,
        235,
        153,
        13,
        173,
        100,
        201,
        198,
        56,
        235,
        25,
        201,
        178,
        88,
        183,
        140,
        179,
        158,
        145,
        44,
        139,
        53,
        210,
        122,
        70,
        178,
        44,
        210,
        37,
        35,
        173,
        103,
        36,
        203,
        226,
        140,
        182,
        158,
        145,
        44,
        139,
        51,
        218,
        122,
        70,
        178,
        44,
        202,
        120,
        235,
        25,
        201,
        178,
        40,
        171,
        138,
        98,
        101,
        43,
        89,
        178,
        49,
        226,
        122,
        70,
        178,
        44,
        194,
        244,
        138,
        241,
        214,
        51,
        146,
        101,
        17,
        198,
        92,
        207,
        72,
        150,
        133,
        27,
        117,
        61,
        35,
        89,
        22,
        174,
        91,
        207,
        76,
        75,
        150,
        108,
        140,
        187,
        158,
        145,
        44,
        11,
        54,
        238,
        122,
        70,
        178,
        44,
        212,
        200,
        235,
        25,
        201,
        178,
        64,
        99,
        175,
        103,
        36,
        203,
        2,
        173,
        29,
        121,
        61,
        35,
        89,
        22,
        102,
        244,
        245,
        140,
        100,
        89,
        152,
        209,
        215,
        51,
        146,
        101,
        65,
        198,
        95,
        207,
        72,
        150,
        5,
        25,
        225,
        199,
        149,
        37,
        203,
        18,
        108,
        24,
        127,
        61,
        35,
        89,
        22,
        160,
        91,
        207,
        172,
        109,
        37,
        75,
        54,
        34,
        172,
        103,
        36,
        203,
        252,
        109,
        26,
        229,
        199,
        149,
        37,
        203,
        162,
        133,
        88,
        207,
        72,
        150,
        121,
        187,
        62,
        196,
        122,
        70,
        178,
        204,
        87,
        144,
        245,
        140,
        100,
        153,
        175,
        245,
        49,
        214,
        51,
        146,
        101,
        158,
        162,
        172,
        103,
        36,
        203,
        60,
        173,
        14,
        178,
        158,
        145,
        44,
        243,
        211,
        173,
        103,
        174,
        111,
        37,
        75,
        54,
        86,
        70,
        89,
        207,
        72,
        150,
        121,
        137,
        179,
        158,
        145,
        44,
        243,
        17,
        104,
        61,
        35,
        89,
        230,
        35,
        208,
        122,
        70,
        178,
        204,
        67,
        164,
        245,
        140,
        100,
        153,
        135,
        72,
        235,
        25,
        201,
        50,
        15,
        203,
        3,
        173,
        103,
        36,
        203,
        60,
        172,
        89,
        190,
        166,
        149,
        44,
        72,
        22,
        201,
        130,
        100,
        65,
        178,
        72,
        22,
        36,
        11,
        146,
        69,
        178,
        30,
        1,
        146,
        5,
        201,
        130,
        100,
        145,
        44,
        72,
        22,
        36,
        139,
        100,
        65,
        178,
        32,
        89,
        36,
        11,
        146,
        5,
        201,
        34,
        89,
        144,
        44,
        72,
        22,
        201,
        130,
        100,
        65,
        178,
        72,
        22,
        36,
        11,
        146,
        69,
        178,
        32,
        89,
        144,
        44,
        146,
        133,
        28,
        146,
        61,
        220,
        51,
        32,
        39,
        71,
        76,
        45,
        243,
        16,
        200,
        201,
        178,
        169,
        67,
        61,
        4,
        114,
        114,
        232,
        212,
        212,
        97,
        158,
        2,
        249,
        56,
        108,
        106,
        226,
        143,
        203,
        142,
        244,
        36,
        200,
        193,
        145,
        203,
        254,
        48,
        53,
        245,
        111,
        155,
        109,
        143,
        54,
        157,
        162,
        113,
        0,
        0,
        0,
        0,
        0,
        73,
        69,
        78,
        68,
        174,
        66,
        96,
        130
      ]
    },
    "stat": {
      "dev": 16777220,
      "mode": 33188,
      "nlink": 1,
      "uid": 501,
      "gid": 20,
      "rdev": 0,
      "blksize": 4194304,
      "ino": 2088656,
      "size": 6767,
      "blocks": 16,
      "atime": "2018-04-17T07:59:11.790Z",
      "mtime": "2018-03-22T08:50:41.011Z",
      "ctime": "2018-03-22T08:50:41.011Z",
      "birthtime": "2018-03-22T08:50:41.011Z"
    },
    "history": [
      "/Users/jiangheng/Desktop/work-code/xxd-h5/src/mods/home/imgs/product_bg.png"
    ],
    "path": "/Users/jiangheng/Desktop/work-code/xxd-h5/src/mods/home/imgs/product_bg.png",
    "gulpCache$filePathChangedInsideTask": false,
    "gulpCache$fileBaseChangedInsideTask": false,
    "gulpCache$originalPath": "/Users/jiangheng/Desktop/work-code/xxd-h5/src/mods/home/imgs/product_bg.png",
    "gulpCache$originalBase": "/Users/jiangheng/Desktop/work-code/xxd-h5/src/mods/"
  }
]