[
  {
    "cwd": "/Users/jiangheng/Desktop/work-code/xxd-h5",
    "base": "/Users/jiangheng/Desktop/work-code/xxd-h5/src/mods/",
    "contents": {
      "type": "Buffer",
      "data": [
        137,
        80,
        78,
        71,
        13,
        10,
        26,
        10,
        0,
        0,
        0,
        13,
        73,
        72,
        68,
        82,
        0,
        0,
        0,
        224,
        0,
        0,
        0,
        125,
        8,
        3,
        0,
        0,
        0,
        140,
        11,
        159,
        78,
        0,
        0,
        0,
        84,
        80,
        76,
        84,
        69,
        244,
        244,
        244,
        244,
        244,
        244,
        244,
        244,
        244,
        244,
        244,
        244,
        244,
        244,
        244,
        244,
        244,
        244,
        244,
        244,
        244,
        244,
        244,
        244,
        244,
        244,
        244,
        244,
        244,
        244,
        244,
        244,
        244,
        244,
        244,
        244,
        244,
        244,
        244,
        244,
        244,
        244,
        244,
        244,
        244,
        244,
        244,
        244,
        244,
        244,
        244,
        245,
        245,
        245,
        246,
        246,
        246,
        247,
        247,
        247,
        248,
        248,
        248,
        249,
        249,
        249,
        250,
        250,
        250,
        251,
        251,
        251,
        252,
        252,
        252,
        253,
        253,
        253,
        254,
        254,
        254,
        255,
        255,
        255,
        232,
        21,
        121,
        59,
        0,
        0,
        0,
        16,
        116,
        82,
        78,
        83,
        0,
        3,
        6,
        82,
        84,
        85,
        92,
        137,
        166,
        172,
        215,
        219,
        224,
        228,
        243,
        249,
        95,
        89,
        168,
        165,
        0,
        0,
        6,
        62,
        73,
        68,
        65,
        84,
        120,
        218,
        197,
        156,
        201,
        130,
        227,
        54,
        12,
        68,
        145,
        153,
        36,
        147,
        201,
        106,
        137,
        226,
        234,
        255,
        255,
        207,
        92,
        146,
        30,
        75,
        22,
        73,
        160,
        10,
        82,
        251,
        220,
        13,
        163,
        32,
        224,
        1,
        92,
        100,
        121,
        158,
        124,
        234,
        242,
        192,
        63,
        203,
        83,
        253,
        137,
        58,
        139,
        69,
        111,
        113,
        253,
        239,
        95,
        254,
        254,
        253,
        183,
        95,
        190,
        136,
        136,
        136,
        156,
        253,
        89,
        32,
        244,
        61,
        146,
        222,
        157,
        170,
        50,
        184,
        234,
        13,
        62,
        243,
        203,
        255,
        253,
        241,
        181,
        39,
        176,
        48,
        250,
        30,
        205,
        224,
        143,
        42,
        146,
        217,
        96,
        176,
        237,
        114,
        239,
        219,
        79,
        231,
        2,
        87,
        70,
        223,
        246,
        4,
        3,
        222,
        77,
        121,
        75,
        196,
        158,
        219,
        238,
        127,
        191,
        157,
        10,
        76,
        212,
        3,
        44,
        22,
        119,
        158,
        138,
        98,
        143,
        38,
        131,
        135,
        172,
        255,
        249,
        68,
        96,
        99,
        8,
        99,
        42,
        24,
        29,
        102,
        154,
        205,
        226,
        62,
        253,
        254,
        250,
        34,
        40,
        218,
        120,
        196,
        232,
        48,
        179,
        217,
        12,
        30,
        243,
        239,
        87,
        241,
        125,
        128,
        139,
        49,
        222,
        115,
        204,
        20,
        163,
        193,
        131,
        255,
        223,
        101,
        92,
        165,
        151,
        34,
        70,
        131,
        153,
        213,
        106,
        240,
        32,
        224,
        79,
        129,
        90,
        147,
        91,
        188,
        167,
        9,
        147,
        205,
        2,
        247,
        77,
        238,
        31,
        113,
        125,
        128,
        246,
        120,
        79,
        74,
        222,
        156,
        242,
        111,
        152,
        17,
        215,
        7,
        104,
        143,
        247,
        228,
        27,
        163,
        221,
        224,
        1,
        51,
        226,
        249,
        0,
        145,
        120,
        143,
        49,
        131,
        24,
        108,
        3,
        129,
        237,
        113,
        47,
        98,
        102,
        152,
        9,
        136,
        193,
        125,
        200,
        196,
        177,
        7,
        62,
        42,
        226,
        206,
        8,
        51,
        5,
        18,
        88,
        186,
        2,
        185,
        30,
        136,
        32,
        102,
        92,
        22,
        160,
        193,
        221,
        0,
        40,
        126,
        83,
        40,
        130,
        152,
        49,
        102,
        64,
        131,
        59,
        29,
        226,
        247,
        0,
        33,
        196,
        140,
        86,
        47,
        176,
        193,
        214,
        17,
        152,
        185,
        7,
        24,
        65,
        119,
        186,
        223,
        11,
        27,
        124,
        197,
        140,
        120,
        173,
        3,
        65,
        196,
        140,
        50,
        167,
        193,
        2,
        203,
        169,
        64,
        178,
        201,
        7,
        216,
        157,
        14,
        102,
        8,
        131,
        47,
        152,
        17,
        175,
        38,
        15,
        19,
        161,
        27,
        218,
        66,
        8,
        140,
        39,
        2,
        89,
        196,
        16,
        238,
        156,
        22,
        199,
        202,
        24,
        172,
        39,
        2,
        63,
        11,
        49,
        189,
        239,
        206,
        140,
        193,
        31,
        152,
        17,
        159,
        189,
        66,
        2,
        49,
        157,
        236,
        89,
        218,
        211,
        37,
        100,
        242,
        249,
        136,
        57,
        175,
        255,
        200,
        25,
        252,
        192,
        140,
        56,
        77,
        49,
        133,
        115,
        167,
        58,
        246,
        136,
        61,
        102,
        196,
        167,
        9,
        46,
        164,
        59,
        111,
        95,
        31,
        88,
        131,
        245,
        32,
        144,
        204,
        208,
        196,
        250,
        147,
        125,
        51,
        226,
        7,
        83,
        196,
        103,
        161,
        196,
        38,
        212,
        17,
        51,
        43,
        173,
        239,
        255,
        144,
        137,
        75,
        134,
        6,
        222,
        159,
        205,
        177,
        71,
        188,
        134,
        76,
        62,
        103,
        51,
        109,
        178,
        74,
        93,
        218,
        211,
        43,
        100,
        226,
        145,
        161,
        14,
        9,
        181,
        207,
        161,
        232,
        97,
        176,
        190,
        10,
        92,
        63,
        23,
        49,
        199,
        62,
        117,
        254,
        0,
        27,
        18,
        50,
        241,
        216,
        108,
        58,
        255,
        230,
        10,
        99,
        230,
        188,
        164,
        107,
        68,
        48,
        35,
        14,
        115,
        232,
        214,
        113,
        24,
        198,
        204,
        121,
        73,
        71,
        107,
        101,
        182,
        148,
        82,
        18,
        135,
        57,
        180,
        116,
        82,
        46,
        131,
        152,
        89,
        123,
        79,
        24,
        97,
        171,
        104,
        207,
        33,
        205,
        136,
        89,
        204,
        205,
        99,
        29,
        246,
        136,
        140,
        117,
        35,
        121,
        63,
        175,
        240,
        65,
        76,
        177,
        175,
        48,
        210,
        176,
        71,
        4,
        108,
        201,
        34,
        244,
        160,
        61,
        240,
        199,
        184,
        211,
        221,
        70,
        61,
        162,
        130,
        184,
        22,
        186,
        4,
        183,
        190,
        179,
        86,
        42,
        108,
        131,
        149,
        101,
        4,
        103,
        122,
        161,
        75,
        176,
        14,
        210,
        13,
        193,
        76,
        24,
        53,
        145,
        2,
        9,
        172,
        151,
        32,
        6,
        25,
        113,
        214,
        174,
        134,
        140,
        13,
        189,
        53,
        8,
        91,
        130,
        121,
        136,
        252,
        98,
        198,
        204,
        58,
        222,
        99,
        177,
        78,
        51,
        139,
        144,
        251,
        133,
        3,
        196,
        60,
        32,
        204,
        228,
        241,
        138,
        223,
        138,
        153,
        36,
        100,
        9,
        110,
        147,
        29,
        8,
        43,
        102,
        58,
        1,
        139,
        232,
        92,
        223,
        132,
        28,
        68,
        235,
        100,
        223,
        213,
        24,
        241,
        18,
        103,
        115,
        106,
        177,
        67,
        134,
        105,
        243,
        97,
        230,
        143,
        21,
        236,
        109,
        182,
        161,
        177,
        217,
        5,
        38,
        119,
        196,
        100,
        223,
        181,
        249,
        190,
        81,
        55,
        179,
        192,
        237,
        50,
        196,
        56,
        237,
        102,
        236,
        251,
        88,
        50,
        11,
        36,
        22,
        187,
        81,
        177,
        201,
        89,
        121,
        129,
        145,
        216,
        62,
        16,
        138,
        49,
        117,
        238,
        15,
        118,
        245,
        98,
        180,
        227,
        86,
        141,
        2,
        235,
        133,
        136,
        241,
        217,
        64,
        202,
        204,
        101,
        21,
        97,
        86,
        243,
        89,
        227,
        15,
        143,
        153,
        192,
        28,
        203,
        8,
        1,
        209,
        69,
        229,
        15,
        189,
        231,
        86,
        169,
        131,
        53,
        33,
        32,
        154,
        148,
        231,
        40,
        197,
        17,
        49,
        230,
        136,
        9,
        177,
        24,
        108,
        202,
        147,
        176,
        205,
        19,
        49,
        86,
        204,
        8,
        62,
        137,
        6,
        173,
        63,
        220,
        201,
        69,
        230,
        78,
        147,
        229,
        233,
        188,
        153,
        150,
        189,
        55,
        134,
        3,
        119,
        67,
        72,
        170,
        51,
        98,
        86,
        231,
        211,
        195,
        74,
        222,
        232,
        144,
        114,
        53,
        98,
        200,
        78,
        17,
        201,
        211,
        44,
        201,
        87,
        35,
        134,
        27,
        72,
        59,
        151,
        91,
        234,
        245,
        2,
        55,
        139,
        63,
        248,
        64,
        154,
        217,
        75,
        43,
        146,
        46,
        71,
        12,
        213,
        41,
        2,
        123,
        39,
        64,
        192,
        62,
        191,
        234,
        17,
        195,
        12,
        164,
        149,
        62,
        114,
        69,
        5,
        38,
        155,
        63,
        40,
        102,
        34,
        125,
        104,
        46,
        216,
        32,
        179,
        88,
        16,
        131,
        15,
        164,
        131,
        251,
        115,
        218,
        148,
        144,
        245,
        6,
        196,
        192,
        3,
        105,
        230,
        79,
        149,
        65,
        129,
        101,
        116,
        60,
        228,
        135,
        153,
        192,
        95,
        61,
        146,
        229,
        6,
        196,
        160,
        3,
        105,
        117,
        184,
        217,
        129,
        9,
        28,
        239,
        215,
        187,
        221,
        84,
        136,
        15,
        62,
        37,
        228,
        22,
        196,
        96,
        3,
        233,
        228,
        138,
        110,
        187,
        78,
        224,
        54,
        58,
        191,
        244,
        235,
        20,
        217,
        227,
        242,
        10,
        36,
        176,
        154,
        17,
        3,
        13,
        164,
        193,
        227,
        250,
        145,
        220,
        132,
        24,
        96,
        32,
        173,
        24,
        202,
        29,
        4,
        34,
        136,
        1,
        58,
        69,
        116,
        177,
        39,
        55,
        33,
        198,
        62,
        144,
        206,
        223,
        2,
        80,
        217,
        3,
        4,
        70,
        8,
        49,
        102,
        204,
        100,
        31,
        123,
        114,
        23,
        98,
        204,
        3,
        105,
        240,
        177,
        103,
        23,
        24,
        64,
        196,
        24,
        7,
        210,
        138,
        199,
        154,
        156,
        100,
        80,
        196,
        24,
        49,
        19,
        157,
        236,
        153,
        5,
        46,
        112,
        66,
        153,
        6,
        82,
        221,
        139,
        70,
        10,
        204,
        152,
        87,
        19,
        56,
        98,
        76,
        3,
        105,
        102,
        210,
        137,
        18,
        136,
        35,
        198,
        52,
        144,
        6,
        10,
        8,
        196,
        138,
        190,
        99,
        113,
        225,
        42,
        24,
        67,
        140,
        10,
        51,
        214,
        61,
        153,
        66,
        32,
        198,
        48,
        144,
        70,
        174,
        98,
        112,
        129,
        28,
        98,
        212,
        3,
        169,
        254,
        93,
        198,
        41,
        102,
        140,
        251,
        162,
        137,
        75,
        40,
        109,
        167,
        200,
        108,
        215,
        130,
        119,
        182,
        27,
        151,
        80,
        218,
        1,
        50,
        60,
        220,
        114,
        222,
        38,
        144,
        69,
        140,
        18,
        51,
        149,
        199,
        58,
        120,
        186,
        84,
        216,
        132,
        210,
        13,
        144,
        145,
        175,
        26,
        236,
        124,
        112,
        165,
        19,
        74,
        53,
        144,
        218,
        94,
        151,
        94,
        28,
        79,
        120,
        121,
        196,
        168,
        48,
        147,
        61,
        3,
        102,
        58,
        163,
        231,
        17,
        163,
        26,
        72,
        125,
        102,
        15,
        224,
        150,
        197,
        230,
        144,
        80,
        138,
        170,
        169,
        174,
        1,
        179,
        220,
        147,
        241,
        64,
        140,
        162,
        106,
        162,
        107,
        192,
        12,
        55,
        157,
        124,
        16,
        51,
        237,
        20,
        246,
        140,
        88,
        199,
        2,
        243,
        189,
        136,
        153,
        86,
        13,
        112,
        166,
        94,
        134,
        2,
        181,
        30,
        46,
        78,
        136,
        153,
        53,
        103,
        32,
        35,
        182,
        161,
        192,
        231,
        205,
        136,
        153,
        120,
        4,
        221,
        219,
        105,
        67,
        129,
        43,
        19,
        117,
        236,
        146,
        198,
        96,
        32,
        133,
        50,
        34,
        13,
        5,
        110,
        76,
        37,
        131,
        247,
        161,
        147,
        31,
        98,
        38,
        152,
        81,
        223,
        186,
        207,
        126,
        9,
        53,
        242,
        8,
        188,
        182,
        83,
        71,
        2,
        11,
        145,
        84,
        240,
        101,
        211,
        226,
        135,
        152,
        113,
        81,
        107,
        223,
        124,
        241,
        68,
        204,
        160,
        83,
        160,
        25,
        209,
        47,
        106,
        237,
        187,
        75,
        158,
        136,
        241,
        156,
        107,
        167,
        179,
        131,
        242,
        237,
        179,
        224,
        138,
        152,
        46,
        102,
        240,
        140,
        88,
        71,
        2,
        211,
        221,
        136,
        233,
        14,
        164,
        68,
        70,
        212,
        129,
        192,
        122,
        59,
        98,
        122,
        49,
        35,
        94,
        38,
        142,
        3,
        129,
        243,
        34,
        140,
        206,
        136,
        233,
        100,
        61,
        149,
        17,
        109,
        32,
        48,
        96,
        207,
        159,
        252,
        25,
        168,
        234,
        135,
        152,
        1,
        102,
        84,
        239,
        209,
        251,
        35,
        230,
        180,
        243,
        184,
        103,
        196,
        135,
        192,
        89,
        171,
        103,
        247,
        235,
        149,
        73,
        149,
        189,
        51,
        226,
        67,
        224,
        164,
        8,
        59,
        43,
        112,
        242,
        183,
        16,
        223,
        59,
        5,
        249,
        211,
        117,
        113,
        32,
        112,
        3,
        38,
        227,
        198,
        234,
        59,
        246,
        174,
        202,
        102,
        196,
        64,
        96,
        6,
        134,
        142,
        68,
        11,
        60,
        164,
        126,
        244,
        53,
        183,
        19,
        216,
        238,
        71,
        204,
        155,
        101,
        242,
        215,
        49,
        123,
        142,
        42,
        126,
        211,
        233,
        26,
        196,
        188,
        229,
        70,
        246,
        53,
        119,
        16,
        152,
        204,
        83,
        222,
        230,
        33,
        48,
        249,
        33,
        166,
        7,
        139,
        249,
        239,
        170,
        93,
        133,
        152,
        3,
        23,
        170,
        175,
        185,
        163,
        192,
        65,
        142,
        94,
        134,
        152,
        253,
        248,
        17,
        61,
        204,
        149,
        190,
        192,
        100,
        92,
        43,
        47,
        62,
        2,
        131,
        31,
        98,
        58,
        206,
        78,
        127,
        157,
        242,
        66,
        196,
        188,
        142,
        31,
        217,
        199,
        92,
        235,
        10,
        236,
        229,
        168,
        223,
        126,
        253,
        56,
        230,
        78,
        6,
        83,
        95,
        96,
        186,
        31,
        49,
        47,
        3,
        105,
        117,
        50,
        247,
        254,
        60,
        254,
        5,
        245,
        176,
        27,
        213,
        190,
        58,
        54,
        223,
        0,
        0,
        0,
        0,
        73,
        69,
        78,
        68,
        174,
        66,
        96,
        130
      ]
    },
    "stat": {
      "dev": 16777220,
      "mode": 33188,
      "nlink": 1,
      "uid": 501,
      "gid": 20,
      "rdev": 0,
      "blksize": 4194304,
      "ino": 2088777,
      "size": 16827,
      "blocks": 40,
      "atime": "2018-04-17T07:59:11.794Z",
      "mtime": "2018-03-22T08:50:41.041Z",
      "ctime": "2018-03-22T08:50:41.041Z",
      "birthtime": "2018-03-22T08:50:41.040Z"
    },
    "history": [
      "/Users/jiangheng/Desktop/work-code/xxd-h5/src/mods/openaccount/yhimgs/zsyh_bg.png"
    ],
    "path": "/Users/jiangheng/Desktop/work-code/xxd-h5/src/mods/openaccount/yhimgs/zsyh_bg.png",
    "gulpCache$filePathChangedInsideTask": false,
    "gulpCache$fileBaseChangedInsideTask": false,
    "gulpCache$originalPath": "/Users/jiangheng/Desktop/work-code/xxd-h5/src/mods/openaccount/yhimgs/zsyh_bg.png",
    "gulpCache$originalBase": "/Users/jiangheng/Desktop/work-code/xxd-h5/src/mods/"
  }
]