[
  {
    "cwd": "/Users/jiangheng/Desktop/work-code/xxd-h5",
    "base": "/Users/jiangheng/Desktop/work-code/xxd-h5/src/mods/",
    "contents": {
      "type": "Buffer",
      "data": [
        137,
        80,
        78,
        71,
        13,
        10,
        26,
        10,
        0,
        0,
        0,
        13,
        73,
        72,
        68,
        82,
        0,
        0,
        0,
        87,
        0,
        0,
        0,
        81,
        8,
        3,
        0,
        0,
        0,
        144,
        79,
        202,
        67,
        0,
        0,
        2,
        160,
        80,
        76,
        84,
        69,
        255,
        45,
        77,
        255,
        45,
        77,
        255,
        45,
        77,
        255,
        45,
        77,
        255,
        45,
        77,
        255,
        45,
        77,
        255,
        45,
        77,
        255,
        45,
        77,
        255,
        45,
        77,
        255,
        45,
        77,
        255,
        45,
        77,
        255,
        45,
        77,
        255,
        45,
        77,
        255,
        45,
        77,
        255,
        45,
        77,
        255,
        45,
        77,
        255,
        45,
        77,
        255,
        45,
        77,
        255,
        45,
        77,
        255,
        45,
        77,
        255,
        45,
        77,
        255,
        45,
        77,
        255,
        45,
        77,
        255,
        45,
        77,
        255,
        45,
        77,
        255,
        45,
        77,
        255,
        45,
        77,
        255,
        45,
        77,
        255,
        45,
        77,
        255,
        45,
        77,
        255,
        45,
        77,
        255,
        45,
        77,
        255,
        45,
        77,
        255,
        45,
        77,
        255,
        45,
        77,
        255,
        45,
        77,
        255,
        45,
        77,
        255,
        45,
        77,
        255,
        45,
        77,
        255,
        45,
        77,
        255,
        45,
        77,
        255,
        45,
        77,
        255,
        45,
        77,
        255,
        45,
        77,
        255,
        45,
        77,
        255,
        45,
        77,
        255,
        45,
        77,
        255,
        45,
        77,
        255,
        45,
        77,
        255,
        45,
        77,
        255,
        45,
        77,
        255,
        45,
        77,
        255,
        45,
        77,
        255,
        45,
        77,
        255,
        45,
        77,
        255,
        45,
        77,
        255,
        45,
        77,
        255,
        45,
        77,
        255,
        45,
        77,
        255,
        45,
        77,
        255,
        45,
        77,
        255,
        45,
        77,
        255,
        45,
        77,
        255,
        45,
        77,
        255,
        45,
        77,
        255,
        45,
        77,
        255,
        45,
        77,
        255,
        45,
        77,
        255,
        45,
        77,
        255,
        45,
        77,
        255,
        45,
        77,
        255,
        45,
        77,
        255,
        45,
        77,
        255,
        45,
        77,
        255,
        45,
        77,
        255,
        45,
        77,
        255,
        45,
        77,
        255,
        45,
        77,
        255,
        45,
        77,
        255,
        45,
        77,
        255,
        45,
        77,
        255,
        45,
        77,
        255,
        45,
        77,
        255,
        45,
        77,
        255,
        45,
        77,
        255,
        45,
        77,
        255,
        45,
        77,
        255,
        45,
        77,
        255,
        45,
        77,
        255,
        45,
        77,
        255,
        45,
        77,
        255,
        45,
        77,
        255,
        45,
        77,
        255,
        45,
        77,
        255,
        45,
        77,
        255,
        45,
        77,
        255,
        45,
        77,
        255,
        45,
        77,
        255,
        45,
        77,
        255,
        45,
        77,
        255,
        45,
        77,
        255,
        45,
        77,
        255,
        45,
        77,
        255,
        45,
        77,
        255,
        45,
        77,
        255,
        45,
        77,
        255,
        45,
        77,
        255,
        45,
        77,
        255,
        45,
        77,
        255,
        45,
        77,
        255,
        45,
        77,
        255,
        45,
        77,
        255,
        45,
        77,
        255,
        45,
        77,
        255,
        45,
        77,
        255,
        45,
        77,
        255,
        45,
        77,
        255,
        45,
        77,
        255,
        45,
        77,
        255,
        45,
        77,
        255,
        45,
        77,
        255,
        45,
        77,
        255,
        45,
        77,
        255,
        45,
        77,
        255,
        45,
        77,
        255,
        45,
        77,
        255,
        45,
        77,
        255,
        46,
        78,
        255,
        47,
        78,
        255,
        47,
        79,
        255,
        48,
        80,
        255,
        49,
        80,
        255,
        50,
        81,
        255,
        52,
        83,
        255,
        53,
        84,
        255,
        54,
        85,
        255,
        55,
        85,
        255,
        57,
        87,
        255,
        59,
        89,
        255,
        60,
        90,
        255,
        61,
        90,
        255,
        61,
        91,
        255,
        62,
        92,
        255,
        63,
        92,
        255,
        65,
        94,
        255,
        70,
        98,
        255,
        71,
        99,
        255,
        74,
        101,
        255,
        75,
        102,
        255,
        75,
        103,
        255,
        77,
        104,
        255,
        80,
        106,
        255,
        93,
        117,
        255,
        94,
        119,
        255,
        95,
        120,
        255,
        97,
        121,
        255,
        98,
        122,
        255,
        99,
        122,
        255,
        102,
        125,
        255,
        105,
        128,
        255,
        108,
        130,
        255,
        111,
        133,
        255,
        113,
        134,
        255,
        117,
        138,
        255,
        119,
        140,
        255,
        121,
        141,
        255,
        122,
        142,
        255,
        124,
        144,
        255,
        125,
        145,
        255,
        127,
        147,
        255,
        129,
        148,
        255,
        131,
        150,
        255,
        141,
        159,
        255,
        142,
        159,
        255,
        144,
        161,
        255,
        145,
        162,
        255,
        147,
        164,
        255,
        154,
        169,
        255,
        164,
        178,
        255,
        169,
        182,
        255,
        170,
        183,
        255,
        171,
        184,
        255,
        174,
        187,
        255,
        179,
        191,
        255,
        181,
        192,
        255,
        182,
        193,
        255,
        183,
        194,
        255,
        184,
        195,
        255,
        186,
        196,
        255,
        187,
        198,
        255,
        188,
        198,
        255,
        193,
        203,
        255,
        195,
        204,
        255,
        197,
        205,
        255,
        199,
        208,
        255,
        201,
        209,
        255,
        205,
        212,
        255,
        206,
        213,
        255,
        207,
        215,
        255,
        211,
        218,
        255,
        212,
        219,
        255,
        216,
        222,
        255,
        217,
        223,
        255,
        219,
        224,
        255,
        221,
        226,
        255,
        222,
        227,
        255,
        224,
        228,
        255,
        231,
        235,
        255,
        233,
        236,
        255,
        234,
        237,
        255,
        234,
        238,
        255,
        235,
        238,
        255,
        236,
        239,
        255,
        237,
        240,
        255,
        238,
        240,
        255,
        239,
        242,
        255,
        243,
        245,
        255,
        245,
        247,
        255,
        248,
        249,
        255,
        250,
        251,
        255,
        251,
        252,
        255,
        253,
        254,
        255,
        254,
        254,
        255,
        255,
        255,
        213,
        254,
        85,
        174,
        0,
        0,
        0,
        126,
        116,
        82,
        78,
        83,
        0,
        1,
        2,
        3,
        5,
        6,
        7,
        9,
        10,
        12,
        14,
        16,
        17,
        18,
        20,
        22,
        23,
        24,
        25,
        28,
        30,
        31,
        32,
        33,
        34,
        38,
        39,
        40,
        41,
        43,
        45,
        48,
        49,
        51,
        52,
        55,
        56,
        59,
        61,
        64,
        67,
        68,
        73,
        74,
        77,
        78,
        82,
        87,
        89,
        91,
        92,
        97,
        99,
        103,
        104,
        107,
        108,
        114,
        115,
        119,
        121,
        124,
        126,
        131,
        133,
        136,
        138,
        141,
        143,
        148,
        150,
        153,
        154,
        158,
        160,
        164,
        165,
        168,
        170,
        173,
        175,
        178,
        180,
        182,
        184,
        187,
        188,
        191,
        193,
        196,
        197,
        199,
        201,
        204,
        205,
        207,
        208,
        210,
        212,
        215,
        217,
        218,
        221,
        222,
        224,
        227,
        228,
        230,
        232,
        233,
        235,
        236,
        237,
        239,
        240,
        241,
        242,
        243,
        245,
        246,
        247,
        249,
        250,
        251,
        252,
        254,
        99,
        144,
        233,
        180,
        0,
        0,
        2,
        215,
        73,
        68,
        65,
        84,
        88,
        195,
        181,
        215,
        229,
        91,
        84,
        65,
        20,
        6,
        240,
        119,
        89,
        86,
        66,
        49,
        176,
        187,
        197,
        238,
        238,
        238,
        238,
        46,
        12,
        236,
        70,
        81,
        118,
        64,
        217,
        69,
        214,
        64,
        93,
        11,
        187,
        80,
        84,
        196,
        110,
        49,
        64,
        197,
        192,
        196,
        68,
        133,
        249,
        87,
        100,
        217,
        26,
        221,
        187,
        203,
        141,
        61,
        243,
        229,
        222,
        15,
        115,
        126,
        207,
        185,
        243,
        204,
        125,
        231,
        25,
        52,
        221,
        192,
        40,
        6,
        208,
        112,
        53,
        141,
        139,
        218,
        203,
        104,
        92,
        84,
        93,
        68,
        227,
        34,
        124,
        30,
        141,
        139,
        176,
        25,
        52,
        46,
        66,
        38,
        209,
        184,
        48,
        140,
        161,
        113,
        161,
        31,
        230,
        7,
        45,
        225,
        156,
        135,
        11,
        221,
        0,
        205,
        236,
        209,
        119,
        47,
        61,
        93,
        160,
        151,
        54,
        53,
        254,
        122,
        1,
        127,
        36,
        229,
        162,
        139,
        81,
        3,
        187,
        253,
        25,
        231,
        252,
        166,
        164,
        139,
        118,
        155,
        85,
        179,
        201,
        175,
        139,
        88,
        126,
        77,
        218,
        69,
        203,
        141,
        106,
        217,
        247,
        54,
        150,
        95,
        246,
        226,
        34,
        98,
        157,
        42,
        118,
        119,
        110,
        49,
        203,
        207,
        120,
        115,
        81,
        127,
        165,
        10,
        214,
        156,
        99,
        103,
        249,
        113,
        175,
        46,
        106,
        46,
        81,
        204,
        198,
        61,
        112,
        176,
        252,
        148,
        119,
        23,
        149,
        23,
        40,
        117,
        175,
        58,
        89,
        158,
        230,
        195,
        69,
        249,
        57,
        202,
        216,
        99,
        5,
        46,
        247,
        134,
        47,
        23,
        165,
        167,
        41,
        97,
        119,
        125,
        113,
        177,
        60,
        219,
        167,
        139,
        224,
        9,
        10,
        220,
        199,
        110,
        150,
        255,
        182,
        248,
        116,
        97,
        24,
        37,
        155,
        189,
        32,
        176,
        188,
        240,
        180,
        111,
        23,
        250,
        33,
        114,
        127,
        136,
        31,
        2,
        123,
        119,
        31,
        43,
        193,
        133,
        174,
        159,
        60,
        247,
        158,
        91,
        253,
        124,
        66,
        34,
        127,
        61,
        71,
        15,
        239,
        41,
        100,
        61,
        233,
        124,
        75,
        113,
        179,
        57,
        123,
        153,
        44,
        23,
        157,
        98,
        165,
        213,
        109,
        25,
        191,
        62,
        154,
        28,
        217,
        248,
        202,
        197,
        62,
        73,
        100,
        50,
        93,
        180,
        137,
        145,
        98,
        83,
        108,
        89,
        144,
        110,
        127,
        79,
        115,
        177,
        247,
        183,
        50,
        217,
        46,
        154,
        71,
        123,
        168,
        59,
        238,
        20,
        218,
        24,
        123,
        195,
        230,
        60,
        47,
        108,
        9,
        46,
        26,
        175,
        249,
        143,
        77,
        253,
        230,
        128,
        138,
        27,
        206,
        112,
        178,
        79,
        19,
        152,
        34,
        23,
        117,
        151,
        139,
        179,
        15,
        100,
        187,
        190,
        219,
        214,
        112,
        146,
        115,
        143,
        189,
        72,
        100,
        10,
        93,
        84,
        143,
        114,
        79,
        222,
        159,
        39,
        236,
        213,
        116,
        119,
        222,
        228,
        90,
        152,
        98,
        23,
        21,
        35,
        133,
        51,
        236,
        202,
        79,
        161,
        97,
        179,
        99,
        77,
        190,
        91,
        153,
        10,
        23,
        101,
        103,
        9,
        243,
        247,
        100,
        186,
        27,
        190,
        100,
        127,
        254,
        57,
        194,
        84,
        185,
        8,
        157,
        34,
        86,
        156,
        207,
        119,
        54,
        108,
        63,
        210,
        248,
        69,
        166,
        210,
        69,
        208,
        56,
        177,
        228,
        240,
        7,
        49,
        105,
        248,
        109,
        166,
        218,
        69,
        224,
        8,
        177,
        198,
        242,
        92,
        96,
        223,
        152,
        53,
        184,
        8,
        24,
        36,
        22,
        153,
        30,
        186,
        216,
        252,
        131,
        76,
        139,
        11,
        244,
        249,
        231,
        160,
        188,
        229,
        116,
        83,
        153,
        70,
        23,
        221,
        140,
        18,
        112,
        38,
        211,
        236,
        162,
        131,
        24,
        111,
        113,
        197,
        75,
        241,
        53,
        217,
        15,
        46,
        90,
        139,
        241,
        102,
        202,
        42,
        114,
        207,
        50,
        127,
        184,
        104,
        38,
        222,
        33,
        147,
        222,
        242,
        44,
        230,
        31,
        23,
        141,
        196,
        59,
        164,
        245,
        211,
        33,
        127,
        185,
        168,
        35,
        222,
        33,
        119,
        50,
        191,
        185,
        168,
        182,
        88,
        225,
        189,
        69,
        238,
        8,
        159,
        79,
        227,
        34,
        108,
        38,
        141,
        139,
        144,
        201,
        52,
        46,
        74,
        141,
        165,
        113,
        161,
        31,
        78,
        227,
        66,
        55,
        144,
        198,
        5,
        122,
        19,
        185,
        232,
        106,
        164,
        113,
        209,
        126,
        11,
        141,
        139,
        86,
        155,
        104,
        92,
        68,
        172,
        167,
        113,
        209,
        96,
        21,
        141,
        139,
        90,
        75,
        105,
        92,
        84,
        89,
        72,
        227,
        162,
        194,
        92,
        26,
        23,
        101,
        166,
        211,
        184,
        8,
        158,
        72,
        227,
        194,
        48,
        154,
        198,
        133,
        126,
        40,
        141,
        11,
        93,
        127,
        26,
        23,
        232,
        105,
        164,
        113,
        209,
        57,
        150,
        198,
        69,
        219,
        24,
        26,
        23,
        45,
        162,
        105,
        92,
        52,
        89,
        75,
        227,
        162,
        222,
        10,
        26,
        23,
        53,
        162,
        104,
        92,
        84,
        138,
        164,
        113,
        81,
        110,
        54,
        141,
        139,
        208,
        169,
        52,
        46,
        130,
        198,
        211,
        184,
        8,
        28,
        73,
        227,
        34,
        96,
        48,
        141,
        11,
        244,
        37,
        114,
        209,
        221,
        72,
        227,
        162,
        227,
        95,
        48,
        82,
        72,
        198,
        58,
        159,
        145,
        139,
        0,
        0,
        0,
        0,
        73,
        69,
        78,
        68,
        174,
        66,
        96,
        130
      ]
    },
    "stat": {
      "dev": 16777220,
      "mode": 33188,
      "nlink": 1,
      "uid": 501,
      "gid": 20,
      "rdev": 0,
      "blksize": 4194304,
      "ino": 2088806,
      "size": 2544,
      "blocks": 8,
      "atime": "2018-04-17T07:59:11.795Z",
      "mtime": "2018-03-22T08:50:41.046Z",
      "ctime": "2018-03-22T08:50:41.046Z",
      "birthtime": "2018-03-22T08:50:41.046Z"
    },
    "history": [
      "/Users/jiangheng/Desktop/work-code/xxd-h5/src/mods/product/imgs/checked_red@3x.png"
    ],
    "path": "/Users/jiangheng/Desktop/work-code/xxd-h5/src/mods/product/imgs/checked_red@3x.png",
    "gulpCache$filePathChangedInsideTask": false,
    "gulpCache$fileBaseChangedInsideTask": false,
    "gulpCache$originalPath": "/Users/jiangheng/Desktop/work-code/xxd-h5/src/mods/product/imgs/checked_red@3x.png",
    "gulpCache$originalBase": "/Users/jiangheng/Desktop/work-code/xxd-h5/src/mods/"
  }
]