[
  {
    "cwd": "/Users/jiangheng/Desktop/work-code/xxd-h5",
    "base": "/Users/jiangheng/Desktop/work-code/xxd-h5/src/mods/",
    "contents": {
      "type": "Buffer",
      "data": [
        137,
        80,
        78,
        71,
        13,
        10,
        26,
        10,
        0,
        0,
        0,
        13,
        73,
        72,
        68,
        82,
        0,
        0,
        0,
        39,
        0,
        0,
        0,
        39,
        8,
        6,
        0,
        0,
        0,
        140,
        163,
        81,
        53,
        0,
        0,
        3,
        60,
        73,
        68,
        65,
        84,
        88,
        133,
        205,
        216,
        107,
        168,
        84,
        85,
        20,
        7,
        240,
        223,
        157,
        123,
        195,
        238,
        132,
        70,
        81,
        72,
        81,
        129,
        36,
        61,
        190,
        132,
        116,
        19,
        43,
        45,
        34,
        199,
        12,
        122,
        7,
        217,
        67,
        208,
        136,
        144,
        232,
        245,
        33,
        99,
        40,
        178,
        23,
        244,
        197,
        241,
        67,
        65,
        86,
        80,
        4,
        189,
        8,
        138,
        40,
        233,
        67,
        65,
        76,
        132,
        86,
        16,
        134,
        9,
        69,
        20,
        61,
        160,
        204,
        94,
        183,
        204,
        75,
        143,
        145,
        140,
        172,
        15,
        235,
        140,
        158,
        123,
        238,
        158,
        123,
        71,
        239,
        60,
        252,
        195,
        192,
        94,
        107,
        175,
        179,
        215,
        255,
        172,
        189,
        247,
        90,
        235,
        204,
        192,
        226,
        181,
        127,
        233,
        39,
        234,
        213,
        178,
        74,
        173,
        49,
        15,
        215,
        227,
        18,
        156,
        90,
        175,
        150,
        119,
        195,
        80,
        31,
        121,
        205,
        198,
        242,
        74,
        173,
        177,
        18,
        167,
        229,
        244,
        103,
        98,
        19,
        189,
        39,
        55,
        3,
        151,
        98,
        37,
        46,
        196,
        96,
        194,
        102,
        137,
        140,
        92,
        169,
        119,
        188,
        44,
        194,
        118,
        188,
        140,
        139,
        164,
        137,
        193,
        210,
        230,
        160,
        151,
        228,
        222,
        195,
        66,
        188,
        132,
        255,
        38,
        177,
        27,
        169,
        212,
        26,
        71,
        208,
        91,
        114,
        240,
        5,
        174,
        193,
        8,
        222,
        108,
        97,
        83,
        194,
        249,
        205,
        65,
        63,
        176,
        21,
        239,
        76,
        50,
        127,
        1,
        253,
        35,
        55,
        7,
        247,
        231,
        228,
        239,
        241,
        97,
        78,
        94,
        66,
        127,
        200,
        13,
        226,
        121,
        28,
        150,
        211,
        221,
        134,
        5,
        184,
        2,
        159,
        97,
        78,
        165,
        214,
        56,
        177,
        31,
        121,
        238,
        65,
        113,
        49,
        154,
        120,
        165,
        94,
        45,
        191,
        150,
        141,
        55,
        84,
        106,
        141,
        215,
        177,
        28,
        115,
        123,
        77,
        238,
        42,
        220,
        147,
        147,
        127,
        196,
        77,
        5,
        155,
        217,
        248,
        180,
        94,
        45,
        127,
        212,
        75,
        114,
        103,
        227,
        217,
        156,
        252,
        47,
        174,
        174,
        87,
        203,
        59,
        154,
        138,
        74,
        173,
        113,
        6,
        54,
        162,
        92,
        169,
        53,
        30,
        233,
        213,
        153,
        155,
        47,
        82,
        199,
        112,
        78,
        119,
        59,
        222,
        45,
        216,
        173,
        64,
        57,
        27,
        175,
        234,
        5,
        185,
        179,
        80,
        199,
        172,
        156,
        238,
        97,
        60,
        158,
        176,
        205,
        219,
        148,
        187,
        77,
        238,
        114,
        188,
        93,
        112,
        250,
        12,
        86,
        183,
        243,
        112,
        183,
        200,
        149,
        112,
        47,
        94,
        53,
        126,
        43,
        159,
        196,
        141,
        38,
        47,
        95,
        123,
        209,
        141,
        11,
        113,
        12,
        158,
        67,
        165,
        160,
        95,
        139,
        187,
        181,
        73,
        140,
        206,
        70,
        110,
        0,
        55,
        136,
        36,
        154,
        39,
        182,
        91,
        68,
        235,
        174,
        253,
        33,
        70,
        231,
        200,
        45,
        194,
        102,
        60,
        141,
        195,
        115,
        250,
        111,
        113,
        110,
        166,
        135,
        211,
        113,
        159,
        241,
        205,
        101,
        75,
        76,
        119,
        91,
        231,
        139,
        136,
        92,
        153,
        152,
        123,
        17,
        183,
        96,
        44,
        147,
        143,
        21,
        109,
        211,
        48,
        238,
        20,
        245,
        117,
        71,
        226,
        185,
        189,
        56,
        144,
        200,
        13,
        226,
        50,
        145,
        44,
        55,
        39,
        136,
        125,
        131,
        139,
        69,
        9,
        26,
        203,
        233,
        71,
        236,
        187,
        28,
        51,
        197,
        139,
        77,
        138,
        118,
        35,
        55,
        32,
        242,
        213,
        117,
        88,
        134,
        163,
        19,
        54,
        127,
        98,
        93,
        246,
        219,
        149,
        152,
        47,
        118,
        190,
        135,
        182,
        75,
        174,
        44,
        194,
        254,
        181,
        137,
        135,
        118,
        166,
        232,
        233,
        231,
        181,
        88,
        99,
        39,
        158,
        16,
        137,
        245,
        215,
        169,
        28,
        238,
        15,
        74,
        162,
        208,
        126,
        142,
        47,
        69,
        130,
        44,
        98,
        97,
        11,
        98,
        95,
        137,
        18,
        116,
        130,
        40,
        230,
        29,
        37,
        214,
        36,
        183,
        12,
        199,
        103,
        242,
        10,
        28,
        85,
        176,
        217,
        138,
        209,
        108,
        60,
        138,
        245,
        98,
        139,
        79,
        194,
        163,
        98,
        59,
        137,
        91,
        122,
        43,
        22,
        119,
        138,
        220,
        144,
        137,
        231,
        174,
        120,
        54,
        126,
        198,
        201,
        226,
        118,
        125,
        44,
        186,
        137,
        20,
        54,
        224,
        188,
        108,
        188,
        20,
        111,
        77,
        151,
        92,
        73,
        148,
        152,
        157,
        153,
        252,
        70,
        70,
        166,
        136,
        49,
        17,
        193,
        86,
        196,
        134,
        115,
        196,
        200,
        190,
        1,
        166,
        139,
        33,
        145,
        40,
        79,
        17,
        209,
        249,
        224,
        0,
        215,
        153,
        145,
        88,
        119,
        218,
        104,
        46,
        50,
        106,
        223,
        185,
        106,
        229,
        252,
        14,
        17,
        161,
        117,
        248,
        163,
        19,
        206,
        167,
        66,
        187,
        111,
        248,
        128,
        168,
        4,
        112,
        156,
        168,
        161,
        93,
        71,
        187,
        21,
        98,
        65,
        110,
        124,
        78,
        55,
        136,
        164,
        208,
        36,
        55,
        40,
        242,
        221,
        84,
        118,
        112,
        72,
        247,
        232,
        76,
        116,
        122,
        164,
        72,
        194,
        63,
        225,
        177,
        94,
        57,
        110,
        7,
        37,
        92,
        139,
        185,
        153,
        124,
        179,
        32,
        123,
        80,
        160,
        100,
        98,
        17,
        159,
        149,
        50,
        236,
        7,
        250,
        245,
        95,
        73,
        91,
        56,
        232,
        201,
        109,
        207,
        201,
        123,
        240,
        91,
        194,
        46,
        223,
        113,
        124,
        151,
        152,
        255,
        221,
        248,
        196,
        156,
        74,
        232,
        197,
        174,
        37,
        181,
        206,
        15,
        185,
        241,
        47,
        37,
        209,
        78,
        111,
        196,
        223,
        88,
        147,
        57,
        42,
        226,
        33,
        108,
        203,
        28,
        172,
        73,
        204,
        239,
        17,
        223,
        162,
        187,
        176,
        5,
        79,
        37,
        108,
        222,
        199,
        11,
        248,
        71,
        124,
        83,
        108,
        73,
        216,
        172,
        199,
        39,
        162,
        211,
        89,
        253,
        63,
        131,
        98,
        160,
        42,
        235,
        104,
        217,
        149,
        0,
        0,
        0,
        0,
        73,
        69,
        78,
        68,
        174,
        66,
        96,
        130
      ]
    },
    "stat": {
      "dev": 16777220,
      "mode": 33188,
      "nlink": 1,
      "uid": 501,
      "gid": 20,
      "rdev": 0,
      "blksize": 4194304,
      "ino": 2088809,
      "size": 885,
      "blocks": 8,
      "atime": "2018-04-17T07:59:11.796Z",
      "mtime": "2018-03-22T08:50:41.046Z",
      "ctime": "2018-03-22T08:50:41.046Z",
      "birthtime": "2018-03-22T08:50:41.046Z"
    },
    "history": [
      "/Users/jiangheng/Desktop/work-code/xxd-h5/src/mods/product/imgs/income_icon.png"
    ],
    "path": "/Users/jiangheng/Desktop/work-code/xxd-h5/src/mods/product/imgs/income_icon.png",
    "gulpCache$filePathChangedInsideTask": false,
    "gulpCache$fileBaseChangedInsideTask": false,
    "gulpCache$originalPath": "/Users/jiangheng/Desktop/work-code/xxd-h5/src/mods/product/imgs/income_icon.png",
    "gulpCache$originalBase": "/Users/jiangheng/Desktop/work-code/xxd-h5/src/mods/"
  }
]