[
  {
    "cwd": "/Users/jiangheng/Desktop/work-code/xxd-h5",
    "base": "/Users/jiangheng/Desktop/work-code/xxd-h5/src/mods/",
    "contents": {
      "type": "Buffer",
      "data": [
        137,
        80,
        78,
        71,
        13,
        10,
        26,
        10,
        0,
        0,
        0,
        13,
        73,
        72,
        68,
        82,
        0,
        0,
        0,
        79,
        0,
        0,
        0,
        79,
        8,
        3,
        0,
        0,
        0,
        157,
        234,
        104,
        180,
        0,
        0,
        2,
        247,
        80,
        76,
        84,
        69,
        255,
        255,
        255,
        255,
        255,
        255,
        255,
        255,
        255,
        255,
        255,
        255,
        255,
        255,
        255,
        255,
        255,
        255,
        255,
        255,
        255,
        255,
        255,
        255,
        255,
        255,
        255,
        255,
        255,
        255,
        255,
        255,
        255,
        255,
        255,
        255,
        255,
        255,
        255,
        255,
        255,
        255,
        255,
        255,
        255,
        255,
        255,
        255,
        255,
        255,
        255,
        255,
        255,
        255,
        255,
        255,
        255,
        255,
        255,
        255,
        255,
        255,
        255,
        255,
        255,
        255,
        255,
        255,
        255,
        255,
        255,
        255,
        255,
        255,
        255,
        255,
        255,
        255,
        255,
        255,
        255,
        255,
        255,
        255,
        255,
        255,
        255,
        255,
        255,
        255,
        255,
        255,
        255,
        255,
        255,
        255,
        255,
        255,
        255,
        255,
        255,
        255,
        255,
        255,
        255,
        255,
        255,
        255,
        255,
        255,
        255,
        255,
        255,
        255,
        255,
        255,
        255,
        255,
        255,
        255,
        255,
        255,
        255,
        255,
        255,
        255,
        255,
        255,
        255,
        255,
        255,
        255,
        255,
        255,
        255,
        255,
        255,
        255,
        255,
        255,
        255,
        255,
        255,
        255,
        255,
        255,
        255,
        255,
        255,
        255,
        255,
        255,
        255,
        255,
        255,
        255,
        255,
        255,
        255,
        255,
        255,
        255,
        255,
        255,
        255,
        255,
        255,
        255,
        255,
        255,
        255,
        255,
        255,
        255,
        255,
        255,
        255,
        255,
        255,
        255,
        255,
        255,
        255,
        255,
        255,
        255,
        255,
        255,
        255,
        255,
        255,
        255,
        255,
        255,
        255,
        255,
        255,
        255,
        255,
        255,
        255,
        255,
        255,
        255,
        255,
        255,
        255,
        255,
        255,
        255,
        255,
        255,
        255,
        255,
        255,
        255,
        255,
        255,
        255,
        255,
        255,
        255,
        255,
        255,
        255,
        255,
        255,
        255,
        255,
        255,
        255,
        255,
        255,
        255,
        255,
        255,
        255,
        255,
        255,
        255,
        255,
        255,
        255,
        255,
        255,
        255,
        255,
        255,
        255,
        255,
        255,
        255,
        255,
        255,
        255,
        255,
        255,
        255,
        255,
        255,
        255,
        255,
        255,
        255,
        255,
        255,
        255,
        255,
        255,
        255,
        201,
        201,
        202,
        202,
        202,
        203,
        203,
        203,
        204,
        204,
        204,
        204,
        204,
        204,
        205,
        205,
        205,
        206,
        206,
        206,
        207,
        207,
        207,
        207,
        207,
        207,
        208,
        208,
        208,
        208,
        208,
        208,
        209,
        209,
        209,
        210,
        210,
        210,
        211,
        211,
        211,
        211,
        211,
        211,
        212,
        212,
        212,
        212,
        212,
        212,
        213,
        213,
        213,
        214,
        214,
        214,
        215,
        215,
        215,
        216,
        216,
        216,
        217,
        217,
        217,
        218,
        218,
        218,
        218,
        218,
        218,
        219,
        220,
        220,
        221,
        221,
        221,
        221,
        221,
        221,
        222,
        222,
        222,
        223,
        223,
        223,
        223,
        223,
        223,
        224,
        224,
        224,
        224,
        224,
        224,
        225,
        225,
        225,
        225,
        225,
        225,
        226,
        226,
        226,
        226,
        227,
        227,
        227,
        227,
        227,
        228,
        228,
        228,
        228,
        229,
        229,
        229,
        230,
        230,
        230,
        230,
        230,
        231,
        231,
        231,
        231,
        231,
        231,
        232,
        233,
        233,
        233,
        233,
        233,
        234,
        234,
        234,
        234,
        234,
        234,
        235,
        235,
        235,
        235,
        236,
        236,
        236,
        237,
        237,
        237,
        237,
        237,
        238,
        238,
        238,
        239,
        239,
        239,
        239,
        239,
        239,
        240,
        240,
        240,
        240,
        241,
        241,
        241,
        241,
        241,
        242,
        242,
        242,
        243,
        243,
        243,
        243,
        243,
        243,
        244,
        244,
        244,
        244,
        245,
        245,
        245,
        246,
        246,
        246,
        248,
        233,
        0,
        248,
        234,
        6,
        248,
        234,
        10,
        248,
        234,
        15,
        248,
        248,
        248,
        248,
        248,
        249,
        249,
        235,
        21,
        249,
        235,
        26,
        249,
        235,
        27,
        249,
        236,
        30,
        249,
        236,
        31,
        249,
        236,
        32,
        249,
        236,
        34,
        249,
        236,
        35,
        249,
        237,
        43,
        249,
        237,
        44,
        249,
        237,
        47,
        249,
        237,
        49,
        249,
        237,
        51,
        249,
        249,
        249,
        249,
        249,
        250,
        250,
        238,
        55,
        250,
        238,
        58,
        250,
        238,
        60,
        250,
        238,
        62,
        250,
        238,
        63,
        250,
        239,
        70,
        250,
        239,
        72,
        250,
        240,
        76,
        250,
        240,
        78,
        250,
        240,
        79,
        250,
        240,
        83,
        250,
        241,
        87,
        250,
        241,
        88,
        250,
        241,
        90,
        250,
        250,
        250,
        251,
        241,
        95,
        251,
        241,
        97,
        251,
        241,
        98,
        251,
        242,
        100,
        251,
        242,
        107,
        251,
        242,
        109,
        251,
        243,
        111,
        251,
        243,
        113,
        251,
        243,
        116,
        251,
        243,
        120,
        251,
        244,
        124,
        251,
        244,
        125,
        251,
        244,
        127,
        251,
        251,
        251,
        252,
        244,
        128,
        252,
        244,
        131,
        252,
        244,
        133,
        252,
        245,
        135,
        252,
        245,
        139,
        252,
        245,
        143,
        252,
        245,
        144,
        252,
        246,
        146,
        252,
        246,
        150,
        252,
        246,
        154,
        252,
        246,
        156,
        252,
        247,
        159,
        252,
        252,
        252,
        252,
        252,
        253,
        253,
        247,
        164,
        253,
        247,
        167,
        253,
        248,
        173,
        253,
        248,
        175,
        253,
        248,
        177,
        253,
        248,
        179,
        253,
        249,
        181,
        253,
        249,
        182,
        253,
        249,
        187,
        253,
        249,
        189,
        253,
        249,
        191,
        253,
        250,
        195,
        253,
        250,
        200,
        253,
        253,
        253,
        254,
        251,
        203,
        254,
        251,
        204,
        254,
        251,
        207,
        254,
        251,
        209,
        254,
        251,
        213,
        254,
        252,
        217,
        254,
        252,
        219,
        254,
        252,
        220,
        254,
        252,
        221,
        254,
        252,
        223,
        254,
        252,
        225,
        254,
        253,
        228,
        254,
        253,
        235,
        254,
        254,
        254,
        255,
        254,
        239,
        255,
        254,
        240,
        255,
        254,
        242,
        255,
        254,
        246,
        255,
        255,
        251,
        255,
        255,
        252,
        255,
        255,
        254,
        255,
        255,
        255,
        132,
        110,
        154,
        205,
        0,
        0,
        0,
        90,
        116,
        82,
        78,
        83,
        0,
        3,
        10,
        14,
        15,
        16,
        17,
        18,
        19,
        33,
        34,
        36,
        37,
        38,
        39,
        40,
        42,
        46,
        63,
        66,
        76,
        77,
        78,
        84,
        85,
        87,
        92,
        93,
        94,
        95,
        102,
        110,
        111,
        112,
        113,
        114,
        115,
        126,
        127,
        137,
        138,
        140,
        142,
        143,
        144,
        150,
        152,
        153,
        154,
        155,
        156,
        160,
        162,
        166,
        167,
        168,
        170,
        171,
        172,
        183,
        184,
        194,
        196,
        199,
        200,
        201,
        203,
        204,
        209,
        210,
        216,
        217,
        222,
        224,
        227,
        228,
        229,
        237,
        238,
        240,
        241,
        242,
        247,
        248,
        249,
        250,
        251,
        252,
        253,
        254,
        92,
        162,
        90,
        206,
        0,
        0,
        4,
        185,
        73,
        68,
        65,
        84,
        88,
        195,
        197,
        153,
        121,
        124,
        19,
        69,
        20,
        199,
        167,
        5,
        165,
        5,
        44,
        164,
        80,
        139,
        22,
        139,
        226,
        85,
        68,
        108,
        17,
        80,
        110,
        5,
        10,
        72,
        35,
        45,
        109,
        2,
        165,
        27,
        44,
        213,
        133,
        18,
        105,
        177,
        42,
        5,
        165,
        90,
        84,
        172,
        32,
        45,
        96,
        69,
        48,
        168,
        137,
        183,
        98,
        180,
        162,
        214,
        91,
        193,
        171,
        30,
        77,
        64,
        137,
        162,
        169,
        74,
        84,
        240,
        168,
        198,
        179,
        106,
        188,
        223,
        31,
        206,
        204,
        30,
        217,
        13,
        155,
        116,
        39,
        89,
        241,
        247,
        199,
        110,
        118,
        118,
        230,
        251,
        153,
        153,
        55,
        243,
        230,
        237,
        11,
        66,
        49,
        149,
        100,
        58,
        230,
        228,
        49,
        231,
        204,
        52,
        23,
        65,
        145,
        121,
        230,
        185,
        227,
        115,
        6,
        155,
        146,
        80,
        220,
        234,
        61,
        116,
        98,
        49,
        68,
        170,
        120,
        226,
        208,
        222,
        241,
        192,
        122,
        102,
        79,
        42,
        3,
        109,
        149,
        77,
        202,
        238,
        201,
        72,
        75,
        29,
        81,
        2,
        177,
        100,
        25,
        145,
        202,
        64,
        235,
        51,
        106,
        30,
        116,
        167,
        121,
        163,
        250,
        234,
        164,
        245,
        24,
        102,
        5,
        61,
        178,
        14,
        235,
        161,
        7,
        151,
        81,
        0,
        122,
        85,
        144,
        209,
        45,
        45,
        57,
        15,
        88,
        148,
        151,
        220,
        205,
        204,
        229,
        3,
        155,
        242,
        251,
        196,
        194,
        165,
        207,
        6,
        86,
        205,
        78,
        143,
        142,
        203,
        180,
        0,
        187,
        44,
        153,
        209,
        112,
        199,
        150,
        66,
        60,
        42,
        205,
        138,
        210,
        187,
        248,
        112,
        24,
        168,
        217,
        195,
        1,
        86,
        136,
        87,
        214,
        1,
        26,
        150,
        45,
        130,
        248,
        85,
        116,
        136,
        149,
        147,
        243,
        33,
        17,
        229,
        71,
        174,
        195,
        92,
        72,
        76,
        185,
        106,
        220,
        64,
        72,
        84,
        3,
        85,
        206,
        174,
        32,
        97,
        158,
        89,
        233,
        18,
        79,
        131,
        196,
        53,
        60,
        140,
        59,
        106,
        174,
        1,
        188,
        185,
        105,
        50,
        239,
        44,
        48,
        66,
        103,
        75,
        184,
        254,
        243,
        13,
        225,
        205,
        239,
        47,
        242,
        70,
        130,
        49,
        202,
        19,
        112,
        41,
        37,
        6,
        241,
        74,
        122,
        81,
        222,
        241,
        244,
        225,
        54,
        181,
        30,
        126,
        241,
        19,
        118,
        224,
        9,
        148,
        55,
        85,
        139,
        215,
        238,
        243,
        237,
        251,
        134,
        149,
        55,
        141,
        70,
        1,
        160,
        197,
        123,
        213,
        227,
        241,
        248,
        152,
        59,
        72,
        220,
        194,
        16,
        77,
        222,
        142,
        86,
        172,
        87,
        88,
        121,
        67,
        48,
        111,
        66,
        152,
        183,
        231,
        11,
        181,
        190,
        100,
        229,
        77,
        192,
        17,
        212,
        156,
        48,
        239,
        174,
        251,
        148,
        186,
        215,
        233,
        100,
        5,
        22,
        39,
        33,
        19,
        68,
        235,
        223,
        129,
        64,
        224,
        103,
        214,
        14,
        154,
        80,
        150,
        130,
        119,
        255,
        35,
        173,
        84,
        79,
        62,
        75,
        245,
        194,
        46,
        102,
        11,
        103,
        161,
        83,
        21,
        188,
        151,
        125,
        190,
        221,
        30,
        73,
        175,
        183,
        181,
        189,
        21,
        187,
        241,
        26,
        251,
        210,
        234,
        157,
        234,
        162,
        28,
        52,
        78,
        193,
        123,
        126,
        183,
        79,
        210,
        123,
        126,
        172,
        131,
        177,
        121,
        117,
        28,
        199,
        185,
        212,
        69,
        227,
        196,
        213,
        44,
        142,
        215,
        237,
        118,
        63,
        32,
        153,
        227,
        110,
        231,
        67,
        192,
        204,
        155,
        138,
        102,
        40,
        237,
        241,
        249,
        65,
        209,
        22,
        159,
        5,
        2,
        129,
        239,
        127,
        215,
        193,
        219,
        166,
        46,
        58,
        15,
        157,
        15,
        26,
        235,
        121,
        199,
        227,
        238,
        199,
        246,
        254,
        3,
        58,
        120,
        142,
        136,
        131,
        19,
        205,
        209,
        226,
        189,
        244,
        134,
        199,
        243,
        246,
        254,
        191,
        132,
        55,
        59,
        155,
        174,
        93,
        117,
        197,
        213,
        235,
        239,
        196,
        63,
        31,
        117,
        185,
        92,
        161,
        80,
        99,
        237,
        165,
        43,
        154,
        21,
        188,
        171,
        236,
        118,
        251,
        178,
        78,
        193,
        73,
        35,
        208,
        226,
        181,
        127,
        224,
        255,
        40,
        16,
        248,
        149,
        148,
        119,
        214,
        114,
        162,
        86,
        133,
        192,
        142,
        111,
        205,
        23,
        211,
        167,
        90,
        129,
        119,
        43,
        192,
        122,
        242,
        184,
        73,
        196,
        104,
        247,
        239,
        30,
        193,
        36,
        79,
        225,
        30,
        94,
        198,
        201,
        106,
        160,
        188,
        5,
        226,
        83,
        19,
        229,
        109,
        6,
        7,
        41,
        168,
        147,
        14,
        17,
        213,
        252,
        237,
        11,
        6,
        131,
        63,
        117,
        117,
        253,
        24,
        164,
        250,
        46,
        24,
        252,
        5,
        182,
        145,
        166,
        75,
        174,
        92,
        81,
        142,
        111,
        85,
        148,
        199,
        113,
        54,
        27,
        185,
        86,
        11,
        60,
        239,
        34,
        124,
        93,
        26,
        146,
        231,
        79,
        105,
        223,
        240,
        254,
        125,
        208,
        77,
        245,
        196,
        159,
        141,
        148,
        3,
        208,
        140,
        239,
        188,
        208,
        191,
        117,
        161,
        15,
        47,
        39,
        84,
        202,
        187,
        185,
        6,
        95,
        46,
        112,
        133,
        237,
        59,
        77,
        193,
        123,
        205,
        31,
        169,
        111,
        189,
        14,
        135,
        163,
        5,
        207,
        98,
        131,
        204,
        171,
        199,
        149,
        67,
        100,
        140,
        148,
        87,
        69,
        186,
        122,
        163,
        98,
        253,
        41,
        247,
        199,
        211,
        237,
        194,
        86,
        123,
        71,
        216,
        35,
        239,
        250,
        253,
        65,
        220,
        118,
        235,
        117,
        53,
        23,
        209,
        113,
        242,
        64,
        90,
        19,
        203,
        2,
        25,
        62,
        212,
        75,
        19,
        91,
        175,
        216,
        31,
        202,
        253,
        187,
        189,
        53,
        82,
        239,
        195,
        245,
        11,
        101,
        123,
        92,
        8,
        213,
        248,
        186,
        149,
        212,
        38,
        133,
        112,
        141,
        244,
        98,
        65,
        75,
        120,
        255,
        42,
        253,
        203,
        158,
        175,
        131,
        178,
        126,
        232,
        34,
        250,
        109,
        173,
        208,
        162,
        130,
        244,
        165,
        156,
        242,
        54,
        147,
        218,
        188,
        138,
        71,
        22,
        143,
        160,
        193,
        42,
        255,
        119,
        135,
        51,
        82,
        7,
        42,
        113,
        237,
        69,
        171,
        111,
        1,
        136,
        198,
        91,
        72,
        108,
        35,
        111,
        19,
        147,
        202,
        63,
        191,
        25,
        136,
        208,
        87,
        4,
        99,
        243,
        226,
        215,
        27,
        15,
        229,
        117,
        82,
        222,
        166,
        14,
        50,
        246,
        101,
        178,
        127,
        86,
        158,
        31,
        202,
        29,
        215,
        70,
        180,
        31,
        42,
        112,
        229,
        45,
        224,
        93,
        83,
        78,
        87,
        136,
        138,
        215,
        65,
        120,
        43,
        1,
        136,
        233,
        185,
        155,
        164,
        243,
        3,
        157,
        168,
        201,
        123,
        110,
        23,
        22,
        118,
        207,
        203,
        9,
        103,
        177,
        77,
        152,
        38,
        13,
        94,
        3,
        94,
        0,
        100,
        69,
        87,
        210,
        21,
        125,
        18,
        9,
        196,
        53,
        121,
        123,
        253,
        254,
        143,
        63,
        253,
        27,
        160,
        165,
        66,
        180,
        45,
        89,
        113,
        45,
        154,
        60,
        104,
        34,
        21,
        214,
        74,
        231,
        175,
        184,
        162,
        157,
        183,
        171,
        120,
        219,
        159,
        241,
        252,
        33,
        120,
        151,
        186,
        74,
        27,
        183,
        120,
        181,
        183,
        134,
        231,
        43,
        55,
        172,
        180,
        47,
        225,
        183,
        144,
        210,
        42,
        158,
        231,
        59,
        110,
        192,
        126,
        165,
        145,
        60,
        93,
        98,
        183,
        87,
        47,
        151,
        226,
        3,
        49,
        126,
        49,
        66,
        66,
        252,
        146,
        98,
        49,
        42,
        190,
        74,
        17,
        2,
        182,
        51,
        13,
        226,
        141,
        52,
        54,
        62,
        45,
        147,
        226,
        83,
        52,
        214,
        16,
        222,
        88,
        57,
        30,
        79,
        51,
        56,
        190,
        71,
        195,
        13,
        224,
        157,
        174,
        252,
        62,
        50,
        27,
        251,
        125,
        132,
        50,
        18,
        230,
        29,
        253,
        159,
        126,
        95,
        26,
        254,
        253,
        107,
        244,
        247,
        185,
        225,
        249,
        3,
        132,
        6,
        197,
        157,
        223,
        24,
        116,
        88,
        242,
        47,
        8,
        101,
        198,
        51,
        100,
        107,
        102,
        140,
        252,
        85,
        33,
        51,
        174,
        48,
        61,
        102,
        126,
        109,
        58,
        35,
        110,
        122,
        223,
        195,
        154,
        255,
        35,
        91,
        79,
        255,
        94,
        54,
        103,
        24,
        155,
        63,
        213,
        155,
        53,
        78,
        27,
        173,
        35,
        191,
        59,
        186,
        31,
        75,
        254,
        249,
        140,
        216,
        135,
        148,
        37,
        55,
        149,
        49,
        163,
        125,
        68,
        246,
        228,
        168,
        249,
        241,
        201,
        217,
        71,
        254,
        239,
        249,
        123,
        249,
        255,
        133,
        83,
        198,
        76,
        153,
        85,
        88,
        10,
        165,
        133,
        179,
        166,
        140,
        207,
        57,
        174,
        187,
        255,
        23,
        254,
        5,
        113,
        143,
        160,
        174,
        43,
        102,
        251,
        187,
        0,
        0,
        0,
        0,
        73,
        69,
        78,
        68,
        174,
        66,
        96,
        130
      ]
    },
    "stat": {
      "dev": 16777220,
      "mode": 33188,
      "nlink": 1,
      "uid": 501,
      "gid": 20,
      "rdev": 0,
      "blksize": 4194304,
      "ino": 2088746,
      "size": 3376,
      "blocks": 8,
      "atime": "2018-04-17T07:59:11.792Z",
      "mtime": "2018-03-22T08:50:41.033Z",
      "ctime": "2018-03-22T08:50:41.033Z",
      "birthtime": "2018-03-22T08:50:41.033Z"
    },
    "history": [
      "/Users/jiangheng/Desktop/work-code/xxd-h5/src/mods/openaccount/yhimgs/gdyh@2x.png"
    ],
    "path": "/Users/jiangheng/Desktop/work-code/xxd-h5/src/mods/openaccount/yhimgs/gdyh@2x.png",
    "gulpCache$filePathChangedInsideTask": false,
    "gulpCache$fileBaseChangedInsideTask": false,
    "gulpCache$originalPath": "/Users/jiangheng/Desktop/work-code/xxd-h5/src/mods/openaccount/yhimgs/gdyh@2x.png",
    "gulpCache$originalBase": "/Users/jiangheng/Desktop/work-code/xxd-h5/src/mods/"
  }
]