[
  {
    "cwd": "/Users/jiangheng/Desktop/work-code/xxd-h5",
    "base": "/Users/jiangheng/Desktop/work-code/xxd-h5/src/mods/",
    "contents": {
      "type": "Buffer",
      "data": [
        137,
        80,
        78,
        71,
        13,
        10,
        26,
        10,
        0,
        0,
        0,
        13,
        73,
        72,
        68,
        82,
        0,
        0,
        0,
        45,
        0,
        0,
        0,
        39,
        8,
        6,
        0,
        0,
        0,
        155,
        129,
        193,
        252,
        0,
        0,
        3,
        189,
        73,
        68,
        65,
        84,
        120,
        218,
        212,
        153,
        121,
        72,
        21,
        81,
        20,
        198,
        159,
        91,
        86,
        164,
        209,
        6,
        169,
        208,
        130,
        97,
        20,
        21,
        68,
        73,
        32,
        100,
        139,
        153,
        69,
        254,
        19,
        97,
        11,
        81,
        17,
        65,
        210,
        98,
        69,
        27,
        20,
        73,
        139,
        66,
        97,
        146,
        69,
        43,
        22,
        180,
        17,
        109,
        134,
        145,
        45,
        132,
        84,
        144,
        162,
        100,
        37,
        90,
        81,
        86,
        70,
        98,
        235,
        31,
        89,
        106,
        182,
        88,
        214,
        235,
        187,
        245,
        189,
        120,
        13,
        115,
        239,
        188,
        55,
        111,
        102,
        194,
        3,
        63,
        244,
        57,
        199,
        59,
        223,
        157,
        185,
        247,
        156,
        115,
        207,
        11,
        114,
        187,
        221,
        174,
        246,
        102,
        161,
        241,
        217,
        13,
        190,
        250,
        246,
        2,
        201,
        96,
        20,
        24,
        8,
        98,
        64,
        4,
        175,
        53,
        129,
        87,
        224,
        33,
        168,
        0,
        215,
        128,
        79,
        3,
        223,
        222,
        208,
        195,
        127,
        209,
        6,
        215,
        131,
        193,
        84,
        176,
        8,
        140,
        227,
        103,
        153,
        13,
        3,
        147,
        249,
        251,
        79,
        80,
        12,
        14,
        128,
        11,
        252,
        108,
        153,
        169,
        68,
        140,
        7,
        213,
        160,
        0,
        36,
        25,
        248,
        234,
        141,
        155,
        2,
        10,
        57,
        198,
        68,
        187,
        69,
        119,
        0,
        187,
        249,
        138,
        135,
        88,
        112,
        15,
        49,
        198,
        85,
        112,
        8,
        116,
        178,
        67,
        116,
        87,
        222,
        96,
        169,
        13,
        251,
        103,
        1,
        40,
        225,
        222,
        176,
        76,
        116,
        56,
        40,
        2,
        99,
        109,
        220,
        248,
        35,
        192,
        117,
        208,
        205,
        42,
        209,
        187,
        192,
        104,
        7,
        34,
        150,
        88,
        46,
        39,
        253,
        220,
        35,
        186,
        162,
        39,
        128,
        116,
        137,
        143,
        8,
        93,
        211,
        65,
        119,
        144,
        0,
        94,
        42,
        198,
        107,
        3,
        25,
        160,
        39,
        24,
        12,
        238,
        72,
        252,
        82,
        20,
        247,
        243,
        89,
        116,
        142,
        194,
        103,
        19,
        56,
        11,
        62,
        128,
        114,
        176,
        67,
        225,
        123,
        4,
        236,
        225,
        68,
        31,
        129,
        76,
        133,
        111,
        22,
        232,
        98,
        86,
        116,
        34,
        24,
        174,
        240,
        209,
        238,
        248,
        239,
        10,
        223,
        16,
        205,
        231,
        48,
        133,
        175,
        200,
        42,
        115,
        76,
        101,
        68,
        48,
        205,
        192,
        103,
        51,
        133,
        94,
        6,
        125,
        193,
        42,
        133,
        239,
        60,
        240,
        6,
        156,
        224,
        18,
        201,
        49,
        24,
        123,
        38,
        216,
        111,
        70,
        116,
        162,
        129,
        143,
        120,
        210,
        121,
        196,
        151,
        55,
        183,
        158,
        104,
        173,
        30,
        220,
        100,
        170,
        23,
        19,
        107,
        101,
        78,
        240,
        219,
        130,
        70,
        102,
        189,
        251,
        132,
        159,
        157,
        109,
        138,
        20,
        223,
        192,
        49,
        166,
        243,
        39,
        172,
        93,
        196,
        102,
        142,
        3,
        81,
        92,
        62,
        194,
        231,
        53,
        39,
        35,
        38,
        117,
        3,
        245,
        72,
        171,
        145,
        104,
        187,
        202,
        60,
        145,
        164,
        22,
        51,
        97,
        173,
        225,
        50,
        244,
        229,
        201,
        54,
        131,
        163,
        32,
        23,
        226,
        235,
        101,
        175,
        179,
        205,
        6,
        193,
        235,
        192,
        108,
        176,
        17,
        84,
        130,
        89,
        126,
        44,
        133,
        72,
        134,
        205,
        90,
        84,
        160,
        91,
        64,
        7,
        61,
        209,
        111,
        45,
        22,
        44,
        158,
        238,
        37,
        112,
        23,
        204,
        13,
        96,
        156,
        48,
        134,
        204,
        82,
        8,
        239,
        173,
        21,
        93,
        97,
        161,
        224,
        237,
        140,
        229,
        165,
        140,
        52,
        86,
        88,
        60,
        133,
        71,
        123,
        139,
        46,
        178,
        104,
        240,
        7,
        140,
        48,
        23,
        249,
        138,
        173,
        180,
        88,
        81,
        151,
        67,
        120,
        184,
        71,
        244,
        57,
        240,
        222,
        130,
        129,
        197,
        102,
        203,
        229,
        137,
        70,
        207,
        78,
        129,
        173,
        138,
        229,
        248,
        149,
        255,
        159,
        207,
        136,
        162,
        87,
        108,
        101,
        122,
        162,
        135,
        248,
        185,
        154,
        175,
        214,
        172,
        61,
        6,
        105,
        224,
        158,
        228,
        250,
        121,
        158,
        128,
        92,
        60,
        170,
        213,
        232,
        248,
        44,
        65,
        180,
        216,
        247,
        123,
        61,
        100,
        55,
        44,
        99,
        1,
        167,
        55,
        177,
        126,
        158,
        218,
        99,
        39,
        184,
        21,
        128,
        232,
        51,
        96,
        161,
        226,
        186,
        119,
        220,
        253,
        226,
        131,
        79,
        139,
        196,
        167,
        35,
        152,
        31,
        234,
        85,
        157,
        165,
        113,
        19,
        197,
        152,
        16,
        93,
        98,
        144,
        142,
        103,
        128,
        70,
        240,
        76,
        49,
        185,
        60,
        60,
        225,
        40,
        38,
        186,
        12,
        197,
        88,
        83,
        60,
        203,
        195,
        99,
        67,
        193,
        21,
        19,
        194,
        227,
        152,
        241,
        156,
        176,
        102,
        109,
        33,
        126,
        159,
        105,
        182,
        210,
        68,
        76,
        117,
        202,
        34,
        131,
        37,
        133,
        77,
        2,
        67,
        152,
        175,
        230,
        100,
        199,
        167,
        53,
        88,
        241,
        228,
        6,
        248,
        89,
        45,
        182,
        56,
        36,
        186,
        70,
        38,
        58,
        149,
        59,
        213,
        251,
        200,
        117,
        24,
        148,
        129,
        207,
        146,
        70,
        77,
        185,
        67,
        162,
        139,
        101,
        29,
        166,
        52,
        47,
        177,
        185,
        60,
        66,
        181,
        120,
        101,
        209,
        254,
        204,
        82,
        34,
        243,
        253,
        0,
        85,
        156,
        100,
        178,
        205,
        130,
        197,
        189,
        14,
        106,
        163,
        135,
        139,
        231,
        54,
        113,
        190,
        219,
        171,
        17,
        107,
        100,
        226,
        176,
        80,
        11,
        162,
        109,
        20,
        157,
        143,
        4,
        148,
        30,
        42,
        89,
        159,
        131,
        76,
        172,
        81,
        145,
        52,
        150,
        243,
        16,
        108,
        135,
        213,
        129,
        181,
        178,
        182,
        88,
        99,
        0,
        155,
        170,
        128,
        111,
        199,
        106,
        251,
        40,
        202,
        0,
        60,
        229,
        38,
        87,
        32,
        13,
        19,
        133,
        173,
        224,
        166,
        181,
        44,
        153,
        128,
        73,
        16,
        92,
        165,
        215,
        97,
        178,
        114,
        179,
        136,
        190,
        221,
        74,
        77,
        61,
        97,
        198,
        94,
        136,
        131,
        55,
        4,
        151,
        201,
        218,
        98,
        86,
        154,
        155,
        181,
        181,
        40,
        11,
        78,
        7,
        144,
        124,
        106,
        32,
        184,
        90,
        214,
        97,
        178,
        203,
        158,
        178,
        183,
        17,
        203,
        90,
        184,
        92,
        82,
        43,
        187,
        120,
        34,
        23,
        19,
        60,
        206,
        183,
        37,
        108,
        12,
        138,
        168,
        8,
        189,
        72,
        225,
        132,
        61,
        7,
        217,
        68,
        28,
        84,
        251,
        176,
        133,
        16,
        194,
        26,
        185,
        14,
        79,
        244,
        239,
        225,
        0,
        66,
        69,
        147,
        103,
        155,
        168,
        232,
        92,
        127,
        250,
        140,
        133,
        255,
        67,
        180,
        182,
        23,
        82,
        75,
        116,
        191,
        115,
        193,
        223,
        68,
        221,
        147,
        10,
        241,
        73,
        60,
        52,
        252,
        219,
        247,
        104,
        143,
        223,
        110,
        253,
        18,
        96,
        0,
        136,
        133,
        237,
        34,
        194,
        71,
        91,
        40,
        0,
        0,
        0,
        0,
        73,
        69,
        78,
        68,
        174,
        66,
        96,
        130
      ]
    },
    "stat": {
      "dev": 16777220,
      "mode": 33188,
      "nlink": 1,
      "uid": 501,
      "gid": 20,
      "rdev": 0,
      "blksize": 4194304,
      "ino": 2088614,
      "size": 1871,
      "blocks": 8,
      "atime": "2018-04-17T07:59:11.786Z",
      "mtime": "2018-03-22T08:50:40.992Z",
      "ctime": "2018-03-22T08:50:40.992Z",
      "birthtime": "2018-03-22T08:50:40.992Z"
    },
    "history": [
      "/Users/jiangheng/Desktop/work-code/xxd-h5/src/mods/contactus/imgs/wx_icon@3x.png"
    ],
    "path": "/Users/jiangheng/Desktop/work-code/xxd-h5/src/mods/contactus/imgs/wx_icon@3x.png",
    "gulpCache$filePathChangedInsideTask": false,
    "gulpCache$fileBaseChangedInsideTask": false,
    "gulpCache$originalPath": "/Users/jiangheng/Desktop/work-code/xxd-h5/src/mods/contactus/imgs/wx_icon@3x.png",
    "gulpCache$originalBase": "/Users/jiangheng/Desktop/work-code/xxd-h5/src/mods/"
  }
]