[
  {
    "cwd": "/Users/jiangheng/Desktop/work-code/xxd-h5",
    "base": "/Users/jiangheng/Desktop/work-code/xxd-h5/src/mods/",
    "contents": {
      "type": "Buffer",
      "data": [
        137,
        80,
        78,
        71,
        13,
        10,
        26,
        10,
        0,
        0,
        0,
        13,
        73,
        72,
        68,
        82,
        0,
        0,
        0,
        30,
        0,
        0,
        0,
        30,
        8,
        6,
        0,
        0,
        0,
        59,
        48,
        174,
        162,
        0,
        0,
        1,
        239,
        73,
        68,
        65,
        84,
        120,
        218,
        188,
        151,
        79,
        40,
        131,
        97,
        28,
        199,
        159,
        177,
        53,
        106,
        68,
        155,
        86,
        138,
        76,
        202,
        194,
        144,
        63,
        73,
        73,
        14,
        202,
        73,
        46,
        10,
        165,
        164,
        56,
        104,
        185,
        40,
        59,
        81,
        50,
        113,
        160,
        184,
        115,
        230,
        128,
        180,
        163,
        36,
        7,
        90,
        203,
        159,
        139,
        164,
        144,
        139,
        112,
        240,
        183,
        29,
        20,
        209,
        242,
        253,
        233,
        89,
        189,
        173,
        119,
        143,
        247,
        217,
        158,
        119,
        223,
        250,
        236,
        221,
        251,
        239,
        249,
        188,
        127,
        158,
        127,
        175,
        165,
        41,
        248,
        194,
        36,
        227,
        5,
        181,
        192,
        9,
        62,
        193,
        35,
        56,
        62,
        153,
        114,
        190,
        203,
        20,
        98,
        53,
        120,
        156,
        29,
        140,
        129,
        113,
        80,
        174,
        179,
        63,
        214,
        60,
        247,
        26,
        198,
        114,
        5,
        236,
        224,
        34,
        98,
        255,
        21,
        152,
        101,
        64,
        90,
        9,
        78,
        193,
        114,
        18,
        105,
        188,
        156,
        54,
        176,
        5,
        206,
        112,
        17,
        117,
        233,
        138,
        171,
        192,
        17,
        168,
        145,
        120,
        138,
        245,
        32,
        2,
        121,
        79,
        170,
        98,
        7,
        8,
        1,
        23,
        147,
        79,
        14,
        216,
        132,
        188,
        51,
        21,
        113,
        16,
        84,
        176,
        212,
        99,
        3,
        235,
        144,
        59,
        101,
        196,
        197,
        192,
        207,
        210,
        79,
        17,
        152,
        150,
        17,
        143,
        242,
        43,
        86,
        145,
        97,
        220,
        181,
        221,
        168,
        120,
        128,
        169,
        75,
        62,
        104,
        53,
        34,
        46,
        229,
        77,
        72,
        101,
        188,
        70,
        196,
        13,
        76,
        125,
        2,
        120,
        220,
        14,
        145,
        56,
        23,
        204,
        154,
        32,
        246,
        128,
        65,
        145,
        184,
        23,
        248,
        152,
        57,
        105,
        20,
        137,
        29,
        204,
        188,
        184,
        68,
        98,
        143,
        137,
        226,
        2,
        188,
        103,
        139,
        158,
        56,
        0,
        38,
        77,
        20,
        119,
        128,
        165,
        68,
        49,
        13,
        6,
        243,
        204,
        252,
        76,
        196,
        251,
        239,
        184,
        152,
        106,
        114,
        54,
        203,
        76,
        102,
        232,
        199,
        130,
        25,
        8,
        117,
        226,
        79,
        6,
        199,
        102,
        101,
        205,
        139,
        100,
        237,
        25,
        150,
        82,
        90,
        72,
        232,
        102,
        153,
        143,
        155,
        196,
        15,
        154,
        13,
        87,
        124,
        2,
        167,
        58,
        228,
        56,
        208,
        172,
        223,
        145,
        120,
        143,
        11,
        105,
        94,
        213,
        5,
        194,
        38,
        85,
        168,
        126,
        112,
        1,
        174,
        193,
        174,
        149,
        223,
        161,
        118,
        244,
        88,
        224,
        109,
        78,
        213,
        123,
        223,
        198,
        172,
        115,
        141,
        255,
        247,
        161,
        57,
        89,
        177,
        254,
        163,
        87,
        248,
        33,
        205,
        151,
        20,
        73,
        191,
        193,
        134,
        182,
        199,
        34,
        169,
        94,
        151,
        73,
        131,
        118,
        4,
        244,
        41,
        18,
        219,
        248,
        148,
        55,
        4,
        185,
        77,
        212,
        87,
        251,
        249,
        244,
        84,
        117,
        186,
        193,
        136,
        72,
        252,
        33,
        81,
        216,
        13,
        120,
        147,
        56,
        190,
        76,
        36,
        94,
        165,
        202,
        32,
        56,
        249,
        11,
        236,
        131,
        33,
        80,
        205,
        167,
        72,
        84,
        99,
        207,
        5,
        231,
        220,
        242,
        79,
        155,
        69,
        237,
        70,
        75,
        146,
        143,
        182,
        18,
        234,
        93,
        248,
        135,
        25,
        37,
        202,
        155,
        193,
        101,
        98,
        59,
        71,
        101,
        249,
        91,
        226,
        29,
        230,
        241,
        79,
        156,
        66,
        190,
        235,
        25,
        220,
        99,
        127,
        84,
        79,
        240,
        43,
        192,
        0,
        6,
        16,
        106,
        205,
        195,
        144,
        123,
        168,
        0,
        0,
        0,
        0,
        73,
        69,
        78,
        68,
        174,
        66,
        96,
        130
      ]
    },
    "stat": {
      "dev": 16777220,
      "mode": 33188,
      "nlink": 1,
      "uid": 501,
      "gid": 20,
      "rdev": 0,
      "blksize": 4194304,
      "ino": 2088608,
      "size": 1409,
      "blocks": 8,
      "atime": "2018-04-17T07:59:11.786Z",
      "mtime": "2018-03-22T08:50:40.991Z",
      "ctime": "2018-03-22T08:50:40.991Z",
      "birthtime": "2018-03-22T08:50:40.991Z"
    },
    "history": [
      "/Users/jiangheng/Desktop/work-code/xxd-h5/src/mods/contactus/imgs/qq@2x.png"
    ],
    "path": "/Users/jiangheng/Desktop/work-code/xxd-h5/src/mods/contactus/imgs/qq@2x.png",
    "gulpCache$filePathChangedInsideTask": false,
    "gulpCache$fileBaseChangedInsideTask": false,
    "gulpCache$originalPath": "/Users/jiangheng/Desktop/work-code/xxd-h5/src/mods/contactus/imgs/qq@2x.png",
    "gulpCache$originalBase": "/Users/jiangheng/Desktop/work-code/xxd-h5/src/mods/"
  }
]