[
  {
    "cwd": "/Users/jiangheng/Desktop/work-code/xxd-h5",
    "base": "/Users/jiangheng/Desktop/work-code/xxd-h5/src/mods/",
    "contents": {
      "type": "Buffer",
      "data": [
        137,
        80,
        78,
        71,
        13,
        10,
        26,
        10,
        0,
        0,
        0,
        13,
        73,
        72,
        68,
        82,
        0,
        0,
        0,
        40,
        0,
        0,
        0,
        40,
        8,
        6,
        0,
        0,
        0,
        140,
        254,
        184,
        109,
        0,
        0,
        5,
        114,
        73,
        68,
        65,
        84,
        120,
        218,
        204,
        88,
        221,
        107,
        92,
        69,
        20,
        223,
        185,
        119,
        191,
        63,
        178,
        155,
        207,
        70,
        99,
        77,
        74,
        21,
        26,
        170,
        130,
        70,
        176,
        133,
        82,
        16,
        237,
        147,
        210,
        7,
        69,
        48,
        34,
        62,
        168,
        197,
        162,
        104,
        16,
        197,
        167,
        10,
        130,
        15,
        62,
        139,
        15,
        166,
        182,
        15,
        245,
        11,
        148,
        26,
        170,
        160,
        40,
        88,
        255,
        128,
        90,
        36,
        177,
        106,
        125,
        168,
        218,
        104,
        76,
        218,
        52,
        155,
        102,
        147,
        253,
        184,
        119,
        239,
        199,
        140,
        191,
        217,
        156,
        73,
        47,
        75,
        119,
        187,
        31,
        35,
        122,
        225,
        48,
        247,
        206,
        189,
        247,
        204,
        111,
        206,
        156,
        243,
        59,
        103,
        134,
        237,
        126,
        249,
        183,
        144,
        198,
        139,
        81,
        43,
        116,
        41,
        12,
        119,
        171,
        32,
        179,
        186,
        51,
        84,
        236,
        255,
        93,
        2,
        51,
        210,
        87,
        119,
        60,
        132,
        182,
        90,
        234,
        187,
        120,
        26,
        45,
        199,
        187,
        27,
        2,
        197,
        191,
        77,
        223,
        27,
        154,
        38,
        106,
        164,
        10,
        183,
        222,
        197,
        132,
        241,
        5,
        228,
        235,
        228,
        250,
        45,
        99,
        186,
        116,
        119,
        173,
        132,
        172,
        103,
        66,
        70,
        2,
        203,
        124,
        211,
        255,
        6,
        160,
        210,
        35,
        24,
        191,
        230,
        46,
        155,
        247,
        6,
        129,
        255,
        87,
        1,
        178,
        128,
        227,
        55,
        187,
        4,
        55,
        221,
        5,
        180,
        62,
        196,
        242,
        195,
        246,
        82,
        27,
        214,
        103,
        157,
        4,
        137,
        114,
        250,
        251,
        209,
        14,
        90,
        61,
        75,
        159,
        249,
        225,
        170,
        28,
        156,
        55,
        248,
        158,
        219,
        233,
        101,
        208,
        129,
        216,
        31,
        98,
        194,
        171,
        38,
        175,
        94,
        110,
        22,
        36,
        0,
        102,
        68,
        237,
        108,
        4,
        250,
        31,
        199,
        227,
        5,
        4,
        213,
        25,
        210,
        45,
        90,
        6,
        24,
        47,
        13,
        229,
        164,
        195,
        203,
        111,
        146,
        27,
        35,
        15,
        148,
        179,
        11,
        47,
        192,
        74,
        110,
        3,
        144,
        82,
        177,
        99,
        167,
        175,
        252,
        76,
        207,
        242,
        59,
        33,
        45,
        84,
        15,
        82,
        130,
        11,
        59,
        169,
        120,
        172,
        210,
        127,
        34,
        36,
        216,
        99,
        232,
        42,
        65,
        6,
        212,
        63,
        45,
        3,
        116,
        18,
        107,
        78,
        196,
        73,
        207,
        65,
        201,
        189,
        144,
        103,
        16,
        153,
        22,
        102,
        250,
        74,
        64,
        81,
        205,
        202,
        134,
        31,
        53,
        19,
        197,
        225,
        59,
        24,
        55,
        38,
        208,
        53,
        88,
        155,
        0,
        19,
        87,
        224,
        147,
        63,
        148,
        115,
        127,
        157,
        7,
        32,
        174,
        172,
        41,
        193,
        201,
        49,
        19,
        165,
        109,
        211,
        4,
        14,
        191,
        136,
        239,
        41,
        200,
        188,
        182,
        120,
        16,
        214,
        226,
        118,
        106,
        229,
        201,
        88,
        121,
        224,
        36,
        44,
        121,
        39,
        228,
        81,
        116,
        191,
        70,
        126,
        22,
        138,
        151,
        182,
        245,
        132,
        157,
        228,
        139,
        232,
        127,
        22,
        143,
        219,
        235,
        237,
        201,
        48,
        38,
        64,
        253,
        1,
        160,
        71,
        221,
        88,
        113,
        26,
        224,
        202,
        52,
        169,
        176,
        2,
        135,
        119,
        103,
        224,
        26,
        135,
        154,
        249,
        160,
        57,
        180,
        247,
        165,
        134,
        193,
        193,
        195,
        142,
        203,
        77,
        239,
        91,
        211,
        139,
        123,
        0,
        124,
        212,
        141,
        111,
        212,
        88,
        53,
        189,
        54,
        246,
        32,
        250,
        190,
        97,
        33,
        118,
        16,
        143,
        217,
        38,
        250,
        123,
        241,
        205,
        1,
        124,
        59,
        25,
        169,
        246,
        204,
        186,
        137,
        245,
        69,
        9,
        16,
        43,
        115,
        81,
        48,
        49,
        111,
        103,
        150,
        95,
        247,
        163,
        86,
        94,
        146,
        123,
        35,
        31,
        100,
        77,
        82,
        157,
        52,
        123,
        4,
        18,
        163,
        123,
        169,
        192,
        3,
        184,
        73,
        198,
        205,
        233,
        14,
        40,
        202,
        21,
        134,
        247,
        84,
        169,
        247,
        207,
        47,
        105,
        229,
        212,
        178,
        86,
        201,
        109,
        252,
        118,
        105,
        70,
        2,
        114,
        32,
        21,
        18,
        23,
        217,
        226,
        64,
        135,
        224,
        228,
        21,
        193,
        146,
        124,
        152,
        42,
        108,
        223,
        67,
        122,
        203,
        164,
        215,
        105,
        4,
        238,
        70,
        0,
        133,
        178,
        154,
        20,
        248,
        98,
        214,
        240,
        35,
        211,
        93,
        146,
        123,
        24,
        65,
        117,
        60,
        98,
        103,
        19,
        74,
        111,
        19,
        234,
        106,
        43,
        147,
        152,
        145,
        106,
        102,
        10,
        237,
        144,
        134,
        172,
        51,
        26,
        179,
        122,
        159,
        107,
        117,
        108,
        35,
        72,
        204,
        228,
        27,
        145,
        128,
        143,
        200,
        62,
        211,
        244,
        98,
        113,
        68,
        235,
        211,
        218,
        106,
        50,
        110,
        28,
        162,
        113,
        12,
        53,
        70,
        221,
        216,
        134,
        202,
        48,
        138,
        102,
        140,
        244,
        218,
        232,
        30,
        248,
        200,
        199,
        50,
        242,
        104,
        133,
        207,
        185,
        241,
        226,
        195,
        160,
        26,
        59,
        86,
        30,
        188,
        143,
        200,
        84,
        23,
        196,
        177,
        228,
        198,
        205,
        187,
        43,
        61,
        75,
        63,
        162,
        205,
        153,
        110,
        226,
        43,
        116,
        222,
        78,
        47,
        87,
        16,
        76,
        143,
        32,
        152,
        36,
        233,
        11,
        99,
        203,
        122,
        194,
        216,
        39,
        205,
        15,
        233,
        217,
        20,
        182,
        207,
        240,
        162,
        163,
        155,
        206,
        109,
        222,
        19,
        210,
        124,
        193,
        24,
        119,
        75,
        3,
        161,
        221,
        133,
        118,
        226,
        218,
        184,
        161,
        157,
        192,
        178,
        151,
        172,
        202,
        148,
        5,
        25,
        242,
        231,
        251,
        200,
        143,
        0,
        43,
        178,
        242,
        119,
        180,
        23,
        42,
        217,
        197,
        121,
        9,
        30,
        92,
        54,
        164,
        27,
        32,
        88,
        122,
        88,
        130,
        64,
        182,
        153,
        69,
        100,
        31,
        38,
        227,
        72,
        40,
        171,
        213,
        228,
        234,
        76,
        125,
        38,
        225,
        110,
        124,
        125,
        3,
        114,
        28,
        247,
        81,
        138,
        96,
        155,
        194,
        223,
        148,
        218,
        180,
        3,
        100,
        66,
        249,
        191,
        95,
        206,
        45,
        156,
        36,
        190,
        101,
        196,
        139,
        150,
        34,
        237,
        112,
        128,
        78,
        28,
        106,
        183,
        126,
        84,
        57,
        23,
        172,
        191,
        166,
        31,
        161,
        200,
        211,
        120,
        46,
        209,
        141,
        29,
        224,
        95,
        69,
        63,
        34,
        28,
        232,
        20,
        117,
        156,
        36,
        8,
        44,
        231,
        134,
        247,
        19,
        56,
        80,
        43,
        60,
        63,
        236,
        156,
        11,
        128,
        81,
        21,
        80,
        112,
        108,
        81,
        207,
        131,
        10,
        32,
        175,
        3,
        204,
        171,
        169,
        149,
        179,
        120,
        44,
        104,
        92,
        222,
        37,
        20,
        9,
        191,
        6,
        86,
        137,
        95,
        103,
        236,
        150,
        136,
        186,
        246,
        51,
        10,
        133,
        10,
        138,
        134,
        25,
        93,
        248,
        184,
        225,
        126,
        18,
        112,
        41,
        209,
        109,
        38,
        145,
        179,
        116,
        80,
        31,
        190,
        163,
        197,
        138,
        76,
        44,
        219,
        169,
        252,
        123,
        180,
        164,
        92,
        199,
        166,
        169,
        230,
        200,
        168,
        233,
        22,
        189,
        168,
        117,
        164,
        203,
        77,
        185,
        231,
        70,
        203,
        175,
        250,
        17,
        107,
        69,
        39,
        64,
        65,
        142,
        92,
        177,
        50,
        151,
        78,
        97,
        67,
        244,
        86,
        135,
        32,
        61,
        47,
        98,
        29,
        129,
        239,
        157,
        86,
        20,
        214,
        202,
        198,
        190,
        213,
        98,
        65,
        209,
        65,
        17,
        228,
        253,
        174,
        23,
        45,
        77,
        181,
        181,
        220,
        76,
        228,
        177,
        2,
        207,
        99,
        243,
        245,
        17,
        237,
        65,
        156,
        86,
        172,
        215,
        206,
        209,
        135,
        32,
        95,
        172,
        113,
        149,
        149,
        89,
        158,
        65,
        254,
        60,
        27,
        175,
        244,
        31,
        70,
        249,
        116,
        16,
        60,
        222,
        219,
        8,
        152,
        111,
        58,
        51,
        213,
        84,
        254,
        24,
        109,
        69,
        139,
        68,
        196,
        45,
        89,
        175,
        221,
        179,
        25,
        53,
        227,
        218,
        242,
        192,
        143,
        156,
        114,
        246,
        239,
        55,
        144,
        16,
        222,
        142,
        90,
        185,
        9,
        195,
        143,
        141,
        163,
        74,
        233,
        151,
        147,
        17,
        6,
        207,
        115,
        179,
        250,
        139,
        147,
        40,
        204,
        97,
        223,
        81,
        32,
        96,
        150,
        42,
        78,
        91,
        5,
        215,
        201,
        225,
        17,
        15,
        144,
        168,
        136,
        85,
        250,
        178,
        216,
        66,
        238,
        71,
        166,
        73,
        194,
        90,
        235,
        144,
        34,
        101,
        49,
        48,
        83,
        114,
        56,
        137,
        119,
        168,
        136,
        78,
        57,
        241,
        66,
        89,
        5,
        69,
        59,
        224,
        58,
        61,
        221,
        82,
        196,
        234,
        71,
        237,
        220,
        155,
        88,
        222,
        201,
        102,
        31,
        71,
        43,
        125,
        227,
        0,
        56,
        213,
        9,
        184,
        110,
        207,
        102,
        144,
        163,
        249,
        108,
        179,
        253,
        68,
        205,
        106,
        204,
        159,
        107,
        227,
        8,
        69,
        239,
        249,
        96,
        169,
        119,
        254,
        24,
        154,
        79,
        229,
        49,
        161,
        220,
        42,
        83,
        13,
        167,
        200,
        221,
        34,
        223,
        43,
        118,
        195,
        157,
        157,
        2,
        84,
        81,
        45,
        35,
        178,
        24,
        47,
        15,
        140,
        96,
        223,
        251,
        1,
        213,
        120,
        210,
        182,
        11,
        88,
        214,
        39,
        80,
        99,
        22,
        41,
        168,
        120,
        167,
        32,
        141,
        46,
        1,
        202,
        168,
        180,
        17,
        16,
        187,
        0,
        238,
        54,
        185,
        167,
        175,
        137,
        96,
        227,
        8,
        158,
        29,
        4,
        206,
        109,
        55,
        114,
        117,
        45,
        241,
        214,
        182,
        212,
        202,
        92,
        254,
        60,
        81,
        28,
        6,
        23,
        10,
        218,
        183,
        176,
        75,
        32,
        244,
        239,
        104,
        18,
        188,
        83,
        112,
        58,
        206,
        168,
        197,
        230,
        217,
        160,
        83,
        69,
        233,
        126,
        130,
        252,
        80,
        4,
        78,
        11,
        56,
        157,
        114,
        253,
        119,
        135,
        232,
        117,
        213,
        184,
        29,
        8,
        18,
        63,
        164,
        225,
        180,
        95,
        23,
        64,
        113,
        157,
        220,
        42,
        116,
        0,
        252,
        71,
        128,
        1,
        0,
        9,
        58,
        144,
        238,
        82,
        75,
        116,
        101,
        0,
        0,
        0,
        0,
        73,
        69,
        78,
        68,
        174,
        66,
        96,
        130
      ]
    },
    "stat": {
      "dev": 16777220,
      "mode": 33188,
      "nlink": 1,
      "uid": 501,
      "gid": 20,
      "rdev": 0,
      "blksize": 4194304,
      "ino": 2088699,
      "size": 2303,
      "blocks": 8,
      "atime": "2018-04-17T07:59:11.791Z",
      "mtime": "2018-03-22T08:50:41.021Z",
      "ctime": "2018-03-22T08:50:41.021Z",
      "birthtime": "2018-03-22T08:50:41.020Z"
    },
    "history": [
      "/Users/jiangheng/Desktop/work-code/xxd-h5/src/mods/mypurse/imgs/feedback_icon@2x.png"
    ],
    "path": "/Users/jiangheng/Desktop/work-code/xxd-h5/src/mods/mypurse/imgs/feedback_icon@2x.png",
    "gulpCache$filePathChangedInsideTask": false,
    "gulpCache$fileBaseChangedInsideTask": false,
    "gulpCache$originalPath": "/Users/jiangheng/Desktop/work-code/xxd-h5/src/mods/mypurse/imgs/feedback_icon@2x.png",
    "gulpCache$originalBase": "/Users/jiangheng/Desktop/work-code/xxd-h5/src/mods/"
  }
]