[
  {
    "cwd": "/Users/jiangheng/Desktop/work-code/xxd-h5",
    "base": "/Users/jiangheng/Desktop/work-code/xxd-h5/src/mods/",
    "contents": {
      "type": "Buffer",
      "data": [
        137,
        80,
        78,
        71,
        13,
        10,
        26,
        10,
        0,
        0,
        0,
        13,
        73,
        72,
        68,
        82,
        0,
        0,
        0,
        48,
        0,
        0,
        0,
        57,
        8,
        6,
        0,
        0,
        0,
        112,
        13,
        168,
        79,
        0,
        0,
        3,
        240,
        73,
        68,
        65,
        84,
        120,
        218,
        236,
        154,
        203,
        79,
        19,
        65,
        28,
        199,
        105,
        33,
        8,
        62,
        66,
        98,
        84,
        66,
        53,
        33,
        4,
        19,
        15,
        109,
        66,
        11,
        152,
        120,
        144,
        24,
        136,
        81,
        80,
        17,
        244,
        0,
        156,
        140,
        94,
        140,
        7,
        175,
        220,
        124,
        65,
        188,
        24,
        253,
        31,
        136,
        146,
        104,
        125,
        160,
        60,
        76,
        20,
        98,
        48,
        242,
        18,
        121,
        40,
        32,
        222,
        52,
        134,
        4,
        53,
        62,
        8,
        7,
        69,
        43,
        97,
        59,
        126,
        7,
        126,
        133,
        105,
        217,
        210,
        153,
        221,
        45,
        109,
        99,
        39,
        249,
        176,
        157,
        237,
        252,
        102,
        127,
        191,
        153,
        253,
        206,
        238,
        252,
        168,
        141,
        49,
        150,
        146,
        200,
        37,
        205,
        108,
        7,
        236,
        109,
        97,
        184,
        175,
        108,
        224,
        18,
        168,
        7,
        215,
        65,
        35,
        111,
        110,
        117,
        0,
        246,
        40,
        13,
        204,
        70,
        224,
        5,
        87,
        192,
        38,
        58,
        122,
        233,
        124,
        156,
        5,
        192,
        86,
        225,
        0,
        61,
        160,
        38,
        228,
        124,
        13,
        157,
        119,
        232,
        216,
        24,
        198,
        234,
        25,
        40,
        6,
        35,
        160,
        40,
        204,
        247,
        69,
        244,
        125,
        113,
        60,
        206,
        64,
        45,
        141,
        112,
        78,
        132,
        81,
        203,
        161,
        118,
        181,
        241,
        50,
        3,
        54,
        225,
        30,
        207,
        148,
        180,
        201,
        20,
        52,
        98,
        51,
        117,
        113,
        51,
        203,
        40,
        27,
        43,
        228,
        162,
        108,
        2,
        53,
        38,
        124,
        184,
        7,
        206,
        128,
        223,
        235,
        26,
        0,
        123,
        227,
        113,
        224,
        208,
        190,
        198,
        253,
        174,
        82,
        70,
        193,
        113,
        240,
        121,
        93,
        52,
        0,
        231,
        35,
        137,
        85,
        181,
        24,
        22,
        183,
        114,
        0,
        236,
        181,
        71,
        86,
        172,
        170,
        24,
        18,
        183,
        244,
        45,
        196,
        70,
        61,
        92,
        108,
        151,
        137,
        104,
        151,
        6,
        130,
        89,
        162,
        1,
        56,
        111,
        133,
        88,
        163,
        34,
        238,
        136,
        1,
        176,
        17,
        75,
        197,
        106,
        185,
        184,
        215,
        12,
        128,
        13,
        47,
        138,
        149,
        59,
        159,
        19,
        195,
        23,
        206,
        47,
        20,
        196,
        136,
        146,
        136,
        217,
        80,
        212,
        196,
        106,
        169,
        184,
        87,
        205,
        0,
        27,
        114,
        175,
        167,
        88,
        77,
        139,
        59,
        40,
        0,
        246,
        202,
        29,
        11,
        177,
        154,
        18,
        247,
        114,
        0,
        254,
        65,
        119,
        44,
        197,
        106,
        88,
        220,
        139,
        1,
        248,
        95,
        186,
        185,
        211,
        29,
        49,
        22,
        171,
        17,
        113,
        87,
        46,
        5,
        48,
        224,
        158,
        65,
        101,
        107,
        2,
        110,
        137,
        103,
        210,
        232,
        157,
        190,
        5,
        127,
        15,
        37,
        96,
        0,
        93,
        54,
        179,
        89,
        9,
        127,
        159,
        59,
        190,
        178,
        18,
        254,
        190,
        130,
        205,
        56,
        28,
        6,
        59,
        195,
        60,
        39,
        190,
        131,
        103,
        246,
        253,
        227,
        95,
        87,
        182,
        100,
        65,
        101,
        31,
        224,
        81,
        101,
        232,
        216,
        250,
        192,
        24,
        24,
        12,
        227,
        79,
        54,
        56,
        8,
        182,
        235,
        141,
        21,
        248,
        4,
        58,
        193,
        47,
        221,
        0,
        252,
        189,
        5,
        123,
        73,
        204,
        217,
        17,
        2,
        247,
        161,
        237,
        105,
        123,
        201,
        248,
        93,
        193,
        255,
        116,
        90,
        226,
        170,
        36,
        6,
        174,
        141,
        150,
        234,
        121,
        225,
        92,
        29,
        45,
        225,
        25,
        17,
        108,
        249,
        192,
        85,
        130,
        225,
        224,
        101,
        180,
        167,
        32,
        21,
        135,
        15,
        32,
        87,
        114,
        246,
        254,
        130,
        221,
        96,
        154,
        234,
        23,
        41,
        247,
        35,
        91,
        120,
        251,
        171,
        244,
        121,
        23,
        93,
        59,
        93,
        210,
        118,
        10,
        228,
        3,
        205,
        46,
        108,
        206,
        61,
        32,
        87,
        225,
        17,
        191,
        1,
        148,
        11,
        245,
        42,
        197,
        87,
        132,
        106,
        225,
        115,
        5,
        72,
        87,
        176,
        205,
        37,
        127,
        133,
        91,
        200,
        152,
        150,
        109,
        22,
        105,
        209,
        112,
        63,
        226,
        12,
        140,
        129,
        105,
        133,
        81,
        152,
        7,
        93,
        66,
        189,
        67,
        113,
        6,
        196,
        246,
        157,
        212,
        159,
        172,
        237,
        52,
        249,
        187,
        18,
        128,
        189,
        116,
        124,
        33,
        133,
        177,
        58,
        48,
        151,
        194,
        117,
        17,
        153,
        179,
        176,
        153,
        18,
        234,
        215,
        64,
        183,
        164,
        109,
        55,
        181,
        15,
        212,
        121,
        63,
        231,
        36,
        109,
        231,
        200,
        79,
        238,
        111,
        240,
        50,
        105,
        47,
        155,
        232,
        71,
        84,
        239,
        165,
        18,
        74,
        101,
        19,
        55,
        67,
        18,
        91,
        62,
        208,
        44,
        57,
        130,
        205,
        212,
        94,
        60,
        215,
        36,
        105,
        203,
        253,
        235,
        15,
        212,
        211,
        116,
        51,
        109,
        170,
        153,
        185,
        120,
        122,
        144,
        37,
        3,
        72,
        6,
        96,
        54,
        128,
        4,
        139,
        32,
        121,
        11,
        37,
        3,
        72,
        6,
        16,
        234,
        143,
        162,
        67,
        44,
        57,
        3,
        255,
        249,
        50,
        26,
        244,
        50,
        167,
        181,
        187,
        178,
        224,
        207,
        54,
        153,
        151,
        42,
        180,
        205,
        15,
        121,
        153,
        227,
        236,
        145,
        124,
        33,
        211,
        107,
        151,
        47,
        105,
        203,
        253,
        203,
        210,
        205,
        141,
        106,
        109,
        174,
        39,
        56,
        148,
        75,
        6,
        255,
        17,
        56,
        193,
        31,
        170,
        243,
        189,
        112,
        171,
        194,
        224,
        85,
        211,
        222,
        152,
        23,
        158,
        210,
        156,
        4,
        121,
        146,
        182,
        79,
        65,
        69,
        208,
        12,
        104,
        173,
        174,
        252,
        144,
        45,
        98,
        36,
        242,
        192,
        81,
        161,
        126,
        94,
        113,
        67,
        35,
        182,
        63,
        66,
        253,
        201,
        218,
        150,
        7,
        102,
        76,
        188,
        133,
        140,
        164,
        21,
        69,
        27,
        135,
        162,
        173,
        195,
        138,
        107,
        139,
        91,
        202,
        119,
        58,
        155,
        140,
        72,
        140,
        10,
        159,
        135,
        21,
        109,
        135,
        195,
        244,
        35,
        131,
        143,
        252,
        93,
        9,
        32,
        245,
        196,
        228,
        44,
        78,
        92,
        80,
        232,
        228,
        54,
        108,
        6,
        132,
        122,
        35,
        248,
        33,
        105,
        203,
        219,
        53,
        8,
        117,
        222,
        207,
        29,
        133,
        107,
        115,
        63,
        103,
        117,
        255,
        193,
        161,
        61,
        116,
        29,
        195,
        225,
        20,
        216,
        17,
        102,
        234,
        126,
        146,
        248,
        154,
        82,
        79,
        78,
        106,
        104,
        47,
        126,
        199,
        243,
        59,
        245,
        36,
        110,
        189,
        223,
        34,
        45,
        144,
        88,
        111,
        8,
        249,
        164,
        229,
        49,
        76,
        89,
        202,
        251,
        243,
        197,
        96,
        75,
        152,
        107,
        127,
        3,
        183,
        192,
        227,
        229,
        116,
        134,
        217,
        220,
        168,
        214,
        226,
        140,
        159,
        7,
        153,
        246,
        192,
        121,
        0,
        135,
        210,
        4,
        200,
        74,
        63,
        7,
        47,
        130,
        102,
        0,
        206,
        243,
        164,
        110,
        47,
        37,
        102,
        227,
        189,
        240,
        4,
        113,
        9,
        79,
        242,
        46,
        6,
        160,
        221,
        119,
        62,
        162,
        7,
        75,
        162,
        149,
        214,
        64,
        0,
        9,
        251,
        211,
        69,
        59,
        61,
        3,
        188,
        49,
        254,
        95,
        176,
        81,
        188,
        182,
        68,
        255,
        221,
        232,
        63,
        1,
        6,
        0,
        165,
        23,
        134,
        92,
        203,
        167,
        87,
        40,
        0,
        0,
        0,
        0,
        73,
        69,
        78,
        68,
        174,
        66,
        96,
        130
      ]
    },
    "stat": {
      "dev": 16777220,
      "mode": 33188,
      "nlink": 1,
      "uid": 501,
      "gid": 20,
      "rdev": 0,
      "blksize": 4194304,
      "ino": 2088638,
      "size": 1922,
      "blocks": 8,
      "atime": "2018-04-17T07:59:11.787Z",
      "mtime": "2018-03-22T08:50:40.999Z",
      "ctime": "2018-03-22T08:50:40.999Z",
      "birthtime": "2018-03-22T08:50:40.999Z"
    },
    "history": [
      "/Users/jiangheng/Desktop/work-code/xxd-h5/src/mods/home/imgs/depository_icon@3x.png"
    ],
    "path": "/Users/jiangheng/Desktop/work-code/xxd-h5/src/mods/home/imgs/depository_icon@3x.png",
    "gulpCache$filePathChangedInsideTask": false,
    "gulpCache$fileBaseChangedInsideTask": false,
    "gulpCache$originalPath": "/Users/jiangheng/Desktop/work-code/xxd-h5/src/mods/home/imgs/depository_icon@3x.png",
    "gulpCache$originalBase": "/Users/jiangheng/Desktop/work-code/xxd-h5/src/mods/"
  }
]