[
  {
    "cwd": "/Users/jiangheng/Desktop/work-code/xxd-h5",
    "base": "/Users/jiangheng/Desktop/work-code/xxd-h5/src/mods/",
    "contents": {
      "type": "Buffer",
      "data": [
        137,
        80,
        78,
        71,
        13,
        10,
        26,
        10,
        0,
        0,
        0,
        13,
        73,
        72,
        68,
        82,
        0,
        0,
        0,
        79,
        0,
        0,
        0,
        79,
        8,
        6,
        0,
        0,
        0,
        170,
        52,
        152,
        134,
        0,
        0,
        18,
        35,
        73,
        68,
        65,
        84,
        120,
        218,
        237,
        93,
        7,
        152,
        85,
        197,
        217,
        94,
        123,
        9,
        81,
        19,
        141,
        6,
        243,
        107,
        212,
        96,
        65,
        35,
        65,
        37,
        143,
        254,
        26,
        35,
        138,
        5,
        69,
        140,
        52,
        69,
        17,
        68,
        122,
        115,
        5,
        81,
        9,
        72,
        181,
        32,
        130,
        34,
        32,
        77,
        74,
        80,
        34,
        82,
        5,
        141,
        82,
        20,
        48,
        10,
        72,
        91,
        20,
        22,
        11,
        40,
        176,
        123,
        219,
        57,
        183,
        247,
        114,
        110,
        127,
        243,
        206,
        156,
        179,
        203,
        46,
        194,
        222,
        11,
        138,
        176,
        120,
        103,
        159,
        239,
        185,
        247,
        180,
        57,
        51,
        239,
        124,
        229,
        253,
        230,
        156,
        59,
        91,
        4,
        160,
        232,
        8,
        201,
        9,
        148,
        6,
        148,
        7,
        41,
        67,
        41,
        239,
        80,
        54,
        80,
        190,
        163,
        216,
        40,
        1,
        232,
        37,
        96,
        108,
        139,
        253,
        27,
        41,
        139,
        40,
        163,
        41,
        29,
        140,
        235,
        79,
        56,
        82,
        125,
        248,
        185,
        111,
        120,
        9,
        165,
        31,
        101,
        5,
        37,
        132,
        159,
        166,
        132,
        140,
        250,
        250,
        25,
        245,
        31,
        83,
        224,
        157,
        73,
        233,
        70,
        89,
        67,
        201,
        226,
        240,
        150,
        172,
        113,
        159,
        110,
        198,
        125,
        107,
        45,
        120,
        23,
        83,
        38,
        83,
        52,
        28,
        153,
        18,
        55,
        238,
        127,
        113,
        109,
        2,
        175,
        30,
        229,
        77,
        74,
        10,
        71,
        71,
        73,
        25,
        237,
        185,
        244,
        104,
        6,
        239,
        12,
        202,
        43,
        148,
        4,
        142,
        206,
        146,
        48,
        218,
        119,
        198,
        209,
        6,
        94,
        115,
        138,
        21,
        181,
        163,
        88,
        141,
        246,
        30,
        113,
        240,
        78,
        167,
        76,
        67,
        237,
        44,
        211,
        140,
        246,
        31,
        17,
        240,
        132,
        111,
        43,
        69,
        237,
        46,
        165,
        70,
        63,
        126,
        86,
        240,
        110,
        161,
        120,
        113,
        108,
        20,
        175,
        209,
        159,
        159,
        5,
        188,
        214,
        6,
        13,
        56,
        150,
        74,
        220,
        232,
        215,
        97,
        5,
        239,
        17,
        74,
        26,
        199,
        102,
        17,
        253,
        106,
        127,
        184,
        192,
        107,
        125,
        12,
        3,
        87,
        21,
        192,
        214,
        63,
        53,
        120,
        183,
        29,
        197,
        252,
        237,
        112,
        240,
        193,
        219,
        126,
        42,
        240,
        234,
        85,
        153,
        225,
        248,
        165,
        148,
        64,
        62,
        81,
        56,
        31,
        30,
        87,
        138,
        95,
        102,
        41,
        205,
        197,
        3,
        115,
        129,
        247,
        6,
        126,
        217,
        229,
        141,
        67,
        5,
        239,
        94,
        20,
        10,
        12,
        28,
        14,
        10,
        188,
        51,
        107,
        81,
        174,
        122,
        184,
        139,
        237,
        64,
        115,
        131,
        7,
        2,
        111,
        108,
        1,
        179,
        106,
        229,
        181,
        124,
        193,
        187,
        140,
        146,
        44,
        224,
        85,
        173,
        8,
        60,
        46,
        207,
        7,
        188,
        185,
        5,
        172,
        246,
        91,
        230,
        229,
        2,
        239,
        74,
        74,
        166,
        128,
        211,
        126,
        75,
        198,
        192,
        231,
        128,
        224,
        77,
        47,
        96,
        84,
        99,
        153,
        118,
        32,
        240,
        206,
        198,
        145,
        123,
        88,
        83,
        91,
        138,
        192,
        231,
        183,
        251,
        3,
        239,
        137,
        2,
        54,
        121,
        149,
        190,
        251,
        3,
        175,
        164,
        128,
        75,
        94,
        101,
        203,
        190,
        224,
        93,
        82,
        192,
        228,
        160,
        74,
        189,
        170,
        224,
        21,
        231,
        58,
        59,
        139,
        252,
        31,
        247,
        103,
        171,
        157,
        159,
        61,
        224,
        190,
        202,
        253,
        217,
        42,
        219,
        251,
        220,
        68,
        108,
        103,
        170,
        81,
        128,
        108,
        94,
        237,
        200,
        102,
        211,
        250,
        121,
        251,
        52,
        60,
        155,
        205,
        230,
        108,
        59,
        178,
        57,
        9,
        71,
        113,
        85,
        240,
        150,
        215,
        200,
        16,
        89,
        89,
        2,
        41,
        164,
        248,
        153,
        97,
        245,
        186,
        164,
        13,
        201,
        34,
        109,
        236,
        211,
        59,
        198,
        63,
        158,
        151,
        166,
        164,
        50,
        73,
        227,
        140,
        189,
        0,
        84,
        124,
        15,
        149,
        111,
        131,
        239,
        189,
        137,
        8,
        126,
        243,
        185,
        156,
        129,
        172,
        232,
        82,
        186,
        202,
        185,
        153,
        76,
        70,
        178,
        211,
        184,
        22,
        128,
        230,
        177,
        33,
        145,
        12,
        201,
        253,
        41,
        121,
        231,
        52,
        183,
        195,
        72,
        37,
        98,
        136,
        39,
        99,
        72,
        242,
        123,
        34,
        17,
        65,
        146,
        146,
        150,
        109,
        74,
        73,
        0,
        51,
        162,
        29,
        60,
        63,
        30,
        80,
        17,
        243,
        238,
        225,
        53,
        81,
        36,
        83,
        26,
        207,
        143,
        32,
        197,
        239,
        85,
        37,
        153,
        8,
        83,
        248,
        61,
        157,
        51,
        71,
        88,
        94,
        1,
        158,
        120,
        203,
        40,
        88,
        211,
        72,
        36,
        99,
        65,
        88,
        198,
        180,
        129,
        218,
        239,
        26,
        216,
        159,
        249,
        43,
        212,
        167,
        117,
        177,
        15,
        250,
        27,
        28,
        67,
        26,
        195,
        49,
        232,
        38,
        168,
        98,
        191,
        148,
        70,
        80,
        251,
        55,
        132,
        109,
        244,
        3,
        72,
        104,
        17,
        196,
        82,
        73,
        248,
        150,
        190,
        14,
        247,
        164,
        110,
        112,
        77,
        238,
        76,
        233,
        4,
        215,
        212,
        158,
        80,
        251,
        92,
        14,
        91,
        227,
        34,
        40,
        157,
        234,
        194,
        51,
        185,
        7,
        220,
        147,
        187,
        194,
        51,
        169,
        11,
        92,
        20,
        231,
        194,
        231,
        145,
        8,
        187,
        56,
        104,
        28,
        148,
        76,
        10,
        246,
        209,
        15,
        193,
        246,
        200,
        57,
        240,
        172,
        154,
        134,
        152,
        186,
        3,
        177,
        144,
        19,
        238,
        79,
        102,
        193,
        92,
        252,
        23,
        148,
        247,
        190,
        4,
        182,
        110,
        127,
        66,
        89,
        175,
        75,
        97,
        234,
        126,
        41,
        204,
        189,
        175,
        128,
        58,
        243,
        9,
        164,
        9,
        144,
        24,
        82,
        49,
        179,
        41,
        238,
        111,
        107,
        91,
        151,
        109,
        122,
        16,
        201,
        120,
        8,
        246,
        49,
        173,
        97,
        238,
        122,
        17,
        44,
        188,
        102,
        95,
        49,
        247,
        168,
        199,
        1,
        93,
        151,
        11,
        60,
        241,
        114,
        209,
        9,
        2,
        188,
        6,
        185,
        152,
        97,
        34,
        22,
        130,
        235,
        213,
        118,
        240,
        14,
        185,
        13,
        158,
        225,
        119,
        192,
        253,
        207,
        27,
        225,
        30,
        120,
        35,
        28,
        143,
        158,
        3,
        103,
        211,
        34,
        56,
        59,
        158,
        15,
        207,
        192,
        155,
        224,
        38,
        136,
        238,
        97,
        183,
        195,
        67,
        64,
        157,
        99,
        219,
        34,
        145,
        78,
        32,
        242,
        245,
        127,
        81,
        126,
        103,
        17,
        108,
        237,
        234,
        192,
        254,
        100,
        35,
        56,
        56,
        0,
        42,
        27,
        105,
        47,
        174,
        15,
        103,
        255,
        6,
        80,
        9,
        128,
        218,
        227,
        50,
        216,
        251,
        54,
        128,
        163,
        255,
        181,
        80,
        59,
        157,
        15,
        203,
        45,
        69,
        112,
        125,
        52,
        69,
        190,
        39,
        17,
        88,
        243,
        111,
        216,
        238,
        33,
        200,
        188,
        143,
        173,
        229,
        9,
        48,
        53,
        43,
        130,
        125,
        102,
        49,
        92,
        19,
        58,
        194,
        193,
        253,
        206,
        233,
        221,
        224,
        157,
        59,
        2,
        158,
        185,
        131,
        225,
        153,
        55,
        16,
        142,
        142,
        108,
        211,
        195,
        191,
        131,
        22,
        116,
        203,
        182,
        7,
        75,
        62,
        128,
        181,
        197,
        73,
        176,
        183,
        61,
        3,
        225,
        61,
        91,
        100,
        157,
        238,
        215,
        218,
        193,
        213,
        167,
        62,
        220,
        253,
        26,
        194,
        197,
        246,
        184,
        165,
        52,
        132,
        135,
        159,
        142,
        190,
        215,
        34,
        178,
        115,
        125,
        62,
        222,
        169,
        129,
        0,
        175,
        125,
        205,
        62,
        128,
        227,
        71,
        245,
        139,
        122,
        20,
        184,
        62,
        158,
        130,
        224,
        231,
        243,
        145,
        164,
        54,
        8,
        243,
        242,
        78,
        237,
        10,
        245,
        182,
        34,
        120,
        222,
        124,
        74,
        106,
        104,
        138,
        102,
        18,
        94,
        187,
        0,
        190,
        143,
        166,
        34,
        230,
        179,
        233,
        67,
        180,
        235,
        115,
        152,
        6,
        222,
        142,
        64,
        201,
        123,
        240,
        111,
        93,
        10,
        239,
        198,
        37,
        136,
        209,
        212,
        132,
        27,
        72,
        242,
        42,
        105,
        150,
        188,
        46,
        176,
        109,
        57,
        143,
        45,
        70,
        112,
        231,
        58,
        88,
        6,
        223,
        9,
        255,
        250,
        247,
        160,
        209,
        140,
        172,
        195,
        238,
        134,
        173,
        231,
        101,
        240,
        189,
        255,
        26,
        130,
        31,
        79,
        135,
        127,
        233,
        4,
        132,
        119,
        109,
        128,
        103,
        124,
        7,
        40,
        45,
        142,
        135,
        103,
        122,
        31,
        248,
        230,
        15,
        135,
        127,
        238,
        16,
        130,
        56,
        20,
        206,
        46,
        231,
        195,
        217,
        185,
        46,
        82,
        154,
        31,
        17,
        211,
        118,
        14,
        218,
        121,
        80,
        30,
        248,
        53,
        66,
        95,
        175,
        174,
        116,
        127,
        153,
        188,
        124,
        117,
        206,
        210,
        94,
        128,
        247,
        114,
        238,
        188,
        36,
        131,
        152,
        187,
        12,
        166,
        246,
        231,
        194,
        114,
        23,
        193,
        90,
        191,
        64,
        222,
        192,
        59,
        185,
        139,
        1,
        158,
        78,
        17,
        253,
        159,
        47,
        128,
        141,
        90,
        102,
        237,
        88,
        23,
        9,
        159,
        67,
        2,
        28,
        143,
        6,
        161,
        217,
        191,
        227,
        168,
        111,
        132,
        250,
        200,
        217,
        48,
        83,
        34,
        59,
        55,
        32,
        238,
        44,
        71,
        194,
        177,
        27,
        9,
        231,
        110,
        104,
        202,
        183,
        176,
        60,
        94,
        31,
        150,
        251,
        138,
        224,
        219,
        242,
        62,
        98,
        142,
        239,
        105,
        182,
        62,
        154,
        88,
        20,
        238,
        119,
        135,
        194,
        51,
        171,
        24,
        161,
        149,
        211,
        17,
        94,
        53,
        21,
        193,
        229,
        227,
        17,
        254,
        126,
        3,
        212,
        73,
        237,
        224,
        108,
        126,
        28,
        236,
        188,
        78,
        121,
        82,
        104,
        12,
        93,
        69,
        63,
        106,
        110,
        219,
        211,
        224,
        236,
        250,
        71,
        36,
        163,
        62,
        132,
        89,
        127,
        224,
        139,
        229,
        136,
        148,
        44,
        69,
        104,
        197,
        27,
        240,
        172,
        158,
        142,
        136,
        216,
        183,
        105,
        9,
        130,
        155,
        22,
        33,
        184,
        145,
        178,
        105,
        129,
        148,
        192,
        230,
        133,
        148,
        37,
        8,
        173,
        155,
        199,
        193,
        217,
        244,
        131,
        64,
        182,
        159,
        50,
        90,
        128,
        183,
        48,
        87,
        244,
        73,
        103,
        147,
        18,
        8,
        255,
        210,
        113,
        80,
        239,
        40,
        130,
        227,
        169,
        70,
        200,
        208,
        169,
        250,
        133,
        239,
        34,
        120,
        238,
        183,
        158,
        66,
        50,
        173,
        65,
        233,
        119,
        29,
        236,
        60,
        238,
        249,
        96,
        172,
        126,
        29,
        197,
        181,
        114,
        38,
        202,
        155,
        31,
        15,
        91,
        171,
        83,
        224,
        104,
        115,
        50,
        92,
        252,
        180,
        181,
        62,
        25,
        22,
        33,
        173,
        78,
        132,
        185,
        213,
        201,
        176,
        182,
        62,
        17,
        246,
        54,
        39,
        66,
        229,
        113,
        181,
        213,
        73,
        48,
        55,
        35,
        40,
        239,
        142,
        145,
        38,
        230,
        24,
        222,
        12,
        74,
        235,
        211,
        96,
        191,
        87,
        152,
        109,
        17,
        204,
        45,
        79,
        133,
        227,
        173,
        103,
        224,
        153,
        200,
        129,
        107,
        121,
        60,
        188,
        159,
        206,
        166,
        143,
        90,
        133,
        240,
        246,
        143,
        17,
        252,
        106,
        37,
        28,
        4,
        83,
        237,
        240,
        59,
        196,
        131,
        170,
        188,
        191,
        8,
        44,
        206,
        145,
        244,
        113,
        183,
        210,
        196,
        231,
        13,
        133,
        151,
        96,
        150,
        177,
        141,
        102,
        42,
        129,
        169,
        169,
        254,
        105,
        229,
        167,
        250,
        143,
        34,
        88,
        238,
        231,
        246,
        223,
        121,
        159,
        151,
        90,
        239,
        55,
        242,
        239,
        83,
        22,
        230,
        65,
        142,
        179,
        50,
        106,
        201,
        168,
        155,
        8,
        65,
        237,
        93,
        31,
        229,
        183,
        23,
        193,
        191,
        118,
        46,
        252,
        179,
        30,
        135,
        218,
        132,
        218,
        50,
        119,
        24,
        124,
        107,
        231,
        64,
        165,
        175,
        42,
        39,
        128,
        137,
        120,
        160,
        50,
        98,
        134,
        202,
        182,
        66,
        153,
        63,
        2,
        174,
        127,
        15,
        128,
        189,
        221,
        25,
        112,
        180,
        251,
        45,
        28,
        52,
        49,
        251,
        226,
        145,
        12,
        12,
        35,
        224,
        93,
        240,
        28,
        92,
        139,
        70,
        65,
        237,
        126,
        49,
        28,
        45,
        142,
        131,
        243,
        141,
        238,
        112,
        205,
        27,
        6,
        63,
        205,
        87,
        68,
        249,
        56,
        235,
        242,
        83,
        27,
        21,
        130,
        231,
        26,
        215,
        22,
        177,
        48,
        53,
        154,
        102,
        239,
        24,
        255,
        48,
        20,
        106,
        170,
        173,
        245,
        175,
        161,
        60,
        242,
        27,
        88,
        25,
        80,
        108,
        15,
        156,
        196,
        193,
        57,
        29,
        234,
        176,
        38,
        108,
        171,
        159,
        17,
        53,
        10,
        199,
        184,
        199,
        160,
        178,
        189,
        246,
        23,
        239,
        70,
        34,
        155,
        144,
        81,
        215,
        187,
        154,
        128,
        175,
        254,
        23,
        130,
        12,
        58,
        254,
        207,
        102,
        195,
        61,
        127,
        24,
        92,
        194,
        47,
        118,
        249,
        3,
        188,
        66,
        179,
        191,
        221,
        144,
        15,
        173,
        41,
        17,
        224,
        237,
        204,
        165,
        121,
        41,
        233,
        155,
        50,
        242,
        51,
        184,
        107,
        61,
        28,
        244,
        125,
        158,
        93,
        235,
        224,
        155,
        210,
        5,
        118,
        97,
        182,
        179,
        159,
        134,
        143,
        170,
        238,
        250,
        104,
        18,
        252,
        123,
        74,
        16,
        231,
        121,
        137,
        44,
        9,
        130,
        193,
        181,
        100,
        196,
        38,
        109,
        113,
        116,
        254,
        35,
        181,
        171,
        14,
        125,
        81,
        73,
        53,
        191,
        162,
        5,
        45,
        52,
        181,
        11,
        161,
        220,
        127,
        18,
        52,
        167,
        105,
        111,
        160,
        74,
        37,
        8,
        102,
        15,
        168,
        79,
        52,
        132,
        163,
        229,
        137,
        112,
        119,
        186,
        16,
        234,
        128,
        155,
        225,
        89,
        54,
        17,
        158,
        215,
        59,
        194,
        217,
        226,
        100,
        4,
        255,
        59,
        29,
        174,
        57,
        131,
        168,
        85,
        207,
        34,
        242,
        237,
        39,
        28,
        140,
        231,
        225,
        90,
        54,
        1,
        90,
        50,
        78,
        63,
        183,
        22,
        86,
        154,
        180,
        157,
        218,
        109,
        239,
        247,
        103,
        104,
        62,
        251,
        126,
        251,
        24,
        181,
        126,
        5,
        181,
        69,
        145,
        12,
        98,
        73,
        164,
        243,
        245,
        121,
        101,
        2,
        60,
        37,
        103,
        92,
        46,
        93,
        5,
        101,
        200,
        173,
        80,
        250,
        55,
        34,
        61,
        105,
        12,
        251,
        240,
        198,
        80,
        25,
        81,
        237,
        29,
        47,
        224,
        136,
        29,
        15,
        181,
        107,
        93,
        30,
        191,
        153,
        35,
        222,
        20,
        234,
        160,
        91,
        160,
        62,
        117,
        29,
        172,
        79,
        92,
        131,
        192,
        198,
        119,
        13,
        32,
        210,
        210,
        132,
        156,
        139,
        158,
        131,
        165,
        197,
        169,
        176,
        80,
        83,
        132,
        38,
        10,
        199,
        239,
        93,
        50,
        26,
        214,
        46,
        151,
        192,
        218,
        156,
        102,
        69,
        55,
        32,
        56,
        150,
        110,
        242,
        41,
        68,
        51,
        9,
        216,
        73,
        113,
        236,
        189,
        175,
        132,
        179,
        21,
        77,
        185,
        211,
        31,
        24,
        173,
        111,
        128,
        231,
        63,
        175,
        192,
        59,
        190,
        51,
        3,
        193,
        201,
        136,
        250,
        172,
        80,
        95,
        125,
        24,
        150,
        7,
        234,
        192,
        61,
        173,
        39,
        172,
        109,
        126,
        5,
        199,
        180,
        199,
        9,
        188,
        134,
        52,
        7,
        44,
        229,
        181,
        48,
        2,
        159,
        199,
        104,
        251,
        43,
        36,
        29,
        187,
        140,
        129,
        164,
        34,
        200,
        193,
        205,
        200,
        65,
        138,
        236,
        218,
        2,
        245,
        254,
        227,
        161,
        208,
        228,
        83,
        241,
        96,
        190,
        224,
        5,
        138,
        106,
        226,
        120,
        21,
        154,
        231,
        223,
        188,
        12,
        202,
        211,
        215,
        235,
        254,
        164,
        248,
        42,
        142,
        208,
        85,
        116,
        206,
        12,
        243,
        244,
        45,
        78,
        210,
        7,
        27,
        185,
        154,
        210,
        247,
        47,
        244,
        121,
        228,
        88,
        197,
        127,
        150,
        231,
        40,
        164,
        31,
        129,
        117,
        243,
        43,
        125,
        95,
        197,
        103,
        104,
        235,
        50,
        216,
        138,
        175,
        134,
        155,
        126,
        199,
        70,
        31,
        227,
        16,
        84,
        231,
        177,
        243,
        104,
        62,
        111,
        74,
        78,
        150,
        169,
        212,
        118,
        254,
        101,
        116,
        45,
        16,
        218,
        110,
        162,
        217,
        122,
        167,
        116,
        144,
        126,
        80,
        136,
        160,
        66,
        118,
        250,
        207,
        120,
        208,
        137,
        8,
        3,
        142,
        242,
        224,
        233,
        112,
        178,
        78,
        215,
        107,
        143,
        202,
        227,
        9,
        131,
        156,
        167,
        131,
        14,
        82,
        169,
        115,
        233,
        50,
        206,
        100,
        112,
        42,
        211,
        7,
        51,
        147,
        174,
        108,
        147,
        144,
        152,
        249,
        43,
        210,
        153,
        19,
        8,
        222,
        21,
        36,
        221,
        129,
        124,
        193,
        75,
        22,
        229,
        51,
        3,
        152,
        162,
        6,
        164,
        211,
        113,
        142,
        24,
        155,
        196,
        209,
        20,
        146,
        164,
        73,
        186,
        39,
        117,
        130,
        66,
        71,
        236,
        157,
        217,
        71,
        207,
        66,
        82,
        113,
        25,
        72,
        50,
        60,
        47,
        41,
        206,
        231,
        232,
        198,
        3,
        86,
        40,
        47,
        183,
        131,
        253,
        185,
        219,
        225,
        124,
        238,
        30,
        6,
        27,
        146,
        235,
        86,
        167,
        66,
        125,
        136,
        126,
        106,
        72,
        19,
        216,
        31,
        61,
        143,
        129,
        64,
        152,
        213,
        213,
        60,
        126,
        23,
        148,
        231,
        155,
        193,
        50,
        162,
        41,
        66,
        166,
        173,
        123,
        253,
        230,
        183,
        107,
        97,
        186,
        155,
        192,
        140,
        108,
        134,
        88,
        217,
        22,
        102,
        9,
        26,
        220,
        175,
        180,
        130,
        181,
        229,
        113,
        8,
        174,
        127,
        27,
        81,
        175,
        21,
        238,
        57,
        35,
        160,
        208,
        133,
        4,
        102,
        62,
        142,
        104,
        249,
        151,
        204,
        74,
        130,
        122,
        192,
        240,
        43,
        146,
        143,
        218,
        31,
        174,
        131,
        164,
        115,
        143,
        236,
        83,
        138,
        232,
        132,
        190,
        95,
        15,
        247,
        7,
        175,
        194,
        183,
        98,
        10,
        92,
        111,
        13,
        132,
        147,
        254,
        83,
        233,
        125,
        217,
        193,
        128,
        135,
        156,
        154,
        87,
        19,
        168,
        174,
        41,
        61,
        97,
        98,
        192,
        112,
        189,
        213,
        79,
        242,
        181,
        84,
        166,
        186,
        198,
        138,
        77,
        205,
        109,
        130,
        165,
        255,
        95,
        97,
        237,
        193,
        76,
        160,
        215,
        101,
        112,
        12,
        184,
        1,
        126,
        250,
        200,
        104,
        249,
        118,
        158,
        159,
        37,
        101,
        41,
        131,
        111,
        209,
        11,
        176,
        13,
        109,
        12,
        107,
        239,
        203,
        161,
        144,
        211,
        153,
        122,
        213,
        67,
        224,
        187,
        205,
        146,
        99,
        138,
        122,
        195,
        234,
        78,
        152,
        187,
        95,
        4,
        235,
        3,
        167,
        160,
        236,
        161,
        179,
        72,
        85,
        54,
        195,
        195,
        32,
        35,
        92,
        128,
        169,
        229,
        105,
        176,
        49,
        251,
        137,
        71,
        61,
        114,
        48,
        76,
        45,
        79,
        129,
        165,
        237,
        57,
        52,
        197,
        18,
        9,
        158,
        198,
        193,
        179,
        117,
        190,
        0,
        182,
        246,
        231,
        33,
        230,
        218,
        93,
        169,
        109,
        234,
        219,
        207,
        98,
        119,
        83,
        17,
        97,
        143,
        99,
        4,
        63,
        9,
        10,
        7,
        208,
        58,
        178,
        185,
        84,
        18,
        28,
        132,
        230,
        41,
        135,
        2,
        94,
        150,
        126,
        67,
        115,
        149,
        209,
        73,
        175,
        145,
        0,
        101,
        8,
        68,
        106,
        159,
        132,
        90,
        164,
        71,
        66,
        67,
        147,
        41,
        35,
        127,
        76,
        197,
        216,
        161,
        164,
        52,
        43,
        169,
        21,
        198,
        249,
        153,
        138,
        109,
        230,
        168,
        9,
        230,
        156,
        113,
        230,
        176,
        9,
        214,
        47,
        3,
        14,
        35,
        158,
        8,
        84,
        154,
        199,
        132,
        216,
        158,
        205,
        136,
        150,
        109,
        134,
        166,
        121,
        101,
        157,
        49,
        211,
        151,
        136,
        238,
        222,
        204,
        148,
        237,
        59,
        105,
        242,
        41,
        45,
        140,
        136,
        121,
        27,
        181,
        115,
        19,
        191,
        71,
        100,
        106,
        39,
        124,
        95,
        196,
        186,
        21,
        81,
        115,
        41,
        191,
        199,
        100,
        59,
        211,
        172,
        51,
        22,
        176,
        32,
        82,
        94,
        130,
        88,
        249,
        86,
        104,
        162,
        30,
        106,
        171,
        22,
        118,
        75,
        162,
        159,
        201,
        102,
        242,
        246,
        121,
        59,
        243,
        159,
        81,
        201,
        86,
        110,
        100,
        12,
        238,
        87,
        209,
        113,
        221,
        1,
        167,
        244,
        140,
        68,
        158,
        146,
        150,
        19,
        4,
        21,
        78,
        185,
        98,
        218,
        32,
        205,
        198,
        39,
        197,
        181,
        210,
        5,
        232,
        161,
        68,
        104,
        96,
        202,
        152,
        108,
        208,
        147,
        126,
        214,
        41,
        178,
        152,
        140,
        240,
        111,
        105,
        217,
        161,
        170,
        247,
        18,
        46,
        34,
        43,
        19,
        254,
        189,
        26,
        158,
        174,
        226,
        199,
        244,
        115,
        83,
        178,
        14,
        125,
        114,
        194,
        184,
        78,
        78,
        110,
        136,
        250,
        146,
        242,
        126,
        105,
        236,
        125,
        101,
        191,
        226,
        186,
        84,
        38,
        37,
        251,
        150,
        111,
        180,
        221,
        146,
        51,
        61,
        147,
        183,
        170,
        14,
        164,
        222,
        96,
        253,
        136,
        104,
        128,
        0,
        41,
        109,
        128,
        38,
        70,
        92,
        130,
        105,
        108,
        39,
        13,
        64,
        83,
        85,
        174,
        79,
        165,
        179,
        149,
        60,
        74,
        12,
        116,
        229,
        76,
        74,
        86,
        144,
        162,
        228,
        94,
        138,
        3,
        61,
        42,
        166,
        229,
        126,
        35,
        114,
        11,
        0,
        246,
        153,
        165,
        201,
        100,
        171,
        187,
        148,
        180,
        193,
        114,
        211,
        89,
        125,
        238,
        39,
        101,
        240,
        182,
        108,
        58,
        109,
        12,
        246,
        222,
        25,
        28,
        153,
        110,
        26,
        122,
        145,
        145,
        237,
        206,
        75,
        243,
        74,
        114,
        102,
        24,
        162,
        1,
        162,
        241,
        154,
        223,
        206,
        180,
        230,
        125,
        4,
        215,
        206,
        67,
        240,
        179,
        185,
        136,
        124,
        185,
        66,
        154,
        68,
        220,
        109,
        101,
        62,
        186,
        158,
        102,
        224,
        64,
        112,
        235,
        71,
        204,
        71,
        99,
        82,
        123,
        68,
        164,
        12,
        236,
        248,
        156,
        209,
        208,
        78,
        51,
        11,
        146,
        84,
        47,
        148,
        206,
        217,
        183,
        98,
        42,
        194,
        59,
        62,
        149,
        38,
        94,
        193,
        65,
        69,
        83,
        195,
        187,
        54,
        35,
        178,
        231,
        11,
        29,
        16,
        30,
        139,
        48,
        125,
        11,
        110,
        95,
        169,
        71,
        77,
        73,
        150,
        195,
        240,
        109,
        255,
        4,
        90,
        212,
        69,
        176,
        73,
        99,
        236,
        223,
        35,
        180,
        101,
        41,
        194,
        37,
        31,
        210,
        236,
        74,
        171,
        189,
        56,
        24,
        165,
        25,
        135,
        149,
        175,
        141,
        169,
        50,
        94,
        235,
        51,
        35,
        98,
        217,
        174,
        71,
        106,
        14,
        66,
        204,
        90,
        138,
        100,
        216,
        143,
        184,
        87,
        161,
        235,
        217,
        35,
        129,
        79,
        209,
        93,
        132,
        119,
        111,
        35,
        144,
        186,
        197,
        228,
        81,
        22,
        230,
        145,
        219,
        234,
        90,
        19,
        220,
        176,
        88,
        58,
        86,
        203,
        11,
        247,
        194,
        252,
        114,
        11,
        88,
        152,
        73,
        120,
        103,
        15,
        128,
        231,
        179,
        25,
        48,
        253,
        243,
        102,
        68,
        152,
        30,
        89,
        25,
        17,
        29,
        228,
        90,
        41,
        99,
        146,
        192,
        60,
        224,
        70,
        118,
        240,
        67,
        56,
        167,
        116,
        135,
        137,
        68,
        183,
        236,
        165,
        54,
        48,
        83,
        76,
        93,
        47,
        34,
        141,
        153,
        83,
        57,
        190,
        137,
        128,
        13,
        214,
        71,
        235,
        194,
        210,
        229,
        2,
        104,
        33,
        135,
        158,
        39,
        47,
        127,
        29,
        102,
        230,
        201,
        222,
        15,
        199,
        234,
        129,
        199,
        111,
        197,
        174,
        238,
        151,
        66,
        99,
        180,
        21,
        219,
        182,
        9,
        157,
        96,
        25,
        120,
        51,
        236,
        147,
        187,
        194,
        82,
        124,
        29,
        194,
        27,
        150,
        232,
        218,
        205,
        251,
        42,
        207,
        254,
        29,
        118,
        166,
        144,
        34,
        226,
        75,
        170,
        245,
        241,
        84,
        152,
        218,
        158,
        133,
        152,
        229,
        91,
        9,
        178,
        109,
        68,
        115,
        68,
        217,
        222,
        192,
        178,
        215,
        25,
        165,
        7,
        203,
        235,
        236,
        99,
        59,
        192,
        58,
        177,
        151,
        4,
        46,
        215,
        132,
        105,
        213,
        220,
        182,
        125,
        62,
        103,
        134,
        215,
        45,
        132,
        165,
        215,
        159,
        42,
        205,
        37,
        86,
        178,
        24,
        142,
        62,
        87,
        193,
        189,
        98,
        156,
        36,
        198,
        209,
        210,
        21,
        112,
        118,
        249,
        63,
        40,
        189,
        46,
        129,
        235,
        157,
        225,
        242,
        28,
        229,
        217,
        91,
        16,
        249,
        236,
        45,
        168,
        125,
        26,
        194,
        255,
        197,
        123,
        242,
        218,
        120,
        200,
        78,
        138,
        48,
        14,
        190,
        53,
        115,
        42,
        205,
        203,
        245,
        246,
        32,
        56,
        88,
        135,
        99,
        224,
        77,
        240,
        206,
        27,
        46,
        239,
        23,
        89,
        58,
        1,
        14,
        102,
        29,
        86,
        70,
        217,
        240,
        167,
        115,
        25,
        0,
        2,
        176,
        245,
        168,
        135,
        100,
        249,
        54,
        121,
        220,
        249,
        74,
        27,
        248,
        255,
        51,
        134,
        89,
        3,
        179,
        147,
        49,
        173,
        9,
        196,
        100,
        89,
        127,
        120,
        219,
        199,
        80,
        70,
        222,
        7,
        199,
        75,
        45,
        57,
        64,
        250,
        243,
        123,
        223,
        170,
        233,
        76,
        223,
        206,
        133,
        229,
        249,
        123,
        144,
        140,
        249,
        160,
        188,
        216,
        20,
        177,
        109,
        171,
        16,
        98,
        166,
        226,
        126,
        179,
        63,
        51,
        164,
        129,
        112,
        17,
        60,
        45,
        226,
        147,
        1,
        46,
        155,
        205,
        235,
        199,
        75,
        29,
        114,
        206,
        231,
        85,
        130,
        183,
        241,
        61,
        216,
        218,
        214,
        129,
        147,
        108,
        222,
        62,
        129,
        73,
        121,
        255,
        235,
        97,
        127,
        253,
        49,
        120,
        63,
        249,
        23,
        108,
        207,
        54,
        70,
        116,
        235,
        135,
        80,
        159,
        254,
        127,
        106,
        198,
        151,
        48,
        245,
        184,
        20,
        94,
        118,
        94,
        33,
        183,
        11,
        175,
        157,
        5,
        27,
        9,
        116,
        168,
        116,
        37,
        66,
        246,
        221,
        216,
        245,
        92,
        11,
        40,
        197,
        13,
        225,
        89,
        60,
        74,
        106,
        69,
        194,
        99,
        133,
        185,
        243,
        69,
        200,
        50,
        138,
        98,
        199,
        122,
        148,
        119,
        187,
        136,
        29,
        244,
        32,
        188,
        116,
        28,
        92,
        163,
        238,
        71,
        236,
        155,
        53,
        242,
        184,
        143,
        41,
        161,
        185,
        239,
        53,
        72,
        148,
        235,
        46,
        218,
        51,
        174,
        61,
        148,
        1,
        141,
        96,
        29,
        215,
        141,
        233,
        219,
        181,
        8,
        173,
        95,
        164,
        15,
        196,
        43,
        237,
        224,
        89,
        50,
        18,
        94,
        102,
        33,
        182,
        193,
        183,
        234,
        97,
        113,
        217,
        56,
        216,
        223,
        232,
        9,
        199,
        236,
        103,
        160,
        176,
        253,
        234,
        11,
        205,
        160,
        149,
        174,
        70,
        100,
        245,
        76,
        88,
        219,
        157,
        5,
        91,
        187,
        223,
        83,
        59,
        39,
        235,
        131,
        201,
        252,
        55,
        207,
        104,
        219,
        32,
        247,
        76,
        178,
        225,
        72,
        69,
        227,
        108,
        15,
        157,
        1,
        239,
        226,
        209,
        108,
        216,
        88,
        248,
        63,
        154,
        133,
        68,
        44,
        0,
        207,
        39,
        51,
        8,
        218,
        13,
        136,
        124,
        241,
        1,
        108,
        189,
        175,
        150,
        188,
        62,
        186,
        99,
        3,
        76,
        157,
        47,
        134,
        157,
        41,
        83,
        100,
        227,
        2,
        88,
        139,
        27,
        177,
        243,
        211,
        105,
        158,
        22,
        104,
        246,
        111,
        224,
        28,
        220,
        24,
        158,
        25,
        125,
        101,
        99,
        221,
        211,
        122,
        193,
        57,
        188,
        25,
        6,
        125,
        48,
        11,
        195,
        151,
        204,
        129,
        99,
        248,
        29,
        240,
        190,
        51,
        148,
        29,
        158,
        8,
        101,
        120,
        83,
        217,
        6,
        49,
        115,
        98,
        122,
        164,
        14,
        137,
        245,
        89,
        208,
        72,
        57,
        68,
        123,
        156,
        47,
        63,
        136,
        224,
        202,
        25,
        210,
        14,
        2,
        204,
        101,
        109,
        131,
        154,
        208,
        247,
        149,
        64,
        237,
        121,
        57,
        76,
        163,
        90,
        194,
        50,
        170,
        13,
        44,
        221,
        47,
        36,
        21,
        217,
        134,
        16,
        125,
        173,
        115,
        124,
        87,
        82,
        165,
        40,
        28,
        207,
        223,
        11,
        83,
        139,
        19,
        161,
        237,
        88,
        195,
        1,
        154,
        8,
        231,
        168,
        251,
        36,
        241,
        54,
        245,
        174,
        143,
        0,
        173,
        35,
        97,
        60,
        255,
        200,
        119,
        38,
        185,
        198,
        103,
        24,
        21,
        212,
        35,
        88,
        178,
        2,
        101,
        131,
        239,
        172,
        244,
        83,
        21,
        145,
        206,
        189,
        126,
        30,
        202,
        95,
        110,
        139,
        224,
        87,
        171,
        80,
        62,
        162,
        153,
        156,
        241,
        144,
        1,
        128,
        102,
        93,
        214,
        189,
        62,
        34,
        223,
        173,
        35,
        192,
        179,
        80,
        214,
        231,
        74,
        148,
        245,
        173,
        15,
        235,
        227,
        13,
        96,
        29,
        220,
        4,
        49,
        219,
        78,
        250,
        49,
        39,
        172,
        253,
        174,
        71,
        144,
        92,
        241,
        182,
        145,
        79,
        162,
        201,
        168,
        1,
        136,
        124,
        189,
        18,
        230,
        33,
        119,
        193,
        185,
        112,
        36,
        148,
        73,
        143,
        85,
        114,
        66,
        47,
        1,
        216,
        67,
        96,
        52,
        101,
        167,
        14,
        222,
        140,
        126,
        48,
        49,
        233,
        55,
        189,
        216,
        10,
        166,
        65,
        127,
        99,
        166,
        49,
        23,
        234,
        194,
        23,
        225,
        154,
        63,
        170,
        146,
        154,
        120,
        86,
        140,
        103,
        62,
        61,
        6,
        254,
        117,
        179,
        97,
        159,
        241,
        148,
        108,
        87,
        156,
        156,
        212,
        204,
        188,
        59,
        242,
        253,
        58,
        4,
        86,
        205,
        132,
        107,
        201,
        24,
        93,
        59,
        55,
        45,
        65,
        249,
        11,
        173,
        160,
        37,
        195,
        249,
        188,
        181,
        190,
        188,
        234,
        3,
        160,
        39,
        107,
        202,
        36,
        4,
        95,
        210,
        18,
        17,
        196,
        194,
        138,
        228,
        65,
        130,
        162,
        100,
        50,
        58,
        143,
        138,
        51,
        145,
        214,
        34,
        46,
        196,
        121,
        60,
        30,
        242,
        48,
        18,
        102,
        43,
        159,
        92,
        105,
        17,
        55,
        35,
        114,
        72,
        159,
        20,
        101,
        84,
        139,
        91,
        190,
        70,
        130,
        146,
        36,
        201,
        149,
        254,
        47,
        30,
        65,
        212,
        239,
        144,
        9,
        188,
        63,
        194,
        104,
        26,
        13,
        203,
        104,
        167,
        137,
        8,
        29,
        246,
        32,
        30,
        241,
        200,
        20,
        79,
        144,
        90,
        193,
        188,
        98,
        244,
        151,
        201,
        84,
        66,
        222,
        67,
        139,
        120,
        57,
        0,
        223,
        144,
        40,
        127,
        133,
        56,
        83,
        48,
        61,
        168,
        56,
        164,
        111,
        20,
        52,
        68,
        80,
        40,
        241,
        176,
        39,
        30,
        176,
        51,
        251,
        8,
        32,
        78,
        2,
        156,
        73,
        235,
        51,
        224,
        26,
        219,
        41,
        30,
        244,
        36,
        197,
        126,
        214,
        35,
        152,
        129,
        168,
        95,
        243,
        177,
        127,
        41,
        82,
        162,
        220,
        1,
        163,
        127,
        85,
        240,
        234,
        213,
        76,
        144,
        179,
        63,
        216,
        105,
        60,
        39,
        171,
        98,
        222,
        153,
        42,
        143,
        18,
        245,
        136,
        85,
        201,
        9,
        179,
        153,
        31,
        228,
        139,
        21,
        251,
        50,
        251,
        76,
        123,
        103,
        170,
        92,
        151,
        173,
        82,
        111,
        181,
        105,
        242,
        76,
        182,
        26,
        239,
        204,
        84,
        217,
        151,
        173,
        116,
        53,
        213,
        183,
        43,
        158,
        198,
        85,
        180,
        75,
        126,
        223,
        231,
        97,
        102,
        54,
        143,
        25,
        208,
        253,
        61,
        183,
        205,
        73,
        150,
        127,
        84,
        201,
        214,
        176,
        153,
        253,
        209,
        213,
        229,
        119,
        77,
        5,
        40,
        63,
        254,
        183,
        230,
        91,
        10,
        239,
        170,
        252,
        196,
        239,
        170,
        136,
        183,
        164,
        226,
        5,
        108,
        114,
        190,
        37,
        117,
        54,
        14,
        240,
        126,
        222,
        140,
        2,
        62,
        53,
        150,
        233,
        40,
        188,
        25,
        122,
        200,
        158,
        187,
        198,
        55,
        67,
        133,
        44,
        40,
        224,
        180,
        223,
        178,
        0,
        121,
        188,
        208,
        125,
        57,
        10,
        111,
        195,
        255,
        96,
        214,
        24,
        121,
        190,
        13,
        47,
        228,
        181,
        2,
        94,
        213,
        202,
        56,
        28,
        228,
        47,
        128,
        108,
        5,
        204,
        100,
        57,
        232,
        95,
        0,
        85,
        44,
        247,
        81,
        40,
        192,
        125,
        40,
        252,
        234,
        241,
        144,
        202,
        33,
        255,
        234,
        177,
        240,
        123,
        219,
        31,
        249,
        123,
        219,
        194,
        47,
        189,
        11,
        107,
        12,
        28,
        84,
        249,
        73,
        215,
        24,
        168,
        144,
        54,
        248,
        101,
        172,
        110,
        209,
        6,
        133,
        117,
        85,
        14,
        9,
        184,
        195,
        182,
        174,
        74,
        213,
        245,
        85,
        18,
        199,
        160,
        169,
        30,
        246,
        21,
        125,
        170,
        174,
        37,
        229,
        59,
        70,
        128,
        243,
        225,
        103,
        92,
        75,
        170,
        106,
        20,
        222,
        94,
        203,
        129,
        19,
        237,
        63,
        228,
        21,
        29,
        11,
        235,
        231,
        29,
        37,
        43,
        55,
        214,
        150,
        92,
        216,
        134,
        163,
        100,
        229,
        198,
        218,
        184,
        102,
        232,
        153,
        56,
        138,
        87,
        171,
        21,
        243,
        94,
        179,
        113,
        116,
        173,
        86,
        43,
        218,
        115,
        5,
        106,
        217,
        58,
        201,
        83,
        113,
        228,
        30,
        42,
        197,
        141,
        196,
        190,
        86,
        173,
        147,
        188,
        175,
        156,
        5,
        125,
        197,
        108,
        241,
        83,
        194,
        159,
        99,
        133,
        238,
        117,
        198,
        253,
        126,
        3,
        20,
        214,
        134,
        207,
        85,
        142,
        233,
        181,
        225,
        243,
        249,
        175,
        4,
        195,
        160,
        255,
        87,
        130,
        77,
        20,
        147,
        65,
        92,
        211,
        85,
        210,
        38,
        159,
        177,
        95,
        28,
        175,
        248,
        175,
        4,
        143,
        226,
        8,
        255,
        87,
        130,
        255,
        1,
        78,
        54,
        134,
        252,
        126,
        237,
        33,
        166,
        0,
        0,
        0,
        0,
        73,
        69,
        78,
        68,
        174,
        66,
        96,
        130
      ]
    },
    "stat": {
      "dev": 16777220,
      "mode": 33188,
      "nlink": 1,
      "uid": 501,
      "gid": 20,
      "rdev": 0,
      "blksize": 4194304,
      "ino": 2088766,
      "size": 6084,
      "blocks": 16,
      "atime": "2018-04-17T07:59:11.793Z",
      "mtime": "2018-03-22T08:50:41.038Z",
      "ctime": "2018-03-22T08:50:41.038Z",
      "birthtime": "2018-03-22T08:50:41.038Z"
    },
    "history": [
      "/Users/jiangheng/Desktop/work-code/xxd-h5/src/mods/openaccount/yhimgs/payh@2x.png"
    ],
    "path": "/Users/jiangheng/Desktop/work-code/xxd-h5/src/mods/openaccount/yhimgs/payh@2x.png",
    "gulpCache$filePathChangedInsideTask": false,
    "gulpCache$fileBaseChangedInsideTask": false,
    "gulpCache$originalPath": "/Users/jiangheng/Desktop/work-code/xxd-h5/src/mods/openaccount/yhimgs/payh@2x.png",
    "gulpCache$originalBase": "/Users/jiangheng/Desktop/work-code/xxd-h5/src/mods/"
  }
]