[
  {
    "cwd": "/Users/jiangheng/Desktop/work-code/xxd-h5",
    "base": "/Users/jiangheng/Desktop/work-code/xxd-h5/src/mods/",
    "contents": {
      "type": "Buffer",
      "data": [
        137,
        80,
        78,
        71,
        13,
        10,
        26,
        10,
        0,
        0,
        0,
        13,
        73,
        72,
        68,
        82,
        0,
        0,
        0,
        79,
        0,
        0,
        0,
        79,
        8,
        6,
        0,
        0,
        0,
        170,
        52,
        152,
        134,
        0,
        0,
        9,
        231,
        73,
        68,
        65,
        84,
        120,
        218,
        237,
        93,
        119,
        108,
        85,
        85,
        24,
        111,
        194,
        127,
        254,
        1,
        142,
        196,
        133,
        26,
        129,
        50,
        92,
        104,
        220,
        43,
        18,
        193,
        29,
        68,
        76,
        32,
        104,
        84,
        52,
        26,
        73,
        212,
        200,
        16,
        145,
        41,
        8,
        6,
        161,
        200,
        222,
        180,
        5,
        74,
        25,
        133,
        150,
        97,
        101,
        148,
        81,
        118,
        41,
        171,
        8,
        165,
        172,
        50,
        202,
        104,
        43,
        179,
        131,
        178,
        58,
        94,
        251,
        121,
        126,
        175,
        247,
        146,
        215,
        251,
        206,
        57,
        247,
        220,
        119,
        223,
        187,
        239,
        190,
        23,
        191,
        228,
        75,
        211,
        59,
        190,
        123,
        206,
        239,
        158,
        123,
        206,
        183,
        206,
        247,
        98,
        136,
        40,
        38,
        76,
        220,
        136,
        113,
        91,
        198,
        221,
        24,
        15,
        101,
        188,
        136,
        241,
        78,
        198,
        249,
        140,
        139,
        24,
        151,
        83,
        61,
        149,
        107,
        255,
        227,
        248,
        46,
        198,
        75,
        25,
        143,
        97,
        220,
        93,
        187,
        191,
        81,
        184,
        250,
        224,
        244,
        3,
        155,
        51,
        238,
        195,
        120,
        45,
        227,
        10,
        10,
        14,
        85,
        104,
        242,
        250,
        104,
        242,
        163,
        10,
        188,
        38,
        140,
        123,
        48,
        222,
        198,
        184,
        142,
        66,
        75,
        117,
        218,
        115,
        122,
        104,
        207,
        141,
        88,
        240,
        154,
        49,
        158,
        206,
        248,
        22,
        133,
        135,
        42,
        181,
        231,
        55,
        139,
        36,
        240,
        98,
        25,
        39,
        49,
        174,
        33,
        119,
        80,
        141,
        214,
        158,
        150,
        110,
        6,
        175,
        49,
        227,
        177,
        140,
        171,
        84,
        123,
        117,
        229,
        230,
        117,
        186,
        124,
        243,
        90,
        131,
        99,
        3,
        183,
        172,
        160,
        7,
        166,
        252,
        66,
        247,
        78,
        254,
        249,
        54,
        223,
        63,
        165,
        159,
        247,
        184,
        47,
        225,
        62,
        220,
        111,
        129,
        170,
        180,
        246,
        53,
        118,
        27,
        120,
        31,
        50,
        46,
        84,
        233,
        193,
        145,
        43,
        255,
        210,
        196,
        189,
        153,
        244,
        65,
        234,
        20,
        186,
        111,
        114,
        63,
        90,
        115,
        42,
        175,
        193,
        249,
        31,
        55,
        44,
        110,
        0,
        156,
        206,
        56,
        238,
        75,
        184,
        15,
        247,
        67,
        14,
        228,
        65,
        174,
        34,
        21,
        106,
        237,
        13,
        59,
        120,
        119,
        48,
        142,
        55,
        107,
        237,
        249,
        235,
        87,
        105,
        244,
        206,
        181,
        244,
        194,
        188,
        81,
        126,
        160,
        216,
        1,
        207,
        120,
        13,
        228,
        143,
        204,
        206,
        160,
        51,
        229,
        87,
        84,
        64,
        140,
        215,
        218,
        31,
        22,
        240,
        48,
        183,
        229,
        202,
        90,
        87,
        194,
        62,
        171,
        223,
        178,
        86,
        210,
        67,
        211,
        6,
        112,
        1,
        9,
        54,
        120,
        58,
        99,
        68,
        246,
        100,
        215,
        23,
        86,
        148,
        154,
        1,
        152,
        171,
        245,
        195,
        81,
        240,
        218,
        1,
        27,
        25,
        104,
        131,
        182,
        174,
        160,
        135,
        37,
        160,
        133,
        18,
        60,
        157,
        49,
        119,
        126,
        191,
        110,
        17,
        93,
        188,
        33,
        85,
        41,
        75,
        180,
        254,
        56,
        2,
        94,
        23,
        77,
        13,
        224,
        210,
        186,
        130,
        195,
        212,
        42,
        126,
        168,
        105,
        199,
        156,
        0,
        79,
        231,
        216,
        153,
        67,
        40,
        229,
        200,
        94,
        51,
        181,
        166,
        75,
        168,
        193,
        251,
        156,
        177,
        135,
        247,
        244,
        234,
        90,
        15,
        13,
        219,
        190,
        82,
        185,
        67,
        78,
        130,
        167,
        115,
        215,
        21,
        241,
        84,
        84,
        81,
        38,
        2,
        16,
        253,
        250,
        34,
        84,
        224,
        117,
        17,
        1,
        135,
        6,
        189,
        207,
        86,
        61,
        171,
        157,
        113,
        26,
        60,
        112,
        171,
        89,
        191,
        210,
        246,
        194,
        19,
        50,
        0,
        187,
        4,
        27,
        188,
        246,
        34,
        253,
        45,
        171,
        240,
        164,
        183,
        65,
        129,
        116,
        36,
        28,
        224,
        129,
        31,
        153,
        62,
        144,
        50,
        207,
        28,
        149,
        233,
        131,
        237,
        131,
        5,
        94,
        172,
        143,
        135,
        163,
        1,
        225,
        13,
        162,
        33,
        42,
        13,
        198,
        226,
        209,
        103,
        99,
        90,
        72,
        193,
        131,
        124,
        149,
        69,
        74,
        87,
        188,
        23,
        28,
        218,
        37,
        2,
        176,
        92,
        101,
        21,
        86,
        209,
        227,
        114,
        237,
        2,
        215,
        99,
        237,
        2,
        186,
        192,
        116,
        189,
        242,
        202,
        155,
        33,
        5,
        15,
        242,
        241,
        156,
        222,
        153,
        169,
        94,
        117,
        69,
        165,
        109,
        201,
        121,
        59,
        101,
        106,
        204,
        29,
        118,
        192,
        155,
        101,
        7,
        184,
        214,
        108,
        213,
        197,
        234,
        123,
        251,
        117,
        58,
        0,
        158,
        78,
        251,
        206,
        159,
        229,
        42,
        229,
        188,
        17,
        248,
        215,
        241,
        3,
        34,
        0,
        103,
        5,
        10,
        94,
        71,
        158,
        180,
        252,
        146,
        11,
        212,
        130,
        45,
        253,
        102,
        141,
        250,
        120,
        249,
        12,
        175,
        101,
        209,
        224,
        91,
        112,
        16,
        60,
        208,
        181,
        170,
        74,
        250,
        122,
        245,
        60,
        211,
        182,
        54,
        157,
        218,
        159,
        182,
        158,
        59,
        46,
        2,
        176,
        163,
        85,
        240,
        154,
        240,
        108,
        213,
        27,
        213,
        85,
        244,
        250,
        130,
        63,
        77,
        27,
        51,
        110,
        207,
        6,
        170,
        173,
        243,
        119,
        221,
        57,
        13,
        94,
        189,
        131,
        175,
        142,
        38,
        236,
        201,
        52,
        109,
        115,
        155,
        132,
        97,
        84,
        124,
        141,
        59,
        181,
        23,
        137,
        124,
        131,
        34,
        240,
        198,
        243,
        164,
        136,
        58,
        230,
        251,
        9,
        44,
        150,
        40,
        163,
        225,
        0,
        79,
        39,
        180,
        11,
        237,
        147,
        181,
        191,
        99,
        218,
        84,
        170,
        169,
        173,
        229,
        221,
        62,
        65,
        21,
        188,
        86,
        208,
        121,
        141,
        119,
        167,
        159,
        200,
        53,
        125,
        123,
        139,
        142,
        236,
        145,
        26,
        146,
        225,
        4,
        15,
        132,
        246,
        153,
        245,
        33,
        41,
        47,
        155,
        107,
        3,
        48,
        110,
        173,
        2,
        94,
        138,
        241,
        206,
        178,
        91,
        55,
        232,
        49,
        54,
        172,
        101,
        15,
        29,
        153,
        189,
        198,
        212,
        141,
        17,
        110,
        240,
        64,
        99,
        118,
        173,
        147,
        246,
        3,
        253,
        68,
        127,
        121,
        131,
        215,
        12,
        188,
        199,
        25,
        251,
        141,
        219,
        190,
        155,
        150,
        74,
        31,
        8,
        159,
        154,
        96,
        184,
        187,
        14,
        60,
        204,
        129,
        223,
        172,
        73,
        150,
        246,
        7,
        253,
        229,
        80,
        173,
        134,
        143,
        16,
        188,
        4,
        222,
        234,
        106,
        244,
        236,
        250,
        114,
        75,
        102,
        93,
        40,
        184,
        126,
        92,
        3,
        158,
        190,
        240,
        181,
        91,
        56,
        78,
        58,
        119,
        11,
        156,
        171,
        241,
        34,
        240,
        238,
        225,
        5,
        107,
        204,
        22,
        137,
        21,
        249,
        251,
        149,
        253,
        224,
        110,
        1,
        15,
        116,
        162,
        244,
        146,
        116,
        80,
        116,
        251,
        43,
        129,
        119,
        27,
        240,
        185,
        155,
        7,
        94,
        47,
        227,
        149,
        240,
        131,
        65,
        7,
        18,
        61,
        224,
        243,
        149,
        115,
        44,
        69,
        98,
        220,
        4,
        158,
        202,
        192,
        128,
        162,
        205,
        161,
        222,
        60,
        240,
        252,
        116,
        140,
        56,
        201,
        228,
        138,
        183,
        86,
        80,
        126,
        57,
        232,
        224,
        45,
        203,
        255,
        135,
        30,
        156,
        234,
        63,
        34,
        226,
        15,
        108,
        11,
        58,
        120,
        152,
        110,
        100,
        182,
        176,
        241,
        133,
        105,
        148,
        99,
        4,
        175,
        185,
        159,
        111,
        166,
        174,
        150,
        158,
        153,
        243,
        187,
        85,
        193,
        150,
        193,
        227,
        153,
        70,
        183,
        106,
        170,
        189,
        215,
        234,
        124,
        189,
        218,
        223,
        247,
        138,
        233,
        194,
        46,
        120,
        102,
        171,
        47,
        204,
        75,
        224,
        192,
        161,
        88,
        95,
        240,
        122,
        26,
        207,
        238,
        44,
        46,
        144,
        14,
        105,
        171,
        163,
        78,
        4,
        222,
        19,
        137,
        195,
        105,
        232,
        246,
        191,
        189,
        158,
        94,
        95,
        46,
        209,
        194,
        138,
        184,
        199,
        120,
        14,
        106,
        209,
        83,
        179,
        71,
        4,
        5,
        60,
        60,
        71,
        54,
        53,
        101,
        23,
        157,
        226,
        221,
        214,
        211,
        23,
        188,
        12,
        227,
        217,
        33,
        219,
        210,
        133,
        2,
        223,
        94,
        60,
        49,
        160,
        232,
        51,
        15,
        60,
        17,
        207,
        218,
        95,
        255,
        153,
        206,
        57,
        184,
        67,
        249,
        158,
        64,
        192,
        3,
        201,
        236,
        95,
        224,
        192,
        161,
        12,
        29,
        60,
        100,
        25,
        93,
        53,
        158,
        125,
        81,
        226,
        145,
        136,
        63,
        176,
        221,
        49,
        240,
        240,
        55,
        212,
        224,
        173,
        60,
        121,
        80,
        40,
        243,
        217,
        185,
        35,
        69,
        201,
        69,
        141,
        98,
        180,
        52,
        45,
        63,
        139,
        66,
        166,
        3,
        149,
        242,
        53,
        240,
        136,
        5,
        15,
        115,
        172,
        108,
        225,
        16,
        232,
        124,
        109,
        99,
        180,
        160,
        71,
        3,
        218,
        114,
        46,
        95,
        40,
        168,
        67,
        202,
        132,
        128,
        147,
        70,
        220,
        10,
        30,
        232,
        147,
        244,
        4,
        161,
        220,
        217,
        185,
        59,
        120,
        183,
        124,
        1,
        240,
        226,
        140,
        71,
        39,
        229,
        108,
        18,
        10,
        26,
        176,
        101,
        121,
        84,
        130,
        39,
        123,
        142,
        192,
        92,
        27,
        3,
        240,
        210,
        140,
        71,
        101,
        182,
        95,
        218,
        177,
        125,
        81,
        9,
        30,
        20,
        98,
        145,
        220,
        79,
        211,
        19,
        121,
        183,
        164,
        113,
        149,
        227,
        183,
        216,
        167,
        41,
        18,
        116,
        188,
        244,
        98,
        84,
        130,
        87,
        229,
        169,
        17,
        202,
        133,
        59,
        159,
        67,
        123,
        1,
        222,
        49,
        227,
        81,
        158,
        14,
        165,
        51,
        130,
        219,
        209,
        8,
        30,
        72,
        102,
        235,
        114,
        168,
        0,
        224,
        21,
        219,
        20,
        162,
        76,
        136,
        41,
        184,
        25,
        188,
        231,
        147,
        254,
        176,
        210,
        239,
        242,
        24,
        158,
        142,
        39,
        203,
        249,
        176,
        75,
        159,
        253,
        61,
        59,
        36,
        224,
        117,
        90,
        58,
        77,
        100,
        74,
        41,
        211,
        187,
        75,
        38,
        89,
        1,
        175,
        58,
        134,
        119,
        212,
        162,
        194,
        168,
        76,
        240,
        163,
        33,
        195,
        0,
        38,
        209,
        185,
        171,
        165,
        82,
        214,
        131,
        49,
        248,
        107,
        118,
        45,
        228,
        65,
        46,
        228,
        219,
        33,
        68,
        252,
        172,
        124,
        113,
        150,
        70,
        158,
        93,
        240,
        244,
        57,
        15,
        214,
        203,
        155,
        139,
        198,
        11,
        185,
        125,
        202,
        120,
        218,
        161,
        217,
        148,
        251,
        47,
        156,
        243,
        254,
        47,
        187,
        94,
        183,
        134,
        236,
        126,
        182,
        8,
        0,
        89,
        29,
        121,
        197,
        170,
        224,
        181,
        176,
        249,
        217,
        186,
        125,
        193,
        144,
        121,
        151,
        69,
        115,
        158,
        223,
        106,
        219,
        90,
        146,
        95,
        103,
        167,
        129,
        110,
        7,
        15,
        30,
        30,
        145,
        107,
        74,
        180,
        218,
        230,
        24,
        143,
        118,
        144,
        232,
        121,
        22,
        18,
        167,
        35,
        10,
        60,
        248,
        12,
        69,
        114,
        95,
        157,
        31,
        39,
        212,
        243,
        252,
        44,
        140,
        31,
        214,
        167,
        8,
        5,
        173,
        45,
        56,
        20,
        149,
        224,
        33,
        221,
        66,
        182,
        146,
        139,
        44,
        12,
        75,
        182,
        45,
        178,
        218,
        163,
        17,
        60,
        4,
        187,
        69,
        114,
        123,
        109,
        88,
        34,
        180,
        109,
        253,
        188,
        42,
        27,
        78,
        31,
        21,
        10,
        234,
        188,
        108,
        122,
        84,
        130,
        215,
        125,
        213,
        92,
        171,
        254,
        203,
        238,
        92,
        127,
        30,
        190,
        127,
        94,
        16,
        6,
        140,
        227,
        22,
        119,
        222,
        184,
        30,
        188,
        171,
        85,
        183,
        168,
        233,
        180,
        254,
        1,
        249,
        243,
        184,
        158,
        100,
        153,
        206,
        51,
        79,
        156,
        16,
        24,
        145,
        224,
        241,
        130,
        73,
        190,
        49,
        22,
        153,
        39,
        153,
        27,
        195,
        24,
        197,
        230,
        54,
        145,
        64,
        40,
        173,
        129,
        80,
        181,
        199,
        35,
        125,
        195,
        118,
        192,
        67,
        38,
        40,
        47,
        202,
        102,
        55,
        134,
        129,
        172,
        86,
        89,
        12,
        3,
        252,
        147,
        241,
        108,
        222,
        165,
        98,
        105,
        99,
        113,
        62,
        16,
        90,
        127,
        250,
        8,
        125,
        155,
        49,
        223,
        59,
        199,
        24,
        217,
        87,
        69,
        66,
        196,
        30,
        97,
        65,
        252,
        245,
        245,
        98,
        243,
        238,
        131,
        60,
        100,
        113,
        5,
        66,
        222,
        232,
        153,
        228,
        133,
        10,
        228,
        246,
        245,
        5,
        47,
        150,
        119,
        5,
        76,
        159,
        80,
        120,
        148,
        69,
        132,
        176,
        162,
        236,
        133,
        153,
        108,
        68,
        9,
        136,
        176,
        189,
        75,
        182,
        237,
        160,
        210,
        83,
        99,
        26,
        183,
        229,
        42,
        203,
        178,
        176,
        31,
        2,
        38,
        130,
        76,
        202,
        136,
        1,
        15,
        27,
        252,
        100,
        163,
        110,
        240,
        214,
        116,
        165,
        140,
        1,
        110,
        174,
        10,
        230,
        144,
        150,
        146,
        61,
        22,
        189,
        51,
        151,
        68,
        52,
        120,
        178,
        92,
        21,
        204,
        161,
        167,
        249,
        187,
        39,
        185,
        185,
        42,
        200,
        146,
        242,
        155,
        113,
        17,
        157,
        183,
        178,
        9,
        37,
        82,
        192,
        59,
        116,
        185,
        88,
        154,
        102,
        139,
        121,
        148,
        23,
        165,
        212,
        112,
        226,
        230,
        231,
        37,
        242,
        38,
        212,
        71,
        103,
        12,
        146,
        58,
        72,
        79,
        171,
        237,
        111,
        117,
        13,
        120,
        136,
        87,
        200,
        230,
        115,
        140,
        58,
        228,
        37,
        114,
        40,
        129,
        172,
        102,
        134,
        78,
        150,
        152,
        107,
        224,
        247,
        82,
        39,
        43,
        101,
        134,
        186,
        5,
        60,
        108,
        35,
        149,
        61,
        7,
        59,
        137,
        56,
        84,
        71,
        38,
        153,
        161,
        224,
        84,
        63,
        253,
        172,
        214,
        67,
        175,
        45,
        24,
        35,
        125,
        224,
        136,
        172,
        85,
        17,
        1,
        158,
        217,
        182,
        2,
        172,
        176,
        37,
        124,
        11,
        42,
        149,
        20,
        18,
        186,
        145,
        245,
        237,
        151,
        13,
        143,
        93,
        63,
        102,
        138,
        42,
        28,
        10,
        110,
        6,
        79,
        37,
        163,
        95,
        96,
        61,
        41,
        103,
        195,
        131,
        39,
        240,
        36,
        240,
        54,
        222,
        25,
        121,
        226,
        222,
        141,
        174,
        4,
        47,
        245,
        104,
        142,
        52,
        149,
        12,
        252,
        213,
        234,
        36,
        111,
        194,
        55,
        135,
        38,
        146,
        197,
        29,
        64,
        69,
        188,
        208,
        225,
        43,
        201,
        113,
        166,
        0,
        34,
        223,
        174,
        46,
        128,
        226,
        61,
        161,
        0,
        15,
        237,
        136,
        51,
        217,
        62,
        0,
        126,
        57,
        121,
        52,
        85,
        84,
        113,
        235,
        231,
        88,
        222,
        1,
        164,
        151,
        251,
        240,
        163,
        99,
        138,
        123,
        207,
        16,
        98,
        180,
        234,
        125,
        9,
        54,
        120,
        200,
        230,
        82,
        9,
        117,
        66,
        155,
        56,
        122,
        229,
        188,
        72,
        76,
        39,
        10,
        230,
        174,
        71,
        68,
        182,
        84,
        118,
        61,
        62,
        153,
        56,
        156,
        86,
        159,
        204,
        11,
        11,
        120,
        187,
        138,
        11,
        232,
        185,
        164,
        145,
        74,
        78,
        5,
        73,
        70,
        127,
        192,
        187,
        30,
        131,
        182,
        223,
        182,
        243,
        178,
        25,
        148,
        123,
        169,
        200,
        17,
        240,
        160,
        252,
        202,
        28,
        155,
        70,
        158,
        123,
        48,
        91,
        36,
        202,
        246,
        126,
        219,
        160,
        237,
        244,
        214,
        39,
        100,
        236,
        127,
        8,
        5,
        120,
        39,
        203,
        46,
        121,
        205,
        45,
        213,
        77,
        202,
        38,
        192,
        5,
        101,
        167,
        183,
        105,
        141,
        129,
        156,
        243,
        103,
        232,
        105,
        73,
        214,
        188,
        40,
        160,
        130,
        45,
        234,
        136,
        246,
        219,
        1,
        15,
        142,
        9,
        172,
        162,
        31,
        45,
        155,
        110,
        233,
        249,
        152,
        179,
        37,
        211,
        73,
        80,
        107,
        12,
        232,
        220,
        149,
        4,
        213,
        45,
        80,
        20,
        75,
        150,
        170,
        32,
        99,
        40,
        223,
        195,
        153,
        130,
        189,
        240,
        240,
        110,
        111,
        112,
        73,
        118,
        45,
        206,
        227,
        58,
        216,
        219,
        176,
        106,
        2,
        121,
        222,
        27,
        11,
        199,
        210,
        169,
        50,
        97,
        38,
        191,
        71,
        235,
        167,
        179,
        117,
        85,
        144,
        100,
        99,
        230,
        68,
        8,
        55,
        127,
        199,
        204,
        50,
        73,
        62,
        75,
        72,
        235,
        170,
        248,
        214,
        87,
        17,
        182,
        0,
        243,
        160,
        153,
        41,
        231,
        52,
        183,
        157,
        61,
        194,
        108,
        143,
        92,
        21,
        57,
        80,
        209,
        199,
        183,
        150,
        148,
        112,
        171,
        35,
        108,
        225,
        169,
        251,
        54,
        123,
        61,
        46,
        225,
        4,
        13,
        22,
        5,
        60,
        197,
        80,
        238,
        101,
        234,
        32,
        57,
        88,
        75,
        202,
        119,
        21,
        62,
        104,
        22,
        45,
        67,
        28,
        194,
        105,
        16,
        161,
        1,
        244,
        223,
        188,
        92,
        86,
        250,
        72,
        39,
        180,
        63,
        224,
        138,
        142,
        142,
        212,
        207,
        3,
        136,
        51,
        247,
        111,
        245,
        70,
        221,
        66,
        9,
        218,
        75,
        243,
        70,
        211,
        20,
        54,
        226,
        75,
        212,
        44,
        155,
        176,
        214,
        207,
        51,
        154,
        114,
        69,
        42,
        45,
        134,
        121,
        135,
        85,
        19,
        171,
        165,
        89,
        193,
        4,
        149,
        154,
        40,
        144,
        3,
        121,
        7,
        46,
        22,
        170,
        26,
        31,
        69,
        228,
        146,
        202,
        141,
        182,
        106,
        134,
        98,
        46,
        218,
        116,
        246,
        152,
        119,
        126,
        132,
        199,
        6,
        118,
        40,
        10,
        122,
        97,
        4,
        53,
        159,
        57,
        248,
        246,
        39,
        136,
        164,
        202,
        119,
        150,
        76,
        242,
        166,
        244,
        67,
        17,
        30,
        187,
        123,
        61,
        101,
        156,
        58,
        68,
        101,
        214,
        130,
        220,
        122,
        205,
        208,
        38,
        228,
        226,
        106,
        181,
        240,
        123,
        37,
        147,
        187,
        170,
        213,
        162,
        61,
        109,
        40,
        194,
        234,
        36,
        207,
        36,
        73,
        161,
        194,
        16,
        83,
        165,
        102,
        216,
        71,
        84,
        157,
        100,
        35,
        223,
        73,
        245,
        21,
        179,
        179,
        200,
        153,
        10,
        221,
        89,
        218,
        243,
        238,
        34,
        250,
        191,
        54,
        188,
        25,
        69,
        117,
        109,
        120,
        149,
        95,
        37,
        24,
        70,
        245,
        191,
        74,
        176,
        27,
        129,
        124,
        77,
        113,
        245,
        248,
        152,
        77,
        165,
        218,
        113,
        156,
        215,
        127,
        149,
        224,
        75,
        10,
        243,
        175,
        18,
        252,
        7,
        28,
        12,
        167,
        100,
        190,
        230,
        249,
        129,
        0,
        0,
        0,
        0,
        73,
        69,
        78,
        68,
        174,
        66,
        96,
        130
      ]
    },
    "stat": {
      "dev": 16777220,
      "mode": 33188,
      "nlink": 1,
      "uid": 501,
      "gid": 20,
      "rdev": 0,
      "blksize": 4194304,
      "ino": 2088764,
      "size": 4395,
      "blocks": 16,
      "atime": "2018-04-17T07:59:11.793Z",
      "mtime": "2018-03-22T08:50:41.037Z",
      "ctime": "2018-03-22T08:50:41.037Z",
      "birthtime": "2018-03-22T08:50:41.037Z"
    },
    "history": [
      "/Users/jiangheng/Desktop/work-code/xxd-h5/src/mods/openaccount/yhimgs/nyyh@2x.png"
    ],
    "path": "/Users/jiangheng/Desktop/work-code/xxd-h5/src/mods/openaccount/yhimgs/nyyh@2x.png",
    "gulpCache$filePathChangedInsideTask": false,
    "gulpCache$fileBaseChangedInsideTask": false,
    "gulpCache$originalPath": "/Users/jiangheng/Desktop/work-code/xxd-h5/src/mods/openaccount/yhimgs/nyyh@2x.png",
    "gulpCache$originalBase": "/Users/jiangheng/Desktop/work-code/xxd-h5/src/mods/"
  }
]