[
  {
    "cwd": "/Users/jiangheng/Desktop/work-code/xxd-h5",
    "base": "/Users/jiangheng/Desktop/work-code/xxd-h5/src/mods/",
    "contents": {
      "type": "Buffer",
      "data": [
        137,
        80,
        78,
        71,
        13,
        10,
        26,
        10,
        0,
        0,
        0,
        13,
        73,
        72,
        68,
        82,
        0,
        0,
        0,
        32,
        0,
        0,
        0,
        36,
        8,
        6,
        0,
        0,
        0,
        232,
        235,
        56,
        226,
        0,
        0,
        3,
        5,
        73,
        68,
        65,
        84,
        120,
        218,
        188,
        151,
        77,
        72,
        84,
        81,
        20,
        199,
        239,
        12,
        9,
        51,
        96,
        8,
        25,
        74,
        42,
        26,
        226,
        170,
        105,
        51,
        82,
        40,
        149,
        171,
        38,
        104,
        32,
        87,
        14,
        73,
        31,
        180,
        169,
        93,
        45,
        2,
        11,
        105,
        97,
        84,
        4,
        22,
        185,
        209,
        160,
        149,
        181,
        146,
        129,
        34,
        72,
        252,
        24,
        162,
        69,
        109,
        218,
        72,
        208,
        184,
        104,
        231,
        44,
        6,
        137,
        156,
        164,
        82,
        17,
        51,
        12,
        171,
        255,
        141,
        255,
        139,
        195,
        101,
        158,
        115,
        239,
        188,
        153,
        14,
        252,
        184,
        247,
        190,
        119,
        239,
        57,
        255,
        121,
        247,
        235,
        76,
        232,
        240,
        157,
        175,
        202,
        193,
        26,
        193,
        121,
        112,
        18,
        196,
        65,
        61,
        159,
        107,
        39,
        89,
        240,
        18,
        76,
        128,
        207,
        182,
        14,
        195,
        150,
        253,
        162,
        224,
        30,
        200,
        131,
        17,
        144,
        16,
        193,
        21,
        235,
        9,
        190,
        203,
        179,
        111,
        212,
        198,
        241,
        46,
        139,
        62,
        251,
        193,
        52,
        56,
        40,
        158,
        109,
        130,
        183,
        96,
        145,
        237,
        86,
        112,
        140,
        65,
        35,
        96,
        16,
        156,
        34,
        249,
        32,
        2,
        90,
        25,
        168,
        153,
        237,
        143,
        224,
        22,
        72,
        83,
        132,
        249,
        149,
        206,
        128,
        219,
        160,
        5,
        196,
        56,
        246,
        136,
        16,
        234,
        52,
        5,
        53,
        224,
        133,
        8,
        62,
        9,
        14,
        128,
        199,
        69,
        130,
        123,
        95,
        229,
        9,
        251,
        76,
        242,
        89,
        51,
        125,
        212,
        148,
        35,
        224,
        42,
        232,
        100,
        125,
        22,
        164,
        192,
        186,
        197,
        148,
        173,
        179,
        239,
        44,
        219,
        157,
        244,
        229,
        36,
        32,
        202,
        121,
        212,
        182,
        10,
        46,
        128,
        109,
        135,
        221,
        178,
        205,
        49,
        171,
        108,
        15,
        250,
        45,
        74,
        63,
        1,
        189,
        98,
        149,
        63,
        0,
        223,
        148,
        187,
        233,
        49,
        247,
        197,
        46,
        233,
        117,
        17,
        144,
        16,
        245,
        9,
        85,
        190,
        165,
        125,
        124,
        150,
        20,
        16,
        99,
        153,
        223,
        105,
        5,
        91,
        216,
        162,
        216,
        134,
        49,
        23,
        1,
        222,
        231,
        95,
        82,
        193,
        109,
        201,
        240,
        105,
        37,
        224,
        39,
        203,
        72,
        5,
        4,
        68,
        12,
        159,
        86,
        2,
        62,
        177,
        108,
        115,
        56,
        174,
        253,
        252,
        183,
        25,
        62,
        173,
        4,
        188,
        99,
        185,
        7,
        116,
        5,
        16,
        208,
        69,
        31,
        210,
        167,
        149,
        128,
        105,
        81,
        191,
        18,
        64,
        192,
        101,
        31,
        159,
        37,
        5,
        204,
        129,
        247,
        172,
        235,
        243,
        253,
        104,
        25,
        193,
        245,
        152,
        179,
        172,
        103,
        233,
        211,
        233,
        40,
        190,
        206,
        50,
        4,
        158,
        129,
        14,
        135,
        224,
        29,
        28,
        19,
        98,
        251,
        90,
        57,
        119,
        193,
        107,
        48,
        202,
        122,
        19,
        111,
        182,
        164,
        69,
        240,
        36,
        251,
        54,
        177,
        61,
        74,
        95,
        101,
        37,
        36,
        3,
        224,
        169,
        200,
        134,
        50,
        224,
        21,
        232,
        7,
        123,
        141,
        115,
        163,
        159,
        239,
        50,
        236,
        171,
        248,
        21,
        6,
        130,
        228,
        3,
        250,
        82,
        57,
        7,
        114,
        224,
        6,
        5,
        159,
        32,
        218,
        126,
        139,
        105,
        146,
        246,
        139,
        89,
        209,
        205,
        82,
        151,
        152,
        205,
        30,
        223,
        205,
        187,
        254,
        75,
        145,
        119,
        161,
        34,
        193,
        21,
        251,
        126,
        231,
        216,
        64,
        57,
        225,
        69,
        254,
        250,
        187,
        160,
        193,
        72,
        62,
        150,
        65,
        129,
        44,
        27,
        73,
        74,
        3,
        199,
        228,
        232,
        195,
        89,
        64,
        45,
        120,
        14,
        198,
        197,
        25,
        94,
        160,
        211,
        56,
        223,
        235,
        121,
        222,
        71,
        26,
        249,
        44,
        206,
        62,
        5,
        177,
        54,
        198,
        233,
        171,
        214,
        86,
        128,
        62,
        185,
        222,
        128,
        62,
        182,
        55,
        184,
        37,
        219,
        193,
        16,
        152,
        231,
        28,
        171,
        34,
        243,
        62,
        207,
        62,
        237,
        28,
        179,
        193,
        119,
        125,
        244,
        89,
        95,
        74,
        64,
        148,
        169,
        212,
        33,
        182,
        63,
        240,
        87,
        141,
        248,
        228,
        129,
        126,
        182,
        201,
        49,
        113,
        250,
        80,
        244,
        57,
        99,
        102,
        70,
        166,
        128,
        135,
        160,
        91,
        156,
        134,
        58,
        213,
        94,
        8,
        112,
        20,
        47,
        208,
        135,
        119,
        10,
        118,
        51,
        70,
        81,
        1,
        73,
        177,
        96,
        114,
        108,
        175,
        85,
        224,
        58,
        94,
        163,
        175,
        156,
        88,
        216,
        73,
        83,
        128,
        46,
        199,
        196,
        222,
        63,
        13,
        86,
        84,
        229,
        108,
        133,
        62,
        189,
        51,
        97,
        204,
        139,
        237,
        9,
        72,
        137,
        179,
        254,
        17,
        47,
        143,
        74,
        91,
        150,
        190,
        189,
        187,
        34,
        37,
        5,
        92,
        98,
        185,
        5,
        134,
        85,
        245,
        108,
        152,
        49,
        254,
        197,
        212,
        2,
        234,
        192,
        113,
        62,
        204,
        84,
        40,
        15,
        220,
        41,
        63,
        204,
        176,
        174,
        99,
        214,
        105,
        1,
        61,
        226,
        75,
        76,
        169,
        234,
        219,
        148,
        88,
        119,
        61,
        97,
        35,
        93,
        158,
        251,
        15,
        2,
        100,
        140,
        88,
        152,
        255,
        100,
        149,
        216,
        126,
        213,
        54,
        25,
        163,
        37,
        44,
        110,
        172,
        31,
        98,
        129,
        84,
        211,
        182,
        24,
        235,
        239,
        77,
        27,
        230,
        241,
        184,
        101,
        252,
        141,
        170,
        182,
        165,
        249,
        63,
        97,
        230,
        143,
        0,
        3,
        0,
        54,
        120,
        165,
        167,
        110,
        119,
        136,
        169,
        0,
        0,
        0,
        0,
        73,
        69,
        78,
        68,
        174,
        66,
        96,
        130
      ]
    },
    "stat": {
      "dev": 16777220,
      "mode": 33188,
      "nlink": 1,
      "uid": 501,
      "gid": 20,
      "rdev": 0,
      "blksize": 4194304,
      "ino": 2088681,
      "size": 1687,
      "blocks": 8,
      "atime": "2018-04-17T07:59:11.791Z",
      "mtime": "2018-03-22T08:50:41.017Z",
      "ctime": "2018-03-22T08:50:41.017Z",
      "birthtime": "2018-03-22T08:50:41.017Z"
    },
    "history": [
      "/Users/jiangheng/Desktop/work-code/xxd-h5/src/mods/login/imgs/user_icon@2x.png"
    ],
    "path": "/Users/jiangheng/Desktop/work-code/xxd-h5/src/mods/login/imgs/user_icon@2x.png",
    "gulpCache$filePathChangedInsideTask": false,
    "gulpCache$fileBaseChangedInsideTask": false,
    "gulpCache$originalPath": "/Users/jiangheng/Desktop/work-code/xxd-h5/src/mods/login/imgs/user_icon@2x.png",
    "gulpCache$originalBase": "/Users/jiangheng/Desktop/work-code/xxd-h5/src/mods/"
  },
  {
    "cwd": "/Users/jiangheng/Desktop/work-code/xxd-h5",
    "base": "/Users/jiangheng/Desktop/work-code/xxd-h5/src/mods/",
    "contents": {
      "type": "Buffer",
      "data": [
        137,
        80,
        78,
        71,
        13,
        10,
        26,
        10,
        0,
        0,
        0,
        13,
        73,
        72,
        68,
        82,
        0,
        0,
        0,
        32,
        0,
        0,
        0,
        36,
        8,
        6,
        0,
        0,
        0,
        232,
        235,
        56,
        226,
        0,
        0,
        3,
        5,
        73,
        68,
        65,
        84,
        120,
        218,
        188,
        151,
        77,
        72,
        84,
        81,
        20,
        199,
        239,
        12,
        9,
        51,
        96,
        8,
        25,
        74,
        42,
        26,
        226,
        170,
        105,
        51,
        82,
        40,
        149,
        171,
        38,
        104,
        32,
        87,
        14,
        73,
        31,
        180,
        169,
        93,
        45,
        2,
        11,
        105,
        97,
        84,
        4,
        22,
        185,
        209,
        160,
        149,
        181,
        146,
        129,
        34,
        72,
        252,
        24,
        162,
        69,
        109,
        218,
        72,
        208,
        184,
        104,
        231,
        44,
        6,
        137,
        156,
        164,
        82,
        17,
        51,
        12,
        171,
        255,
        141,
        255,
        139,
        195,
        101,
        158,
        115,
        239,
        188,
        153,
        14,
        252,
        184,
        247,
        190,
        119,
        239,
        57,
        255,
        121,
        247,
        235,
        76,
        232,
        240,
        157,
        175,
        202,
        193,
        26,
        193,
        121,
        112,
        18,
        196,
        65,
        61,
        159,
        107,
        39,
        89,
        240,
        18,
        76,
        128,
        207,
        182,
        14,
        195,
        150,
        253,
        162,
        224,
        30,
        200,
        131,
        17,
        144,
        16,
        193,
        21,
        235,
        9,
        190,
        203,
        179,
        111,
        212,
        198,
        241,
        46,
        139,
        62,
        251,
        193,
        52,
        56,
        40,
        158,
        109,
        130,
        183,
        96,
        145,
        237,
        86,
        112,
        140,
        65,
        35,
        96,
        16,
        156,
        34,
        249,
        32,
        2,
        90,
        25,
        168,
        153,
        237,
        143,
        224,
        22,
        72,
        83,
        132,
        249,
        149,
        206,
        128,
        219,
        160,
        5,
        196,
        56,
        246,
        136,
        16,
        234,
        52,
        5,
        53,
        224,
        133,
        8,
        62,
        9,
        14,
        128,
        199,
        69,
        130,
        123,
        95,
        229,
        9,
        251,
        76,
        242,
        89,
        51,
        125,
        212,
        148,
        35,
        224,
        42,
        232,
        100,
        125,
        22,
        164,
        192,
        186,
        197,
        148,
        173,
        179,
        239,
        44,
        219,
        157,
        244,
        229,
        36,
        32,
        202,
        121,
        212,
        182,
        10,
        46,
        128,
        109,
        135,
        221,
        178,
        205,
        49,
        171,
        108,
        15,
        250,
        45,
        74,
        63,
        1,
        189,
        98,
        149,
        63,
        0,
        223,
        148,
        187,
        233,
        49,
        247,
        197,
        46,
        233,
        117,
        17,
        144,
        16,
        245,
        9,
        85,
        190,
        165,
        125,
        124,
        150,
        20,
        16,
        99,
        153,
        223,
        105,
        5,
        91,
        216,
        162,
        216,
        134,
        49,
        23,
        1,
        222,
        231,
        95,
        82,
        193,
        109,
        201,
        240,
        105,
        37,
        224,
        39,
        203,
        72,
        5,
        4,
        68,
        12,
        159,
        86,
        2,
        62,
        177,
        108,
        115,
        56,
        174,
        253,
        252,
        183,
        25,
        62,
        173,
        4,
        188,
        99,
        185,
        7,
        116,
        5,
        16,
        208,
        69,
        31,
        210,
        167,
        149,
        128,
        105,
        81,
        191,
        18,
        64,
        192,
        101,
        31,
        159,
        37,
        5,
        204,
        129,
        247,
        172,
        235,
        243,
        253,
        104,
        25,
        193,
        245,
        152,
        179,
        172,
        103,
        233,
        211,
        233,
        40,
        190,
        206,
        50,
        4,
        158,
        129,
        14,
        135,
        224,
        29,
        28,
        19,
        98,
        251,
        90,
        57,
        119,
        193,
        107,
        48,
        202,
        122,
        19,
        111,
        182,
        164,
        69,
        240,
        36,
        251,
        54,
        177,
        61,
        74,
        95,
        101,
        37,
        36,
        3,
        224,
        169,
        200,
        134,
        50,
        224,
        21,
        232,
        7,
        123,
        141,
        115,
        163,
        159,
        239,
        50,
        236,
        171,
        248,
        21,
        6,
        130,
        228,
        3,
        250,
        82,
        57,
        7,
        114,
        224,
        6,
        5,
        159,
        32,
        218,
        126,
        139,
        105,
        146,
        246,
        139,
        89,
        209,
        205,
        82,
        151,
        152,
        205,
        30,
        223,
        205,
        187,
        254,
        75,
        145,
        119,
        161,
        34,
        193,
        21,
        251,
        126,
        231,
        216,
        64,
        57,
        225,
        69,
        254,
        250,
        187,
        160,
        193,
        72,
        62,
        150,
        65,
        129,
        44,
        27,
        73,
        74,
        3,
        199,
        228,
        232,
        195,
        89,
        64,
        45,
        120,
        14,
        198,
        197,
        25,
        94,
        160,
        211,
        56,
        223,
        235,
        121,
        222,
        71,
        26,
        249,
        44,
        206,
        62,
        5,
        177,
        54,
        198,
        233,
        171,
        214,
        86,
        128,
        62,
        185,
        222,
        128,
        62,
        182,
        55,
        184,
        37,
        219,
        193,
        16,
        152,
        231,
        28,
        171,
        34,
        243,
        62,
        207,
        62,
        237,
        28,
        179,
        193,
        119,
        125,
        244,
        89,
        95,
        74,
        64,
        148,
        169,
        212,
        33,
        182,
        63,
        240,
        87,
        141,
        248,
        228,
        129,
        126,
        182,
        201,
        49,
        113,
        250,
        80,
        244,
        57,
        99,
        102,
        70,
        166,
        128,
        135,
        160,
        91,
        156,
        134,
        58,
        213,
        94,
        8,
        112,
        20,
        47,
        208,
        135,
        119,
        10,
        118,
        51,
        70,
        81,
        1,
        73,
        177,
        96,
        114,
        108,
        175,
        85,
        224,
        58,
        94,
        163,
        175,
        156,
        88,
        216,
        73,
        83,
        128,
        46,
        199,
        196,
        222,
        63,
        13,
        86,
        84,
        229,
        108,
        133,
        62,
        189,
        51,
        97,
        204,
        139,
        237,
        9,
        72,
        137,
        179,
        254,
        17,
        47,
        143,
        74,
        91,
        150,
        190,
        189,
        187,
        34,
        37,
        5,
        92,
        98,
        185,
        5,
        134,
        85,
        245,
        108,
        152,
        49,
        254,
        197,
        212,
        2,
        234,
        192,
        113,
        62,
        204,
        84,
        40,
        15,
        220,
        41,
        63,
        204,
        176,
        174,
        99,
        214,
        105,
        1,
        61,
        226,
        75,
        76,
        169,
        234,
        219,
        148,
        88,
        119,
        61,
        97,
        35,
        93,
        158,
        251,
        15,
        2,
        100,
        140,
        88,
        152,
        255,
        100,
        149,
        216,
        126,
        213,
        54,
        25,
        163,
        37,
        44,
        110,
        172,
        31,
        98,
        129,
        84,
        211,
        182,
        24,
        235,
        239,
        77,
        27,
        230,
        241,
        184,
        101,
        252,
        141,
        170,
        182,
        165,
        249,
        63,
        97,
        230,
        143,
        0,
        3,
        0,
        54,
        120,
        165,
        167,
        110,
        119,
        136,
        169,
        0,
        0,
        0,
        0,
        73,
        69,
        78,
        68,
        174,
        66,
        96,
        130
      ]
    },
    "stat": {
      "dev": 16777220,
      "mode": 33188,
      "nlink": 1,
      "uid": 501,
      "gid": 20,
      "rdev": 0,
      "blksize": 4194304,
      "ino": 2088870,
      "size": 1687,
      "blocks": 8,
      "atime": "2018-04-17T07:59:11.800Z",
      "mtime": "2018-03-22T08:50:41.061Z",
      "ctime": "2018-03-22T08:50:41.061Z",
      "birthtime": "2018-03-22T08:50:41.061Z"
    },
    "history": [
      "/Users/jiangheng/Desktop/work-code/xxd-h5/src/mods/register/imgs/user_icon@2x.png"
    ],
    "path": "/Users/jiangheng/Desktop/work-code/xxd-h5/src/mods/register/imgs/user_icon@2x.png",
    "gulpCache$filePathChangedInsideTask": true,
    "gulpCache$fileBaseChangedInsideTask": false,
    "gulpCache$originalPath": "/Users/jiangheng/Desktop/work-code/xxd-h5/src/mods/login/imgs/user_icon@2x.png",
    "gulpCache$originalBase": "/Users/jiangheng/Desktop/work-code/xxd-h5/src/mods/"
  }
]