[
  {
    "cwd": "/Users/jiangheng/Desktop/work-code/xxd-h5",
    "base": "/Users/jiangheng/Desktop/work-code/xxd-h5/src/mods/",
    "contents": {
      "type": "Buffer",
      "data": [
        137,
        80,
        78,
        71,
        13,
        10,
        26,
        10,
        0,
        0,
        0,
        13,
        73,
        72,
        68,
        82,
        0,
        0,
        0,
        27,
        0,
        0,
        0,
        27,
        8,
        6,
        0,
        0,
        0,
        141,
        212,
        244,
        85,
        0,
        0,
        2,
        131,
        73,
        68,
        65,
        84,
        120,
        218,
        172,
        150,
        91,
        136,
        141,
        81,
        20,
        199,
        231,
        124,
        137,
        204,
        193,
        140,
        41,
        19,
        49,
        154,
        92,
        114,
        105,
        198,
        237,
        73,
        225,
        1,
        229,
        82,
        146,
        80,
        140,
        76,
        198,
        195,
        184,
        37,
        154,
        7,
        229,
        65,
        74,
        20,
        114,
        171,
        121,
        160,
        220,
        107,
        52,
        136,
        92,
        202,
        181,
        198,
        240,
        130,
        36,
        37,
        102,
        72,
        110,
        205,
        153,
        228,
        82,
        202,
        237,
        76,
        71,
        98,
        252,
        86,
        173,
        83,
        187,
        211,
        177,
        191,
        181,
        117,
        86,
        253,
        90,
        223,
        57,
        103,
        239,
        253,
        63,
        107,
        237,
        253,
        237,
        181,
        18,
        95,
        138,
        139,
        139,
        2,
        108,
        16,
        84,
        128,
        76,
        74,
        67,
        71,
        73,
        58,
        253,
        201,
        58,
        185,
        135,
        97,
        204,
        52,
        88,
        9,
        115,
        97,
        32,
        252,
        130,
        46,
        72,
        202,
        252,
        175,
        201,
        228,
        59,
        252,
        117,
        56,
        137,
        240,
        93,
        223,
        66,
        145,
        231,
        183,
        137,
        32,
        147,
        111,
        105,
        36,
        27,
        96,
        40,
        244,
        132,
        82,
        245,
        149,
        176,
        9,
        250,
        195,
        29,
        132,
        91,
        161,
        42,
        84,
        172,
        1,
        30,
        192,
        75,
        24,
        6,
        75,
        225,
        28,
        116,
        58,
        99,
        186,
        53,
        141,
        167,
        97,
        49,
        207,
        195,
        225,
        35,
        60,
        66,
        112,
        173,
        53,
        141,
        187,
        97,
        61,
        44,
        129,
        139,
        214,
        253,
        64,
        48,
        133,
        171,
        65,
        104,
        25,
        254,
        40,
        190,
        156,
        239,
        182,
        249,
        196,
        26,
        84,
        104,
        134,
        70,
        22,
        108,
        8,
        52,
        35,
        244,
        129,
        199,
        171,
        248,
        247,
        124,
        62,
        156,
        47,
        141,
        19,
        52,
        170,
        229,
        49,
        66,
        178,
        95,
        53,
        208,
        215,
        35,
        216,
        138,
        91,
        5,
        141,
        8,
        142,
        206,
        39,
        214,
        8,
        103,
        12,
        169,
        219,
        3,
        205,
        176,
        61,
        38,
        194,
        38,
        220,
        21,
        216,
        159,
        43,
        54,
        21,
        38,
        195,
        22,
        67,
        166,
        6,
        56,
        17,
        198,
        217,
        102,
        152,
        69,
        116,
        147,
        92,
        177,
        58,
        184,
        4,
        169,
        162,
        2,
        26,
        209,
        189,
        194,
        221,
        132,
        21,
        174,
        216,
        28,
        184,
        96,
        92,
        227,
        119,
        160,
        166,
        108,
        203,
        236,
        172,
        88,
        57,
        12,
        134,
        251,
        198,
        201,
        223,
        3,
        197,
        238,
        193,
        40,
        82,
        217,
        39,
        210,
        187,
        174,
        187,
        208,
        41,
        116,
        236,
        141,
        250,
        138,
        72,
        143,
        240,
        55,
        21,
        44,
        184,
        177,
        111,
        25,
        125,
        236,
        21,
        169,
        80,
        73,
        204,
        61,
        233,
        218,
        159,
        144,
        189,
        35,
        125,
        189,
        245,
        49,
        35,
        55,
        72,
        135,
        126,
        168,
        116,
        66,
        246,
        217,
        17,
        40,
        131,
        67,
        198,
        63,
        55,
        82,
        125,
        74,
        196,
        62,
        171,
        224,
        20,
        163,
        152,
        28,
        164,
        5,
        1,
        153,
        148,
        117,
        219,
        73,
        103,
        87,
        54,
        117,
        82,
        143,
        22,
        25,
        39,
        71,
        90,
        9,
        18,
        198,
        241,
        178,
        238,
        13,
        247,
        61,
        59,
        14,
        243,
        96,
        132,
        97,
        178,
        92,
        63,
        175,
        97,
        135,
        97,
        191,
        198,
        226,
        166,
        75,
        97,
        117,
        197,
        30,
        66,
        11,
        236,
        12,
        184,
        174,
        202,
        12,
        99,
        247,
        193,
        101,
        82,
        216,
        150,
        91,
        98,
        54,
        194,
        99,
        168,
        133,
        38,
        207,
        2,
        171,
        225,
        20,
        220,
        142,
        137,
        106,
        157,
        182,
        20,
        213,
        249,
        110,
        253,
        23,
        32,
        3,
        142,
        193,
        76,
        207,
        58,
        63,
        116,
        143,
        51,
        30,
        161,
        249,
        184,
        3,
        80,
        79,
        84,
        111,
        255,
        213,
        22,
        156,
        128,
        173,
        186,
        88,
        221,
        255,
        188,
        196,
        26,
        209,
        121,
        233,
        77,
        164,
        101,
        136,
        107,
        11,
        118,
        129,
        84,
        218,
        131,
        176,
        80,
        203,
        196,
        51,
        131,
        136,
        52,
        58,
        123,
        245,
        168,
        215,
        34,
        116,
        214,
        218,
        240,
        200,
        233,
        25,
        167,
        199,
        251,
        169,
        150,
        137,
        53,
        250,
        93,
        182,
        66,
        247,
        131,
        241,
        18,
        9,
        72,
        7,
        246,
        68,
        91,
        188,
        170,
        124,
        66,
        98,
        9,
        67,
        147,
        90,
        173,
        41,
        149,
        50,
        52,
        38,
        231,
        253,
        146,
        251,
        180,
        29,
        174,
        105,
        223,
        248,
        220,
        183,
        80,
        34,
        176,
        35,
        150,
        123,
        110,
        136,
        54,
        168,
        114,
        80,
        58,
        17,
        248,
        105,
        157,
        252,
        87,
        128,
        1,
        0,
        10,
        158,
        184,
        133,
        161,
        37,
        147,
        161,
        0,
        0,
        0,
        0,
        73,
        69,
        78,
        68,
        174,
        66,
        96,
        130
      ]
    },
    "stat": {
      "dev": 16777220,
      "mode": 33188,
      "nlink": 1,
      "uid": 501,
      "gid": 20,
      "rdev": 0,
      "blksize": 4194304,
      "ino": 2088737,
      "size": 1557,
      "blocks": 8,
      "atime": "2018-04-17T07:59:11.792Z",
      "mtime": "2018-03-22T08:50:41.031Z",
      "ctime": "2018-03-22T08:50:41.031Z",
      "birthtime": "2018-03-22T08:50:41.031Z"
    },
    "history": [
      "/Users/jiangheng/Desktop/work-code/xxd-h5/src/mods/openaccount/imgs/notice_icon@2x.png"
    ],
    "path": "/Users/jiangheng/Desktop/work-code/xxd-h5/src/mods/openaccount/imgs/notice_icon@2x.png",
    "gulpCache$filePathChangedInsideTask": false,
    "gulpCache$fileBaseChangedInsideTask": false,
    "gulpCache$originalPath": "/Users/jiangheng/Desktop/work-code/xxd-h5/src/mods/openaccount/imgs/notice_icon@2x.png",
    "gulpCache$originalBase": "/Users/jiangheng/Desktop/work-code/xxd-h5/src/mods/"
  }
]