[
  {
    "cwd": "/Users/jiangheng/Desktop/work-code/xxd-h5",
    "base": "/Users/jiangheng/Desktop/work-code/xxd-h5/src/mods/",
    "contents": {
      "type": "Buffer",
      "data": [
        137,
        80,
        78,
        71,
        13,
        10,
        26,
        10,
        0,
        0,
        0,
        13,
        73,
        72,
        68,
        82,
        0,
        0,
        0,
        36,
        0,
        0,
        0,
        38,
        8,
        6,
        0,
        0,
        0,
        172,
        200,
        57,
        147,
        0,
        0,
        3,
        96,
        73,
        68,
        65,
        84,
        120,
        218,
        220,
        152,
        105,
        72,
        21,
        81,
        20,
        199,
        231,
        61,
        211,
        215,
        75,
        104,
        143,
        162,
        133,
        162,
        160,
        15,
        137,
        4,
        21,
        21,
        88,
        95,
        138,
        246,
        108,
        21,
        162,
        85,
        168,
        104,
        129,
        22,
        202,
        104,
        1,
        105,
        249,
        80,
        88,
        42,
        21,
        21,
        20,
        101,
        84,
        180,
        64,
        216,
        162,
        73,
        182,
        16,
        69,
        209,
        66,
        65,
        20,
        125,
        104,
        129,
        34,
        11,
        11,
        43,
        105,
        53,
        177,
        180,
        250,
        159,
        248,
        79,
        92,
        135,
        59,
        239,
        205,
        155,
        121,
        163,
        225,
        129,
        31,
        239,
        222,
        153,
        59,
        51,
        255,
        57,
        247,
        220,
        115,
        238,
        188,
        64,
        98,
        222,
        55,
        195,
        163,
        181,
        2,
        135,
        65,
        13,
        88,
        0,
        62,
        199,
        114,
        241,
        143,
        172,
        228,
        122,
        253,
        102,
        30,
        197,
        36,
        129,
        211,
        96,
        24,
        251,
        157,
        193,
        72,
        80,
        237,
        246,
        134,
        65,
        15,
        98,
        18,
        192,
        49,
        69,
        140,
        216,
        16,
        30,
        75,
        104,
        12,
        65,
        59,
        64,
        6,
        219,
        103,
        64,
        1,
        219,
        147,
        193,
        30,
        183,
        55,
        117,
        59,
        101,
        235,
        193,
        18,
        182,
        111,
        128,
        153,
        18,
        14,
        160,
        35,
        24,
        15,
        22,
        130,
        183,
        96,
        83,
        67,
        120,
        104,
        190,
        242,
        160,
        71,
        32,
        157,
        49,
        83,
        7,
        166,
        129,
        219,
        60,
        183,
        145,
        99,
        125,
        21,
        36,
        211,
        177,
        143,
        237,
        50,
        48,
        198,
        178,
        170,
        190,
        131,
        9,
        224,
        41,
        251,
        50,
        118,
        162,
        95,
        130,
        134,
        50,
        96,
        229,
        154,
        15,
        92,
        77,
        229,
        154,
        113,
        114,
        110,
        20,
        167,
        76,
        198,
        158,
        0,
        105,
        241,
        22,
        148,
        10,
        74,
        64,
        152,
        94,
        24,
        7,
        158,
        69,
        24,
        111,
        122,
        239,
        11,
        175,
        57,
        7,
        250,
        196,
        75,
        80,
        119,
        80,
        10,
        90,
        130,
        159,
        96,
        10,
        184,
        235,
        224,
        186,
        135,
        96,
        18,
        175,
        105,
        3,
        46,
        130,
        174,
        94,
        5,
        117,
        0,
        151,
        64,
        23,
        246,
        231,
        242,
        198,
        78,
        237,
        42,
        152,
        197,
        182,
        136,
        185,
        0,
        90,
        187,
        21,
        212,
        130,
        211,
        212,
        155,
        253,
        149,
        224,
        168,
        139,
        85,
        121,
        18,
        172,
        96,
        59,
        133,
        211,
        23,
        142,
        85,
        144,
        89,
        18,
        6,
        178,
        159,
        11,
        182,
        123,
        76,
        162,
        121,
        78,
        178,
        185,
        78,
        80,
        0,
        28,
        224,
        74,
        49,
        88,
        56,
        215,
        24,
        222,
        109,
        181,
        226,
        97,
        219,
        108,
        174,
        19,
        148,
        15,
        102,
        179,
        93,
        202,
        228,
        246,
        59,
        14,
        130,
        228,
        30,
        243,
        192,
        101,
        246,
        37,
        155,
        111,
        136,
        38,
        40,
        75,
        153,
        239,
        59,
        172,
        85,
        181,
        150,
        49,
        59,
        41,
        58,
        82,
        1,
        13,
        48,
        155,
        23,
        88,
        202,
        147,
        148,
        151,
        169,
        224,
        190,
        153,
        205,
        147,
        242,
        171,
        234,
        101,
        243,
        128,
        178,
        31,
        202,
        4,
        135,
        216,
        126,
        194,
        185,
        174,
        180,
        60,
        40,
        204,
        99,
        242,
        123,
        28,
        204,
        97,
        201,
        48,
        52,
        162,
        151,
        177,
        221,
        131,
        121,
        73,
        53,
        169,
        121,
        183,
        64,
        79,
        240,
        75,
        82,
        9,
        246,
        69,
        69,
        170,
        135,
        36,
        137,
        237,
        103,
        187,
        156,
        89,
        184,
        82,
        243,
        160,
        106,
        214,
        43,
        201,
        45,
        51,
        192,
        17,
        141,
        167,
        114,
        20,
        49,
        235,
        52,
        98,
        196,
        42,
        192,
        104,
        102,
        245,
        191,
        217,
        28,
        158,
        74,
        51,
        61,
        52,
        136,
        249,
        66,
        222,
        250,
        19,
        61,
        211,
        14,
        116,
        2,
        103,
        233,
        102,
        171,
        73,
        189,
        42,
        4,
        137,
        172,
        87,
        139,
        25,
        35,
        57,
        202,
        2,
        200,
        6,
        155,
        109,
        246,
        81,
        233,
        12,
        5,
        17,
        118,
        141,
        41,
        230,
        163,
        60,
        91,
        4,
        221,
        67,
        99,
        0,
        223,
        126,
        4,
        75,
        66,
        5,
        227,
        64,
        222,
        116,
        151,
        77,
        156,
        168,
        162,
        246,
        242,
        109,
        179,
        121,
        110,
        43,
        88,
        107,
        115,
        157,
        204,
        198,
        121,
        182,
        7,
        131,
        182,
        160,
        152,
        177,
        118,
        61,
        200,
        101,
        93,
        198,
        165,
        120,
        19,
        36,
        83,
        140,
        65,
        79,
        217,
        89,
        49,
        227,
        78,
        98,
        96,
        145,
        67,
        49,
        98,
        33,
        53,
        38,
        17,
        59,
        178,
        146,
        167,
        211,
        67,
        37,
        162,
        106,
        55,
        113,
        106,
        91,
        44,
        133,
        242,
        29,
        167,
        215,
        172,
        244,
        205,
        153,
        8,
        197,
        30,
        43,
        219,
        149,
        72,
        27,
        253,
        66,
        122,
        59,
        230,
        29,
        99,
        136,
        9,
        206,
        110,
        201,
        183,
        7,
        203,
        45,
        199,
        196,
        3,
        175,
        252,
        218,
        194,
        214,
        48,
        131,
        167,
        90,
        142,
        155,
        101,
        229,
        20,
        80,
        191,
        171,
        158,
        131,
        215,
        126,
        239,
        169,
        175,
        16,
        157,
        160,
        85,
        224,
        165,
        151,
        116,
        30,
        52,
        254,
        51,
        115,
        227,
        33,
        201,
        206,
        253,
        108,
        206,
        101,
        48,
        176,
        77,
        123,
        33,
        75,
        217,
        79,
        65,
        33,
        166,
        9,
        59,
        203,
        213,
        20,
        212,
        110,
        54,
        123,
        239,
        184,
        5,
        245,
        82,
        38,
        82,
        213,
        50,
        149,
        101,
        174,
        102,
        118,
        249,
        250,
        120,
        239,
        247,
        148,
        233,
        114,
        150,
        41,
        104,
        108,
        147,
        11,
        234,
        38,
        47,
        168,
        214,
        239,
        101,
        159,
        228,
        240,
        62,
        219,
        248,
        237,
        245,
        198,
        193,
        216,
        112,
        44,
        130,
        172,
        53,
        74,
        86,
        84,
        175,
        24,
        254,
        128,
        58,
        24,
        229,
        188,
        236,
        34,
        134,
        91,
        54,
        124,
        134,
        221,
        22,
        86,
        236,
        1,
        232,
        219,
        192,
        97,
        35,
        91,
        159,
        20,
        84,
        252,
        42,
        93,
        12,
        213,
        53,
        66,
        28,
        135,
        84,
        29,
        214,
        41,
        235,
        31,
        237,
        83,
        215,
        7,
        251,
        10,
        239,
        252,
        115,
        196,
        31,
        1,
        6,
        0,
        73,
        172,
        197,
        105,
        144,
        142,
        101,
        70,
        0,
        0,
        0,
        0,
        73,
        69,
        78,
        68,
        174,
        66,
        96,
        130
      ]
    },
    "stat": {
      "dev": 16777220,
      "mode": 33188,
      "nlink": 1,
      "uid": 501,
      "gid": 20,
      "rdev": 0,
      "blksize": 4194304,
      "ino": 2088784,
      "size": 1778,
      "blocks": 8,
      "atime": "2018-04-17T07:59:11.794Z",
      "mtime": "2018-03-22T08:50:41.042Z",
      "ctime": "2018-03-22T08:50:41.042Z",
      "birthtime": "2018-03-22T08:50:41.042Z"
    },
    "history": [
      "/Users/jiangheng/Desktop/work-code/xxd-h5/src/mods/personal/imgs/bank_icon@3x.png"
    ],
    "path": "/Users/jiangheng/Desktop/work-code/xxd-h5/src/mods/personal/imgs/bank_icon@3x.png",
    "gulpCache$filePathChangedInsideTask": false,
    "gulpCache$fileBaseChangedInsideTask": false,
    "gulpCache$originalPath": "/Users/jiangheng/Desktop/work-code/xxd-h5/src/mods/personal/imgs/bank_icon@3x.png",
    "gulpCache$originalBase": "/Users/jiangheng/Desktop/work-code/xxd-h5/src/mods/"
  }
]