[
  {
    "cwd": "/Users/jiangheng/Desktop/work-code/xxd-h5",
    "base": "/Users/jiangheng/Desktop/work-code/xxd-h5/src/mods/",
    "contents": {
      "type": "Buffer",
      "data": [
        137,
        80,
        78,
        71,
        13,
        10,
        26,
        10,
        0,
        0,
        0,
        13,
        73,
        72,
        68,
        82,
        0,
        0,
        0,
        44,
        0,
        0,
        0,
        25,
        8,
        3,
        0,
        0,
        0,
        125,
        237,
        60,
        45,
        0,
        0,
        0,
        93,
        80,
        76,
        84,
        69,
        67,
        137,
        245,
        255,
        255,
        255,
        67,
        137,
        245,
        67,
        137,
        245,
        67,
        137,
        245,
        67,
        137,
        245,
        67,
        137,
        245,
        67,
        137,
        245,
        67,
        137,
        245,
        67,
        137,
        245,
        67,
        137,
        245,
        67,
        137,
        245,
        67,
        137,
        245,
        67,
        137,
        245,
        67,
        137,
        245,
        67,
        137,
        245,
        67,
        137,
        245,
        67,
        137,
        245,
        67,
        137,
        245,
        67,
        137,
        245,
        67,
        137,
        245,
        67,
        137,
        245,
        67,
        137,
        245,
        67,
        137,
        245,
        67,
        137,
        245,
        67,
        137,
        245,
        67,
        137,
        245,
        67,
        137,
        245,
        67,
        137,
        245,
        67,
        137,
        245,
        67,
        137,
        245,
        44,
        115,
        128,
        194,
        0,
        0,
        0,
        30,
        116,
        82,
        78,
        83,
        0,
        0,
        2,
        3,
        4,
        10,
        20,
        21,
        54,
        55,
        68,
        89,
        96,
        100,
        104,
        105,
        116,
        146,
        148,
        151,
        165,
        170,
        182,
        211,
        213,
        215,
        235,
        241,
        247,
        249,
        178,
        38,
        214,
        254,
        0,
        0,
        0,
        159,
        73,
        68,
        65,
        84,
        56,
        203,
        141,
        212,
        71,
        2,
        195,
        32,
        12,
        5,
        209,
        175,
        56,
        189,
        225,
        56,
        189,
        233,
        254,
        199,
        244,
        194,
        6,
        68,
        19,
        204,
        250,
        173,
        7,
        56,
        63,
        134,
        53,
        202,
        209,
        212,
        246,
        245,
        191,
        175,
        112,
        96,
        230,
        231,
        166,
        134,
        119,
        95,
        102,
        238,
        113,
        101,
        93,
        123,
        203,
        3,
        78,
        172,
        107,
        111,
        121,
        143,
        197,
        77,
        215,
        222,
        26,
        2,
        58,
        93,
        11,
        75,
        168,
        105,
        97,
        9,
        53,
        45,
        44,
        161,
        162,
        165,
        157,
        112,
        89,
        7,
        118,
        198,
        37,
        29,
        90,
        139,
        243,
        58,
        178,
        14,
        231,
        116,
        108,
        61,
        78,
        117,
        98,
        5,
        142,
        117,
        106,
        37,
        14,
        117,
        198,
        6,
        88,
        106,
        107,
        81,
        196,
        94,
        59,
        171,
        96,
        171,
        223,
        206,
        106,
        216,
        106,
        103,
        85,
        44,
        180,
        65,
        21,
        59,
        109,
        208,
        128,
        103,
        109,
        208,
        132,
        209,
        93,
        126,
        159,
        35,
        26,
        49,
        176,
        76,
        190,
        65,
        68,
        68,
        35,
        127,
        49,
        33,
        46,
        233,
        171,
        83,
        128,
        0,
        0,
        0,
        0,
        73,
        69,
        78,
        68,
        174,
        66,
        96,
        130
      ]
    },
    "stat": {
      "dev": 16777220,
      "mode": 33188,
      "nlink": 1,
      "uid": 501,
      "gid": 20,
      "rdev": 0,
      "blksize": 4194304,
      "ino": 2088797,
      "size": 730,
      "blocks": 8,
      "atime": "2018-04-17T07:59:11.795Z",
      "mtime": "2018-03-22T08:50:41.045Z",
      "ctime": "2018-03-22T08:50:41.045Z",
      "birthtime": "2018-03-22T08:50:41.044Z"
    },
    "history": [
      "/Users/jiangheng/Desktop/work-code/xxd-h5/src/mods/product/imgs/arrow_down@2x.png"
    ],
    "path": "/Users/jiangheng/Desktop/work-code/xxd-h5/src/mods/product/imgs/arrow_down@2x.png",
    "gulpCache$filePathChangedInsideTask": false,
    "gulpCache$fileBaseChangedInsideTask": false,
    "gulpCache$originalPath": "/Users/jiangheng/Desktop/work-code/xxd-h5/src/mods/product/imgs/arrow_down@2x.png",
    "gulpCache$originalBase": "/Users/jiangheng/Desktop/work-code/xxd-h5/src/mods/"
  }
]