[
  {
    "cwd": "/Users/jiangheng/Desktop/work-code/xxd-h5",
    "base": "/Users/jiangheng/Desktop/work-code/xxd-h5/src/mods/",
    "contents": {
      "type": "Buffer",
      "data": [
        137,
        80,
        78,
        71,
        13,
        10,
        26,
        10,
        0,
        0,
        0,
        13,
        73,
        72,
        68,
        82,
        0,
        0,
        0,
        99,
        0,
        0,
        0,
        77,
        8,
        4,
        0,
        0,
        0,
        24,
        148,
        18,
        88,
        0,
        0,
        16,
        64,
        73,
        68,
        65,
        84,
        104,
        222,
        205,
        155,
        121,
        120,
        93,
        101,
        157,
        199,
        111,
        55,
        22,
        165,
        160,
        172,
        5,
        148,
        162,
        128,
        44,
        178,
        8,
        138,
        86,
        89,
        10,
        168,
        48,
        8,
        194,
        3,
        248,
        140,
        29,
        116,
        24,
        70,
        92,
        6,
        144,
        62,
        138,
        27,
        136,
        140,
        203,
        32,
        48,
        42,
        46,
        12,
        34,
        136,
        138,
        146,
        155,
        253,
        147,
        238,
        148,
        174,
        180,
        73,
        219,
        208,
        45,
        91,
        211,
        180,
        105,
        210,
        38,
        105,
        211,
        146,
        166,
        77,
        218,
        166,
        77,
        210,
        36,
        77,
        242,
        153,
        63,
        238,
        233,
        245,
        222,
        228,
        222,
        155,
        123,
        107,
        121,
        30,
        223,
        247,
        159,
        220,
        179,
        228,
        188,
        223,
        243,
        254,
        150,
        239,
        111,
        57,
        33,
        66,
        239,
        200,
        28,
        77,
        136,
        179,
        8,
        113,
        25,
        33,
        46,
        33,
        196,
        68,
        66,
        140,
        122,
        135,
        158,
        21,
        34,
        116,
        180,
        255,
        225,
        185,
        156,
        193,
        13,
        124,
        151,
        135,
        88,
        192,
        203,
        172,
        101,
        17,
        107,
        153,
        203,
        26,
        194,
        204,
        229,
        191,
        120,
        140,
        219,
        56,
        135,
        15,
        6,
        48,
        255,
        9,
        97,
        140,
        231,
        116,
        46,
        230,
        119,
        20,
        176,
        22,
        131,
        217,
        195,
        65,
        58,
        104,
        103,
        15,
        210,
        137,
        200,
        0,
        178,
        154,
        57,
        60,
        203,
        103,
        57,
        143,
        19,
        255,
        217,
        96,
        220,
        198,
        227,
        204,
        12,
        22,
        191,
        133,
        77,
        188,
        192,
        211,
        60,
        204,
        157,
        220,
        203,
        229,
        220,
        195,
        197,
        60,
        200,
        181,
        124,
        155,
        31,
        243,
        55,
        54,
        211,
        21,
        92,
        183,
        128,
        167,
        248,
        82,
        134,
        207,
        249,
        193,
        59,
        7,
        227,
        118,
        166,
        179,
        131,
        65,
        246,
        179,
        145,
        87,
        185,
        145,
        79,
        51,
        129,
        16,
        39,
        18,
        226,
        88,
        66,
        140,
        9,
        4,
        104,
        44,
        33,
        198,
        115,
        44,
        19,
        120,
        128,
        107,
        120,
        141,
        22,
        186,
        145,
        189,
        172,
        228,
        46,
        222,
        151,
        214,
        115,
        238,
        165,
        25,
        185,
        225,
        157,
        128,
        113,
        53,
        211,
        17,
        105,
        228,
        183,
        220,
        199,
        165,
        105,
        171,
        241,
        24,
        174,
        228,
        97,
        126,
        65,
        57,
        34,
        229,
        220,
        198,
        120,
        198,
        166,
        184,
        254,
        227,
        20,
        231,
        155,
        37,
        22,
        149,
        49,
        254,
        232,
        194,
        56,
        133,
        223,
        35,
        178,
        135,
        31,
        115,
        62,
        167,
        143,
        120,
        253,
        177,
        76,
        30,
        162,
        216,
        167,
        114,
        18,
        15,
        177,
        9,
        145,
        2,
        110,
        73,
        242,
        18,
        78,
        227,
        79,
        133,
        102,
        57,
        219,
        70,
        231,
        154,
        35,
        223,
        56,
        154,
        48,
        254,
        147,
        173,
        136,
        60,
        199,
        251,
        70,
        220,
        131,
        49,
        129,
        80,
        188,
        58,
        76,
        124,
        70,
        17,
        226,
        18,
        190,
        77,
        13,
        114,
        136,
        71,
        121,
        127,
        2,
        109,
        232,
        205,
        182,
        192,
        106,
        7,
        212,
        102,
        179,
        165,
        157,
        179,
        142,
        14,
        140,
        15,
        243,
        42,
        34,
        243,
        184,
        44,
        141,
        171,
        79,
        226,
        118,
        158,
        231,
        33,
        90,
        105,
        224,
        152,
        36,
        30,
        230,
        19,
        252,
        47,
        93,
        12,
        178,
        150,
        171,
        99,
        206,
        220,
        201,
        166,
        92,
        179,
        45,
        245,
        128,
        145,
        209,
        111,
        137,
        97,
        249,
        205,
        63,
        14,
        99,
        44,
        215,
        179,
        8,
        105,
        230,
        225,
        52,
        239,
        120,
        55,
        191,
        165,
        59,
        176,
        78,
        207,
        240,
        233,
        164,
        123,
        119,
        63,
        37,
        200,
        6,
        30,
        97,
        60,
        33,
        46,
        101,
        126,
        129,
        89,
        46,
        176,
        197,
        216,
        177,
        199,
        60,
        11,
        228,
        210,
        127,
        20,
        198,
        100,
        202,
        25,
        100,
        94,
        244,
        173,
        141,
        73,
        195,
        159,
        95,
        66,
        107,
        212,
        151,
        236,
        228,
        172,
        36,
        247,
        140,
        229,
        100,
        94,
        165,
        139,
        109,
        60,
        204,
        239,
        48,
        203,
        25,
        214,
        59,
        124,
        148,
        27,
        182,
        104,
        246,
        80,
        131,
        144,
        25,
        136,
        47,
        210,
        129,
        252,
        149,
        15,
        7,
        75,
        57,
        153,
        155,
        184,
        158,
        16,
        39,
        16,
        226,
        189,
        73,
        239,
        250,
        32,
        45,
        1,
        136,
        106,
        110,
        102,
        66,
        210,
        235,
        70,
        113,
        28,
        95,
        69,
        186,
        179,
        205,
        179,
        194,
        62,
        19,
        141,
        46,
        167,
        155,
        39,
        183,
        30,
        57,
        140,
        123,
        233,
        65,
        126,
        27,
        179,
        144,
        51,
        41,
        102,
        57,
        63,
        224,
        71,
        204,
        224,
        236,
        164,
        247,
        253,
        148,
        22,
        164,
        135,
        65,
        166,
        36,
        212,
        142,
        191,
        207,
        235,
        105,
        204,
        51,
        236,
        50,
        247,
        153,
        124,
        212,
        153,
        109,
        209,
        6,
        222,
        115,
        100,
        48,
        38,
        211,
        72,
        55,
        79,
        14,
        49,
        162,
        213,
        72,
        43,
        178,
        50,
        197,
        157,
        119,
        240,
        29,
        110,
        101,
        6,
        91,
        185,
        56,
        197,
        85,
        231,
        51,
        173,
        208,
        44,
        231,
        185,
        195,
        212,
        163,
        207,
        5,
        102,
        203,
        163,
        71,
        2,
        99,
        18,
        109,
        200,
        175,
        121,
        87,
        204,
        177,
        113,
        252,
        59,
        187,
        3,
        113,
        9,
        51,
        46,
        233,
        189,
        199,
        17,
        34,
        196,
        133,
        60,
        192,
        201,
        73,
        174,
        56,
        134,
        167,
        49,
        236,
        52,
        107,
        77,
        103,
        180,
        152,
        35,
        157,
        156,
        147,
        41,
        140,
        119,
        177,
        20,
        201,
        137,
        243,
        160,
        163,
        152,
        196,
        222,
        168,
        234,
        214,
        115,
        83,
        252,
        54,
        39,
        244,
        30,
        137,
        109,
        212,
        3,
        236,
        202,
        49,
        215,
        181,
        246,
        152,
        222,
        24,
        112,
        133,
        97,
        139,
        94,
        202,
        12,
        198,
        49,
        188,
        140,
        44,
        27,
        182,
        204,
        207,
        49,
        133,
        194,
        0,
        198,
        38,
        126,
        201,
        196,
        35,
        240,
        65,
        215,
        242,
        86,
        190,
        89,
        46,
        177,
        221,
        76,
        70,
        135,
        249,
        22,
        200,
        85,
        153,
        192,
        248,
        60,
        189,
        52,
        241,
        209,
        36,
        230,
        116,
        41,
        157,
        220,
        199,
        251,
        226,
        28,
        87,
        122,
        243,
        108,
        178,
        10,
        205,
        242,
        117,
        183,
        154,
        249,
        168,
        50,
        108,
        209,
        98,
        142,
        77,
        23,
        198,
        57,
        236,
        68,
        30,
        79,
        42,
        110,
        223,
        228,
        217,
        164,
        247,
        78,
        32,
        196,
        133,
        140,
        75,
        68,
        31,
        120,
        146,
        129,
        176,
        88,
        227,
        145,
        141,
        131,
        206,
        50,
        87,
        190,
        144,
        46,
        140,
        23,
        144,
        105,
        137,
        121,
        37,
        33,
        70,
        241,
        33,
        78,
        26,
        118,
        244,
        10,
        62,
        201,
        87,
        40,
        226,
        175,
        108,
        98,
        46,
        85,
        132,
        153,
        207,
        55,
        184,
        149,
        79,
        5,
        231,
        167,
        176,
        53,
        215,
        28,
        87,
        218,
        165,
        234,
        224,
        17,
        1,
        217,
        98,
        182,
        69,
        13,
        156,
        146,
        14,
        140,
        203,
        144,
        182,
        36,
        2,
        149,
        120,
        94,
        193,
        243,
        172,
        8,
        28,
        222,
        1,
        246,
        178,
        11,
        3,
        83,
        208,
        78,
        5,
        5,
        124,
        138,
        37,
        5,
        102,
        185,
        216,
        93,
        129,
        148,
        215,
        167,
        244,
        18,
        201,
        199,
        33,
        23,
        27,
        54,
        226,
        2,
        70,
        82,
        238,
        124,
        18,
        82,
        177,
        164,
        228,
        253,
        15,
        12,
        32,
        221,
        44,
        32,
        204,
        131,
        220,
        193,
        237,
        92,
        197,
        151,
        185,
        145,
        251,
        121,
        133,
        23,
        233,
        71,
        204,
        114,
        150,
        13,
        129,
        7,
        168,
        113,
        137,
        43,
        220,
        144,
        196,
        99,
        143,
        52,
        118,
        153,
        99,
        225,
        33,
        206,
        27,
        9,
        198,
        36,
        250,
        233,
        228,
        194,
        52,
        65,
        124,
        157,
        118,
        68,
        94,
        225,
        58,
        46,
        142,
        139,
        253,
        70,
        31,
        22,
        207,
        108,
        11,
        172,
        178,
        95,
        213,
        70,
        75,
        92,
        227,
        110,
        235,
        45,
        243,
        237,
        35,
        130,
        49,
        104,
        165,
        97,
        201,
        26,
        9,
        198,
        107,
        152,
        66,
        129,
        227,
        121,
        211,
        75,
        136,
        204,
        229,
        210,
        32,
        100,
        141,
        159,
        119,
        178,
        62,
        207,
        176,
        43,
        2,
        210,
        189,
        203,
        181,
        174,
        178,
        201,
        46,
        7,
        236,
        179,
        198,
        117,
        118,
        31,
        17,
        144,
        58,
        11,
        69,
        238,
        76,
        181,
        180,
        51,
        232,
        160,
        45,
        65,
        40,
        51,
        124,
        190,
        151,
        28,
        100,
        59,
        255,
        145,
        240,
        236,
        37,
        204,
        137,
        37,
        221,
        157,
        86,
        88,
        226,
        116,
        187,
        60,
        20,
        188,
        211,
        38,
        151,
        185,
        205,
        129,
        12,
        33,
        116,
        184,
        220,
        92,
        145,
        141,
        188,
        63,
        213,
        226,
        190,
        135,
        204,
        76,
        3,
        196,
        241,
        20,
        32,
        171,
        184,
        38,
        97,
        180,
        241,
        155,
        88,
        210,
        221,
        111,
        173,
        75,
        173,
        178,
        205,
        57,
        238,
        80,
        7,
        61,
        232,
        78,
        87,
        249,
        134,
        149,
        25,
        41,
        250,
        33,
        43,
        205,
        55,
        91,
        58,
        249,
        86,
        106,
        21,
        127,
        55,
        43,
        72,
        18,
        249,
        198,
        205,
        113,
        252,
        30,
        105,
        226,
        218,
        4,
        162,
        244,
        32,
        123,
        115,
        204,
        179,
        60,
        80,
        225,
        183,
        93,
        238,
        26,
        223,
        246,
        160,
        131,
        54,
        57,
        199,
        3,
        182,
        187,
        206,
        165,
        214,
        218,
        102,
        185,
        117,
        129,
        206,
        164,
        99,
        106,
        103,
        154,
        37,
        242,
        226,
        97,
        102,
        145,
        74,
        189,
        123,
        104,
        140,
        210,
        239,
        99,
        147,
        82,
        141,
        251,
        233,
        98,
        71,
        2,
        147,
        252,
        25,
        42,
        242,
        12,
        91,
        226,
        222,
        224,
        225,
        251,
        92,
        106,
        149,
        7,
        163,
        139,
        93,
        224,
        74,
        75,
        45,
        115,
        127,
        32,
        88,
        149,
        238,
        78,
        3,
        66,
        171,
        139,
        204,
        178,
        64,
        22,
        242,
        145,
        116,
        56,
        213,
        247,
        144,
        231,
        162,
        180,
        238,
        101,
        126,
        152,
        240,
        170,
        51,
        233,
        160,
        111,
        88,
        64,
        123,
        46,
        20,
        154,
        229,
        27,
        54,
        199,
        44,
        160,
        219,
        170,
        32,
        53,
        48,
        96,
        151,
        45,
        46,
        16,
        155,
        162,
        103,
        247,
        185,
        204,
        245,
        35,
        24,
        222,
        78,
        87,
        154,
        109,
        174,
        108,
        225,
        158,
        244,
        194,
        166,
        49,
        228,
        35,
        183,
        16,
        98,
        52,
        103,
        114,
        25,
        3,
        108,
        229,
        33,
        198,
        199,
        190,
        1,
        66,
        140,
        226,
        87,
        200,
        140,
        33,
        66,
        246,
        52,
        134,
        45,
        114,
        115,
        92,
        204,
        54,
        168,
        110,
        183,
        204,
        237,
        246,
        216,
        106,
        153,
        197,
        110,
        179,
        212,
        178,
        64,
        201,
        91,
        221,
        104,
        177,
        43,
        82,
        196,
        26,
        131,
        86,
        91,
        104,
        88,
        250,
        121,
        34,
        253,
        148,
        194,
        233,
        84,
        211,
        199,
        29,
        132,
        120,
        130,
        23,
        217,
        141,
        12,
        208,
        66,
        3,
        255,
        29,
        23,
        172,
        78,
        164,
        3,
        185,
        41,
        230,
        200,
        125,
        188,
        157,
        99,
        142,
        107,
        60,
        104,
        119,
        64,
        188,
        123,
        109,
        183,
        222,
        237,
        129,
        187,
        91,
        227,
        58,
        75,
        172,
        182,
        87,
        237,
        115,
        166,
        123,
        220,
        239,
        38,
        203,
        93,
        231,
        86,
        171,
        173,
        12,
        232,
        201,
        208,
        209,
        228,
        28,
        179,
        44,
        148,
        191,
        113,
        102,
        38,
        121,
        170,
        171,
        233,
        161,
        153,
        115,
        25,
        197,
        237,
        148,
        69,
        163,
        138,
        125,
        220,
        31,
        23,
        30,
        61,
        129,
        228,
        70,
        127,
        125,
        138,
        21,
        17,
        210,
        221,
        166,
        106,
        133,
        155,
        237,
        242,
        128,
        219,
        172,
        113,
        115,
        32,
        46,
        109,
        150,
        250,
        134,
        251,
        163,
        203,
        91,
        227,
        124,
        171,
        173,
        176,
        209,
        46,
        117,
        151,
        101,
        54,
        14,
        83,
        244,
        54,
        151,
        152,
        101,
        190,
        180,
        50,
        41,
        211,
        28,
        238,
        157,
        200,
        18,
        70,
        19,
        226,
        4,
        62,
        26,
        77,
        9,
        204,
        26,
        34,
        120,
        245,
        28,
        100,
        114,
        160,
        35,
        127,
        43,
        52,
        203,
        57,
        110,
        143,
        62,
        126,
        135,
        197,
        214,
        89,
        107,
        173,
        251,
        212,
        1,
        7,
        213,
        65,
        55,
        90,
        21,
        188,
        241,
        67,
        110,
        119,
        131,
        249,
        150,
        70,
        97,
        245,
        91,
        103,
        89,
        220,
        126,
        28,
        116,
        141,
        57,
        230,
        200,
        30,
        6,
        248,
        83,
        230,
        25,
        245,
        71,
        145,
        95,
        71,
        211,
        107,
        17,
        39,
        35,
        249,
        17,
        62,
        25,
        204,
        11,
        144,
        250,
        96,
        87,
        250,
        195,
        22,
        186,
        222,
        65,
        123,
        163,
        11,
        216,
        227,
        2,
        151,
        184,
        77,
        61,
        228,
        46,
        87,
        185,
        39,
        112,
        90,
        21,
        110,
        82,
        219,
        172,
        177,
        204,
        90,
        235,
        157,
        25,
        227,
        248,
        118,
        187,
        36,
        230,
        215,
        70,
        139,
        12,
        139,
        60,
        197,
        221,
        244,
        48,
        59,
        121,
        160,
        156,
        138,
        134,
        60,
        16,
        37,
        26,
        111,
        50,
        133,
        47,
        240,
        19,
        30,
        139,
        75,
        207,
        220,
        135,
        252,
        129,
        187,
        105,
        204,
        53,
        59,
        32,
        221,
        29,
        110,
        178,
        207,
        30,
        247,
        216,
        224,
        6,
        55,
        187,
        196,
        22,
        219,
        109,
        180,
        214,
        229,
        206,
        11,
        196,
        165,
        193,
        181,
        150,
        89,
        105,
        149,
        205,
        246,
        169,
        139,
        93,
        23,
        44,
        187,
        193,
        66,
        55,
        6,
        127,
        55,
        59,
        55,
        162,
        13,
        5,
        156,
        75,
        136,
        137,
        180,
        179,
        157,
        119,
        103,
        6,
        99,
        52,
        115,
        48,
        16,
        151,
        16,
        39,
        50,
        158,
        99,
        9,
        113,
        10,
        227,
        226,
        18,
        52,
        47,
        34,
        91,
        11,
        204,
        114,
        145,
        173,
        81,
        65,
        90,
        237,
        65,
        155,
        173,
        113,
        179,
        221,
        106,
        133,
        75,
        173,
        118,
        179,
        157,
        234,
        66,
        27,
        3,
        195,
        91,
        102,
        105,
        112,
        44,
        178,
        63,
        211,
        236,
        84,
        155,
        157,
        29,
        80,
        196,
        189,
        150,
        24,
        54,
        79,
        42,
        162,
        230,
        227,
        34,
        154,
        216,
        194,
        121,
        153,
        193,
        56,
        158,
        249,
        12,
        114,
        123,
        76,
        194,
        120,
        248,
        124,
        15,
        219,
        48,
        203,
        153,
        110,
        137,
        51,
        172,
        115,
        221,
        109,
        131,
        237,
        106,
        175,
        173,
        174,
        119,
        158,
        149,
        246,
        171,
        135,
        92,
        232,
        27,
        129,
        220,
        215,
        91,
        18,
        151,
        62,
        88,
        237,
        155,
        26,
        184,
        201,
        62,
        203,
        205,
        51,
        71,
        218,
        121,
        48,
        142,
        181,
        213,
        209,
        193,
        25,
        153,
        193,
        56,
        134,
        53,
        116,
        114,
        109,
        10,
        10,
        242,
        45,
        58,
        179,
        205,
        183,
        50,
        160,
        119,
        177,
        201,
        201,
        29,
        14,
        170,
        109,
        110,
        178,
        198,
        86,
        27,
        93,
        235,
        1,
        27,
        44,
        182,
        222,
        242,
        128,
        199,
        246,
        58,
        63,
        46,
        133,
        48,
        96,
        121,
        240,
        87,
        189,
        51,
        34,
        52,
        227,
        55,
        67,
        4,
        232,
        4,
        86,
        211,
        151,
        60,
        124,
        75,
        182,
        204,
        42,
        250,
        249,
        64,
        210,
        18,
        89,
        77,
        158,
        97,
        151,
        219,
        17,
        8,
        197,
        223,
        77,
        100,
        191,
        101,
        214,
        5,
        22,
        102,
        117,
        96,
        100,
        23,
        184,
        196,
        50,
        59,
        53,
        102,
        7,
        74,
        173,
        30,
        22,
        186,
        182,
        184,
        32,
        66,
        51,
        230,
        112,
        73,
        130,
        42,
        71,
        57,
        251,
        184,
        50,
        51,
        24,
        167,
        80,
        66,
        79,
        194,
        221,
        184,
        136,
        89,
        5,
        102,
        57,
        63,
        144,
        226,
        30,
        183,
        89,
        230,
        242,
        24,
        32,
        53,
        46,
        180,
        203,
        62,
        215,
        185,
        222,
        94,
        59,
        173,
        112,
        185,
        115,
        134,
        185,
        179,
        6,
        215,
        197,
        17,
        243,
        253,
        174,
        136,
        104,
        195,
        70,
        62,
        159,
        132,
        85,
        212,
        208,
        159,
        188,
        188,
        150,
        140,
        221,
        86,
        210,
        23,
        77,
        0,
        252,
        93,
        99,
        158,
        195,
        176,
        211,
        173,
        11,
        68,
        97,
        167,
        235,
        45,
        115,
        163,
        179,
        99,
        184,
        83,
        157,
        5,
        54,
        169,
        123,
        44,
        119,
        133,
        37,
        54,
        169,
        171,
        220,
        16,
        71,
        43,
        6,
        92,
        239,
        138,
        152,
        29,
        172,
        138,
        144,
        238,
        238,
        248,
        132,
        230,
        144,
        212,
        232,
        54,
        122,
        185,
        40,
        51,
        24,
        99,
        201,
        69,
        238,
        142,
        59,
        246,
        13,
        218,
        35,
        164,
        187,
        55,
        168,
        52,
        212,
        90,
        102,
        181,
        111,
        219,
        111,
        147,
        51,
        163,
        254,
        98,
        139,
        211,
        124,
        203,
        125,
        234,
        22,
        43,
        130,
        55,
        190,
        205,
        181,
        49,
        193,
        206,
        94,
        91,
        221,
        110,
        109,
        112,
        110,
        139,
        179,
        34,
        218,
        240,
        82,
        210,
        212,
        104,
        68,
        197,
        247,
        176,
        45,
        169,
        152,
        39,
        221,
        141,
        34,
        162,
        57,
        32,
        66,
        220,
        64,
        89,
        158,
        97,
        139,
        3,
        23,
        214,
        105,
        131,
        21,
        86,
        218,
        228,
        193,
        96,
        113,
        11,
        163,
        249,
        166,
        205,
        214,
        186,
        218,
        245,
        246,
        219,
        167,
        86,
        219,
        100,
        155,
        245,
        174,
        113,
        175,
        218,
        106,
        181,
        27,
        44,
        181,
        57,
        48,
        12,
        187,
        92,
        28,
        209,
        6,
        121,
        107,
        132,
        168,
        230,
        116,
        246,
        179,
        35,
        115,
        47,
        254,
        12,
        135,
        115,
        214,
        231,
        146,
        91,
        104,
        150,
        115,
        3,
        193,
        233,
        179,
        217,
        42,
        203,
        173,
        11,
        20,
        252,
        176,
        108,
        23,
        6,
        191,
        55,
        185,
        199,
        14,
        151,
        186,
        51,
        80,
        219,
        213,
        214,
        57,
        203,
        89,
        214,
        184,
        214,
        5,
        54,
        216,
        24,
        156,
        233,
        114,
        165,
        57,
        230,
        74,
        19,
        37,
        200,
        79,
        70,
        40,
        248,
        92,
        67,
        55,
        101,
        201,
        107,
        140,
        201,
        220,
        223,
        84,
        228,
        143,
        140,
        230,
        103,
        24,
        150,
        168,
        108,
        183,
        90,
        99,
        153,
        53,
        65,
        142,
        41,
        54,
        46,
        126,
        61,
        90,
        27,
        234,
        85,
        171,
        45,
        139,
        38,
        9,
        246,
        184,
        212,
        74,
        247,
        90,
        239,
        96,
        52,
        158,
        168,
        17,
        195,
        50,
        192,
        147,
        132,
        88,
        65,
        76,
        54,
        54,
        201,
        124,
        12,
        249,
        235,
        225,
        84,
        103,
        250,
        187,
        49,
        9,
        89,
        207,
        246,
        92,
        115,
        92,
        29,
        93,
        208,
        94,
        215,
        89,
        233,
        142,
        33,
        190,
        98,
        159,
        155,
        172,
        180,
        34,
        46,
        73,
        211,
        101,
        177,
        91,
        131,
        235,
        90,
        44,
        142,
        203,
        12,
        110,
        245,
        245,
        8,
        205,
        200,
        226,
        108,
        66,
        92,
        195,
        0,
        219,
        18,
        190,
        231,
        216,
        194,
        207,
        159,
        145,
        111,
        101,
        186,
        27,
        33,
        110,
        194,
        124,
        179,
        124,
        51,
        32,
        221,
        135,
        227,
        183,
        150,
        33,
        137,
        152,
        110,
        27,
        173,
        176,
        194,
        134,
        232,
        241,
        182,
        32,
        133,
        179,
        197,
        82,
        15,
        56,
        104,
        135,
        75,
        98,
        130,
        211,
        246,
        195,
        164,
        251,
        173,
        192,
        156,
        159,
        192,
        50,
        140,
        139,
        44,
        63,
        199,
        189,
        92,
        206,
        249,
        124,
        133,
        71,
        163,
        46,
        240,
        120,
        102,
        35,
        159,
        205,
        76,
        55,
        206,
        224,
        213,
        8,
        233,
        110,
        26,
        22,
        129,
        105,
        95,
        212,
        255,
        30,
        114,
        135,
        235,
        44,
        119,
        83,
        52,
        218,
        142,
        4,
        56,
        203,
        2,
        209,
        42,
        181,
        206,
        30,
        87,
        5,
        230,
        57,
        226,
        18,
        115,
        205,
        145,
        157,
        220,
        31,
        125,
        214,
        221,
        72,
        83,
        156,
        63,
        184,
        10,
        89,
        78,
        9,
        141,
        228,
        196,
        16,
        159,
        221,
        236,
        226,
        252,
        76,
        96,
        60,
        78,
        95,
        182,
        133,
        9,
        188,
        172,
        129,
        195,
        43,
        114,
        159,
        186,
        219,
        13,
        150,
        185,
        222,
        214,
        33,
        215,
        237,
        115,
        113,
        0,
        107,
        167,
        75,
        221,
        229,
        230,
        224,
        124,
        237,
        97,
        210,
        253,
        116,
        12,
        189,
        156,
        72,
        9,
        70,
        82,
        52,
        49,
        222,
        169,
        26,
        25,
        68,
        138,
        162,
        181,
        173,
        107,
        145,
        37,
        169,
        140,
        64,
        252,
        207,
        123,
        168,
        207,
        53,
        219,
        183,
        162,
        236,
        51,
        209,
        88,
        227,
        50,
        183,
        90,
        110,
        149,
        205,
        81,
        111,
        17,
        127,
        190,
        57,
        112,
        143,
        53,
        129,
        119,
        223,
        238,
        27,
        17,
        109,
        152,
        198,
        7,
        227,
        158,
        247,
        103,
        6,
        41,
        230,
        132,
        184,
        99,
        143,
        208,
        19,
        4,
        105,
        141,
        252,
        52,
        72,
        156,
        190,
        140,
        67,
        170,
        142,
        73,
        97,
        92,
        30,
        41,
        168,
        47,
        12,
        12,
        98,
        242,
        209,
        229,
        116,
        75,
        109,
        136,
        246,
        14,
        56,
        164,
        0,
        255,
        122,
        212,
        155,
        28,
        206,
        120,
        132,
        205,
        147,
        42,
        110,
        142,
        123,
        244,
        137,
        60,
        137,
        236,
        27,
        98,
        163,
        110,
        102,
        67,
        176,
        23,
        131,
        72,
        3,
        87,
        51,
        142,
        51,
        105,
        99,
        128,
        43,
        70,
        134,
        113,
        34,
        47,
        68,
        72,
        247,
        230,
        180,
        210,
        93,
        155,
        157,
        150,
        36,
        151,
        183,
        209,
        55,
        99,
        10,
        47,
        125,
        86,
        152,
        103,
        182,
        116,
        12,
        75,
        1,
        29,
        207,
        119,
        232,
        165,
        139,
        127,
        29,
        214,
        200,
        113,
        27,
        15,
        82,
        135,
        108,
        231,
        33,
        174,
        226,
        92,
        66,
        124,
        129,
        1,
        42,
        147,
        86,
        88,
        162,
        48,
        166,
        178,
        63,
        49,
        233,
        78,
        94,
        66,
        156,
        151,
        0,
        240,
        86,
        75,
        92,
        109,
        75,
        148,
        242,
        69,
        73,
        247,
        239,
        134,
        45,
        225,
        56,
        158,
        167,
        143,
        157,
        124,
        57,
        33,
        17,
        10,
        49,
        133,
        22,
        126,
        20,
        237,
        129,
        200,
        75,
        109,
        108,
        35,
        48,
        230,
        34,
        150,
        198,
        249,
        228,
        145,
        199,
        14,
        167,
        199,
        153,
        222,
        221,
        174,
        116,
        133,
        77,
        118,
        6,
        218,
        16,
        37,
        221,
        115,
        135,
        247,
        119,
        112,
        27,
        27,
        145,
        54,
        190,
        26,
        87,
        158,
        142,
        47,
        197,
        61,
        17,
        77,
        228,
        124,
        128,
        189,
        244,
        167,
        232,
        109,
        8,
        96,
        60,
        76,
        95,
        254,
        17,
        164,
        228,
        139,
        131,
        84,
        153,
        118,
        89,
        105,
        177,
        181,
        118,
        4,
        187,
        121,
        192,
        82,
        179,
        205,
        147,
        58,
        110,
        28,
        18,
        47,
        158,
        205,
        117,
        145,
        215,
        198,
        170,
        148,
        65,
        89,
        236,
        222,
        228,
        32,
        127,
        25,
        185,
        215,
        112,
        28,
        203,
        114,
        173,
        206,
        24,
        198,
        94,
        177,
        217,
        94,
        235,
        45,
        182,
        210,
        182,
        192,
        102,
        245,
        187,
        206,
        2,
        179,
        35,
        77,
        46,
        31,
        224,
        124,
        198,
        115,
        21,
        199,
        50,
        153,
        211,
        120,
        132,
        159,
        179,
        40,
        200,
        118,
        125,
        39,
        237,
        250,
        213,
        101,
        244,
        208,
        205,
        229,
        233,
        180,
        76,
        78,
        202,
        239,
        38,
        38,
        5,
        150,
        238,
        168,
        177,
        204,
        25,
        174,
        117,
        135,
        7,
        3,
        223,
        208,
        232,
        236,
        136,
        54,
        148,
        35,
        251,
        105,
        167,
        130,
        221,
        148,
        178,
        150,
        13,
        236,
        15,
        170,
        127,
        107,
        249,
        37,
        167,
        166,
        13,
        226,
        24,
        94,
        65,
        94,
        78,
        175,
        243,
        115,
        108,
        209,
        95,
        178,
        45,
        205,
        24,
        70,
        175,
        173,
        182,
        217,
        19,
        104,
        195,
        110,
        23,
        71,
        104,
        70,
        49,
        31,
        231,
        38,
        166,
        176,
        136,
        149,
        212,
        210,
        195,
        86,
        250,
        169,
        163,
        138,
        229,
        124,
        147,
        41,
        92,
        144,
        81,
        229,
        252,
        46,
        246,
        211,
        156,
        60,
        31,
        50,
        212,
        224,
        158,
        89,
        176,
        39,
        28,
        77,
        210,
        100,
        62,
        186,
        93,
        21,
        33,
        221,
        205,
        220,
        27,
        243,
        207,
        175,
        228,
        12,
        110,
        225,
        34,
        238,
        224,
        116,
        62,
        22,
        116,
        130,
        102,
        50,
        207,
        99,
        29,
        242,
        253,
        76,
        250,
        112,
        31,
        203,
        117,
        225,
        17,
        130,
        216,
        16,
        33,
        221,
        242,
        147,
        140,
        251,
        20,
        198,
        165,
        60,
        251,
        7,
        228,
        245,
        204,
        218,
        137,
        223,
        85,
        88,
        255,
        90,
        80,
        230,
        205,
        100,
        108,
        59,
        76,
        186,
        179,
        211,
        236,
        166,
        141,
        39,
        226,
        111,
        112,
        90,
        210,
        179,
        83,
        57,
        68,
        79,
        90,
        221,
        140,
        113,
        100,
        228,
        158,
        188,
        222,
        89,
        105,
        247,
        208,
        28,
        14,
        135,
        178,
        204,
        151,
        85,
        92,
        159,
        49,
        132,
        11,
        25,
        199,
        115,
        116,
        198,
        165,
        212,
        226,
        91,
        98,
        90,
        232,
        228,
        190,
        204,
        155,
        187,
        199,
        49,
        63,
        108,
        101,
        218,
        234,
        93,
        22,
        33,
        221,
        187,
        248,
        218,
        16,
        146,
        145,
        206,
        99,
        175,
        227,
        45,
        102,
        32,
        131,
        44,
        225,
        139,
        76,
        28,
        34,
        92,
        163,
        153,
        204,
        78,
        228,
        215,
        41,
        91,
        140,
        147,
        50,
        220,
        43,
        242,
        59,
        243,
        211,
        170,
        135,
        214,
        58,
        61,
        162,
        13,
        207,
        14,
        107,
        186,
        251,
        122,
        84,
        37,
        79,
        73,
        241,
        216,
        143,
        178,
        52,
        96,
        177,
        3,
        108,
        167,
        110,
        136,
        242,
        159,
        195,
        202,
        17,
        26,
        205,
        82,
        194,
        24,
        83,
        244,
        66,
        78,
        16,
        244,
        164,
        162,
        33,
        243,
        34,
        52,
        99,
        6,
        31,
        74,
        240,
        15,
        255,
        143,
        1,
        158,
        229,
        223,
        200,
        27,
        193,
        180,
        222,
        17,
        237,
        139,
        219,
        205,
        77,
        113,
        221,
        210,
        159,
        96,
        61,
        50,
        109,
        132,
        38,
        179,
        148,
        241,
        198,
        169,
        133,
        187,
        178,
        134,
        116,
        190,
        14,
        45,
        168,
        135,
        205,
        147,
        150,
        104,
        182,
        125,
        168,
        210,
        150,
        6,
        141,
        46,
        219,
        83,
        51,
        82,
        46,
        98,
        48,
        248,
        16,
        226,
        103,
        113,
        137,
        165,
        187,
        105,
        64,
        22,
        166,
        138,
        244,
        210,
        137,
        254,
        166,
        230,
        14,
        204,
        79,
        216,
        47,
        16,
        45,
        168,
        247,
        32,
        207,
        36,
        108,
        141,
        159,
        194,
        180,
        104,
        227,
        112,
        222,
        136,
        173,
        102,
        7,
        120,
        153,
        74,
        140,
        234,
        214,
        40,
        142,
        231,
        107,
        52,
        114,
        136,
        87,
        210,
        232,
        238,
        29,
        1,
        198,
        113,
        84,
        191,
        22,
        141,
        158,
        99,
        35,
        140,
        160,
        160,
        254,
        2,
        143,
        82,
        70,
        63,
        211,
        185,
        121,
        136,
        58,
        143,
        226,
        17,
        182,
        50,
        16,
        192,
        152,
        153,
        242,
        123,
        153,
        209,
        92,
        205,
        153,
        156,
        204,
        57,
        252,
        156,
        239,
        69,
        155,
        192,
        159,
        167,
        135,
        3,
        60,
        155,
        50,
        123,
        152,
        118,
        44,
        126,
        107,
        222,
        193,
        120,
        18,
        190,
        211,
        133,
        17,
        109,
        152,
        207,
        229,
        132,
        120,
        15,
        159,
        97,
        13,
        210,
        194,
        247,
        135,
        244,
        147,
        156,
        192,
        13,
        172,
        160,
        47,
        104,
        161,
        124,
        36,
        237,
        230,
        165,
        72,
        173,
        177,
        22,
        217,
        205,
        212,
        148,
        166,
        33,
        3,
        24,
        99,
        153,
        30,
        142,
        230,
        92,
        35,
        164,
        59,
        87,
        234,
        185,
        43,
        206,
        170,
        63,
        131,
        72,
        41,
        55,
        114,
        65,
        156,
        69,
        153,
        138,
        172,
        224,
        139,
        252,
        144,
        171,
        211,
        254,
        36,
        235,
        2,
        166,
        33,
        82,
        194,
        117,
        71,
        243,
        163,
        160,
        11,
        11,
        246,
        231,
        186,
        39,
        40,
        168,
        103,
        75,
        95,
        194,
        78,
        195,
        169,
        44,
        66,
        14,
        178,
        136,
        201,
        76,
        140,
        138,
        208,
        135,
        41,
        28,
        146,
        34,
        72,
        37,
        90,
        39,
        113,
        33,
        207,
        35,
        210,
        199,
        119,
        143,
        246,
        183,
        77,
        99,
        138,
        126,
        145,
        99,
        201,
        225,
        130,
        250,
        171,
        73,
        75,
        85,
        239,
        229,
        41,
        42,
        145,
        3,
        192,
        227,
        220,
        194,
        24,
        66,
        28,
        147,
        182,
        80,
        92,
        193,
        93,
        188,
        24,
        180,
        239,
        37,
        127,
        198,
        63,
        244,
        137,
        214,
        73,
        133,
        59,
        242,
        204,
        151,
        101,
        201,
        11,
        234,
        193,
        252,
        8,
        79,
        177,
        158,
        78,
        6,
        233,
        160,
        136,
        47,
        113,
        1,
        103,
        17,
        74,
        106,
        243,
        199,
        16,
        226,
        28,
        38,
        112,
        3,
        127,
        164,
        132,
        125,
        200,
        78,
        114,
        248,
        216,
        59,
        247,
        165,
        217,
        87,
        217,
        158,
        48,
        224,
        79,
        156,
        239,
        189,
        143,
        87,
        104,
        103,
        16,
        169,
        98,
        30,
        97,
        126,
        192,
        195,
        156,
        197,
        149,
        76,
        228,
        2,
        78,
        227,
        28,
        206,
        224,
        58,
        206,
        226,
        94,
        254,
        133,
        151,
        41,
        96,
        53,
        34,
        251,
        153,
        207,
        83,
        67,
        194,
        220,
        163,
        14,
        227,
        152,
        140,
        62,
        48,
        28,
        197,
        169,
        92,
        206,
        247,
        41,
        160,
        42,
        218,
        152,
        177,
        151,
        50,
        246,
        82,
        204,
        90,
        22,
        82,
        207,
        70,
        118,
        211,
        193,
        32,
        34,
        13,
        84,
        241,
        12,
        31,
        231,
        146,
        163,
        247,
        93,
        230,
        209,
        251,
        18,
        114,
        12,
        33,
        78,
        225,
        106,
        62,
        205,
        255,
        240,
        43,
        94,
        167,
        158,
        117,
        116,
        209,
        132,
        108,
        163,
        159,
        50,
        182,
        176,
        136,
        63,
        243,
        18,
        147,
        249,
        44,
        19,
        18,
        246,
        35,
        254,
        19,
        125,
        76,
        122,
        56,
        153,
        29,
        226,
        10,
        38,
        242,
        73,
        38,
        113,
        3,
        215,
        112,
        13,
        19,
        184,
        114,
        72,
        170,
        255,
        168,
        206,
        255,
        7,
        147,
        77,
        22,
        22,
        110,
        190,
        195,
        165,
        0,
        0,
        0,
        0,
        73,
        69,
        78,
        68,
        174,
        66,
        96,
        130
      ]
    },
    "stat": {
      "dev": 16777220,
      "mode": 33188,
      "nlink": 1,
      "uid": 501,
      "gid": 20,
      "rdev": 0,
      "blksize": 4194304,
      "ino": 2088845,
      "size": 7416,
      "blocks": 16,
      "atime": "2018-04-17T07:59:11.798Z",
      "mtime": "2018-03-22T08:50:41.055Z",
      "ctime": "2018-03-22T08:50:41.055Z",
      "birthtime": "2018-03-22T08:50:41.055Z"
    },
    "history": [
      "/Users/jiangheng/Desktop/work-code/xxd-h5/src/mods/redpacket_list/imgs/used_icon@2x.png"
    ],
    "path": "/Users/jiangheng/Desktop/work-code/xxd-h5/src/mods/redpacket_list/imgs/used_icon@2x.png",
    "gulpCache$filePathChangedInsideTask": false,
    "gulpCache$fileBaseChangedInsideTask": false,
    "gulpCache$originalPath": "/Users/jiangheng/Desktop/work-code/xxd-h5/src/mods/redpacket_list/imgs/used_icon@2x.png",
    "gulpCache$originalBase": "/Users/jiangheng/Desktop/work-code/xxd-h5/src/mods/"
  }
]