[
  {
    "cwd": "/Users/jiangheng/Desktop/work-code/xxd-h5",
    "base": "/Users/jiangheng/Desktop/work-code/xxd-h5/src/mods/",
    "contents": {
      "type": "Buffer",
      "data": [
        137,
        80,
        78,
        71,
        13,
        10,
        26,
        10,
        0,
        0,
        0,
        13,
        73,
        72,
        68,
        82,
        0,
        0,
        0,
        26,
        0,
        0,
        0,
        27,
        8,
        6,
        0,
        0,
        0,
        98,
        22,
        159,
        107,
        0,
        0,
        2,
        117,
        73,
        68,
        65,
        84,
        72,
        137,
        173,
        150,
        77,
        136,
        141,
        81,
        24,
        199,
        127,
        115,
        125,
        76,
        19,
        6,
        145,
        144,
        80,
        74,
        198,
        206,
        48,
        162,
        40,
        11,
        52,
        10,
        37,
        20,
        82,
        162,
        217,
        250,
        138,
        154,
        13,
        89,
        176,
        192,
        2,
        43,
        177,
        144,
        175,
        132,
        133,
        148,
        162,
        72,
        22,
        62,
        178,
        80,
        136,
        72,
        249,
        200,
        71,
        163,
        16,
        19,
        83,
        8,
        51,
        63,
        139,
        251,
        188,
        205,
        113,
        221,
        185,
        115,
        111,
        115,
        159,
        122,
        122,
        207,
        249,
        63,
        231,
        252,
        255,
        231,
        60,
        231,
        227,
        61,
        53,
        42,
        21,
        216,
        72,
        96,
        112,
        148,
        191,
        1,
        95,
        202,
        237,
        216,
        191,
        151,
        248,
        88,
        96,
        53,
        208,
        12,
        204,
        4,
        234,
        11,
        226,
        237,
        192,
        61,
        224,
        50,
        112,
        14,
        248,
        216,
        35,
        147,
        90,
        204,
        199,
        169,
        39,
        212,
        223,
        118,
        91,
        167,
        250,
        86,
        125,
        24,
        254,
        78,
        237,
        74,
        226,
        191,
        212,
        163,
        234,
        232,
        98,
        156,
        197,
        68,
        214,
        170,
        223,
        162,
        243,
        15,
        245,
        184,
        186,
        72,
        29,
        92,
        164,
        109,
        189,
        186,
        68,
        61,
        29,
        66,
        170,
        237,
        234,
        138,
        222,
        132,
        246,
        36,
        35,
        60,
        169,
        142,
        233,
        97,
        198,
        197,
        124,
        188,
        122,
        46,
        233,
        223,
        218,
        147,
        208,
        214,
        36,
        5,
        171,
        42,
        16,
        40,
        244,
        150,
        36,
        229,
        45,
        133,
        66,
        211,
        35,
        216,
        169,
        46,
        238,
        131,
        72,
        230,
        43,
        67,
        232,
        167,
        58,
        53,
        21,
        186,
        21,
        129,
        221,
        85,
        16,
        201,
        252,
        64,
        112,
        94,
        201,
        132,
        154,
        2,
        104,
        83,
        235,
        170,
        40,
        52,
        68,
        253,
        28,
        220,
        13,
        57,
        96,
        121,
        236,
        244,
        99,
        192,
        143,
        114,
        15,
        96,
        25,
        214,
        1,
        156,
        138,
        242,
        138,
        28,
        48,
        43,
        42,
        87,
        147,
        70,
        53,
        192,
        46,
        224,
        58,
        176,
        33,
        193,
        39,
        144,
        63,
        152,
        23,
        129,
        134,
        4,
        95,
        8,
        92,
        0,
        118,
        0,
        253,
        18,
        60,
        227,
        108,
        66,
        125,
        30,
        211,
        27,
        149,
        76,
        123,
        153,
        255,
        218,
        228,
        192,
        47,
        38,
        216,
        157,
        192,
        134,
        199,
        162,
        103,
        182,
        46,
        225,
        153,
        20,
        216,
        253,
        92,
        140,
        30,
        160,
        43,
        25,
        201,
        160,
        130,
        52,
        212,
        197,
        119,
        72,
        130,
        101,
        119,
        94,
        61,
        80,
        155,
        224,
        163,
        146,
        114,
        103,
        124,
        115,
        168,
        119,
        67,
        181,
        49,
        25,
        73,
        173,
        122,
        94,
        125,
        175,
        238,
        77,
        240,
        25,
        234,
        99,
        245,
        153,
        58,
        47,
        193,
        119,
        171,
        29,
        234,
        77,
        117,
        68,
        130,
        207,
        13,
        238,
        107,
        168,
        135,
        163,
        178,
        173,
        138,
        59,
        46,
        243,
        157,
        193,
        189,
        31,
        181,
        57,
        42,
        79,
        212,
        154,
        42,
        138,
        244,
        87,
        95,
        6,
        247,
        28,
        212,
        92,
        164,
        66,
        117,
        125,
        21,
        133,
        54,
        6,
        231,
        67,
        147,
        155,
        97,
        105,
        128,
        29,
        198,
        149,
        209,
        71,
        111,
        84,
        191,
        7,
        231,
        252,
        84,
        8,
        245,
        72,
        4,
        62,
        170,
        211,
        250,
        32,
        210,
        164,
        126,
        10,
        174,
        131,
        25,
        158,
        54,
        24,
        168,
        94,
        138,
        6,
        223,
        77,
        110,
        222,
        10,
        214,
        100,
        187,
        221,
        103,
        234,
        140,
        218,
        175,
        152,
        80,
        214,
        248,
        80,
        52,
        124,
        93,
        166,
        192,
        24,
        117,
        179,
        250,
        194,
        110,
        219,
        151,
        138,
        168,
        212,
        232,
        127,
        143,
        147,
        97,
        228,
        223,
        2,
        111,
        128,
        137,
        192,
        0,
        96,
        43,
        176,
        6,
        104,
        3,
        62,
        0,
        127,
        200,
        63,
        84,
        26,
        128,
        41,
        73,
        223,
        7,
        192,
        38,
        224,
        118,
        33,
        105,
        177,
        17,
        14,
        75,
        102,
        52,
        79,
        125,
        106,
        105,
        251,
        108,
        254,
        87,
        190,
        192,
        18,
        199,
        163,
        212,
        140,
        186,
        128,
        92,
        96,
        143,
        128,
        214,
        40,
        15,
        5,
        4,
        190,
        2,
        47,
        128,
        87,
        81,
        47,
        109,
        37,
        102,
        164,
        249,
        71,
        202,
        150,
        88,
        187,
        62,
        109,
        249,
        82,
        66,
        103,
        173,
        236,
        113,
        82,
        210,
        139,
        165,
        174,
        14,
        152,
        13,
        220,
        232,
        53,
        29,
        21,
        216,
        95,
        218,
        252,
        113,
        95,
        167,
        253,
        97,
        182,
        0,
        0,
        0,
        0,
        73,
        69,
        78,
        68,
        174,
        66,
        96,
        130
      ]
    },
    "stat": {
      "dev": 16777220,
      "mode": 33188,
      "nlink": 1,
      "uid": 501,
      "gid": 20,
      "rdev": 0,
      "blksize": 4194304,
      "ino": 2088704,
      "size": 686,
      "blocks": 8,
      "atime": "2018-04-17T07:59:11.791Z",
      "mtime": "2018-03-22T08:50:41.021Z",
      "ctime": "2018-03-22T08:50:41.021Z",
      "birthtime": "2018-03-22T08:50:41.021Z"
    },
    "history": [
      "/Users/jiangheng/Desktop/work-code/xxd-h5/src/mods/mypurse/imgs/message_icon.png"
    ],
    "path": "/Users/jiangheng/Desktop/work-code/xxd-h5/src/mods/mypurse/imgs/message_icon.png",
    "gulpCache$filePathChangedInsideTask": false,
    "gulpCache$fileBaseChangedInsideTask": false,
    "gulpCache$originalPath": "/Users/jiangheng/Desktop/work-code/xxd-h5/src/mods/mypurse/imgs/message_icon.png",
    "gulpCache$originalBase": "/Users/jiangheng/Desktop/work-code/xxd-h5/src/mods/"
  }
]